151 97 0
150.318 97.6209 1
149.583 98.1537 2
149 98.3246 3
148.567 98.4285 4
148.165 98.8668 5
147.846 99.498 6
147.64 99.9658 7
147.416 100.108 8
147.056 100.221 9
146.583 100.604 10
145.877 101.277 11
145.075 101.814 12
144.429 101.956 13
143.933 102.073 14
143.5 102.523 15
143.123 103.23 16
142.869 103.775 17
142.642 104.009 18
142.262 104.105 19
141.786 104.437 20
141.128 105.117 21
140.399 105.704 22
139.768 105.938 23
139.377 106.027 24
139.008 106.41 25
138.654 107.133 26
138.456 107.638 27
138.281 107.825 28
137.923 107.919 29
137.495 108.253 30
136.857 108.924 31
136.131 109.565 32
135.515 109.808 33
135.062 109.906 34
134.691 110.256 35
134.386 110.978 36
134.187 111.546 37
134.089 111.727 38
133.849 111.826 39
133.465 112.102 40
132.879 112.729 41
132.219 113.448 42
131.628 113.746 43
131.235 113.838 44
130.892 114.136 45
-------------
151 100 0
150.319 100.626 1
149.584 101.162 2
149.001 101.333 3
148.566 101.436 4
148.156 101.898 5
147.84 102.532 6
147.608 103.013 7
147.349 103.169 8
146.972 103.288 9
146.502 103.676 10
145.802 104.361 11
145.001 104.899 12
144.355 105.04 13
143.856 105.154 14
143.418 105.607 15
143.043 106.317 16
142.783 106.871 17
142.506 107.151 18
142.11 107.249 19
141.641 107.598 20
140.98 108.312 21
140.223 108.938 22
139.59 109.177 23
139.169 109.265 24
138.782 109.677 25
138.434 110.443 26
138.234 110.988 27
138.03 111.197 28
137.667 111.293 29
137.241 111.636 30
136.615 112.345 31
135.888 112.991 32
135.241 113.245 33
134.778 113.334 34
134.395 113.708 35
134.081 114.484 36
133.886 115.123 37
133.755 115.357 38
133.508 115.466 39
133.139 115.755 40
132.591 116.469 41
131.925 117.192 42
131.291 117.517 43
130.86 117.61 44
130.506 117.948 45
130.185 118.714 46
130.057 119.49 47
130.022 119.931 48
129.81 120.156 49
129.475 120.378 50
128.981 120.982 51
128.302 121.802 52
127.608 122.253 53
127.213 122.35 54
126.886 122.657 55
126.611 123.397 56
-------------
154 100 0
153.32 100.626 1
152.589 101.164 2
152.008 101.334 3
151.577 101.451 4
151.172 101.915 5
150.855 102.55 6
150.615 103.039 7
150.363 103.203 8
149.996 103.317 9
149.527 103.703 10
148.831 104.388 11
148.029 104.925 12
147.384 105.065 13
146.89 105.18 14
146.454 105.634 15
146.078 106.345 16
145.81 106.9 17
145.532 107.186 18
145.153 107.284 19
144.689 107.633 20
144.028 108.35 21
143.276 108.977 22
142.646 109.215 23
142.265 109.301 24
141.878 109.716 25
141.521 110.472 26
-------------
148 103 0
147.346 103.555 1
146.612 104.09 2
146.032 104.262 3
145.597 104.363 4
145.191 104.826 5
144.885 105.454 6
144.632 105.933 7
144.362 106.09 8
143.969 106.208 9
143.508 106.581 10
142.81 107.247 11
142.015 107.787 12
141.373 107.93 13
140.873 108.04 14
140.435 108.494 15
140.07 109.201 16
139.758 109.772 17
139.458 110.076 18
139.053 110.184 19
138.586 110.533 20
137.925 111.255 21
137.157 111.898 22
136.526 112.148 23
136.093 112.232 24
135.704 112.647 25
135.366 113.433 26
135.157 113.987 27
134.926 114.203 28
134.559 114.302 29
134.134 114.648 30
133.529 115.384 31
132.802 116.032 32
132.152 116.289 33
131.69 116.378 34
131.302 116.754 35
130.991 117.541 36
130.764 118.211 37
130.596 118.472 38
130.312 118.614 39
129.949 118.914 40
129.411 119.661 41
128.752 120.408 42
128.12 120.743 43
127.688 120.837 44
127.333 121.175 45
127.012 121.988 46
126.887 122.765 47
126.764 123.262 48
126.518 123.507 49
126.176 123.746 50
125.699 124.383 51
125.02 125.224 52
124.327 125.678 53
123.894 125.813 54
123.559 126.125 55
123.292 126.907 56
123.174 127.83 57
123.188 128.37 58
123.079 128.686 59
122.888 128.933 60
122.567 129.62 61
122.078 130.533 62
121.604 131.095 63
121.283 131.29 64
121.155 131.548 65
121.075 132.267 66
121.19 133.29 67
121.388 133.849 68
121.549 134.179 69
121.535 134.426 70
121.369 135.084 71
121 136.077 72
120.606 136.67 73
120.383 136.826 74
120.352 137.121 75
120.476 137.991 76
120.815 139.026 77
121.25 139.608 78
121.57 139.918 79
121.638 140.177 80
121.576 140.996 81
121.302 142.012 82
121.01 142.596 83
120.902 142.739 84
120.962 143.098 85
121.116 144.108 86
121.47 145.207 87
121.888 145.661 88
122.14 145.903 89
122.195 146.253 90
122.024 147.124 91
121.749 148.14 92
121.443 148.721 93
121.396 148.854 94
121.473 149.265 95
121.664 150.267 96
122.045 151.15 97
122.558 151.632 98
122.898 151.812 99
123.024 152.126 100
123.014 152.641 101
122.834 153.284 102
122.779 153.484 103
122.823 153.554 104
122.914 153.68 105
123.067 154.111 106
123.074 154.125 107
123.073 154.137 108
123.077 154.148 109
123.079 154.136 110
123.078 154.131 111
-------------
151 103 0
150.321 103.627 1
149.587 104.164 2
149.006 104.335 3
148.57 104.437 4
148.162 104.907 5
147.848 105.541 6
147.569 106.027 7
147.3 106.188 8
146.883 106.322 9
146.417 106.713 10
145.718 107.4 11
144.922 107.941 12
144.278 108.083 13
143.778 108.195 14
143.34 108.65 15
142.966 109.36 16
142.638 109.938 17
142.338 110.244 18
141.929 110.351 19
141.464 110.703 20
140.806 111.434 21
140.048 112.085 22
139.419 112.335 23
138.99 112.422 24
138.603 112.841 25
138.262 113.629 26
138.044 114.184 27
137.818 114.4 28
137.452 114.497 29
137.029 114.845 30
136.428 115.579 31
135.704 116.23 32
135.057 116.488 33
134.596 116.576 34
134.21 116.953 35
133.897 117.74 36
133.668 118.415 37
133.503 118.683 38
133.238 118.833 39
132.876 119.133 40
132.352 119.88 41
131.71 120.641 42
131.081 120.979 43
130.654 121.074 44
130.301 121.415 45
129.983 122.234 46
129.845 123.025 47
129.729 123.536 48
129.497 123.795 49
129.161 124.037 50
128.709 124.692 51
128.05 125.544 52
127.359 126 53
126.927 126.133 54
126.597 126.448 55
126.326 127.227 56
126.206 128.153 57
126.209 128.704 58
126.095 129.027 59
125.909 129.273 60
125.597 129.959 61
125.132 130.84 62
124.658 131.397 63
124.365 131.573 64
124.238 131.833 65
124.143 132.544 66
124.216 133.574 67
124.412 134.138 68
124.576 134.467 69
124.57 134.689 70
124.436 135.34 71
124.093 136.315 72
123.704 136.91 73
123.509 137.052 74
123.478 137.348 75
123.571 138.238 76
123.908 139.277 77
124.335 139.868 78
124.65 140.192 79
124.724 140.435 80
124.717 141.188 81
124.456 142.204 82
124.164 142.785 83
124.069 142.907 84
124.129 143.266 85
124.275 144.269 86
124.627 145.367 87
125.044 145.813 88
125.297 146.05 89
125.362 146.389 90
125.233 147.209 91
124.993 148.205 92
124.717 148.769 93
124.684 148.879 94
124.772 149.269 95
124.978 150.244 96
125.355 151.103 97
125.86 151.579 98
126.198 151.756 99
126.317 152.061 100
126.291 152.564 101
126.104 153.201 102
126.042 153.395 103
126.079 153.452 104
126.149 153.568 105
126.251 153.994 106
126.257 154.009 107
126.255 154.02 108
126.259 154.033 109
126.261 154.022 110
126.259 154.017 111
-------------
154 103 0
153.324 103.628 1
152.598 104.168 2
152.018 104.339 3
151.59 104.463 4
151.184 104.934 5
150.868 105.568 6
150.593 106.055 7
150.334 106.225 8
149.935 106.362 9
149.473 106.755 10
148.778 107.442 11
147.981 107.984 12
147.34 108.127 13
146.844 108.243 14
146.407 108.7 15
146.031 109.411 16
145.702 109.985 17
145.403 110.295 18
145.007 110.415 19
144.545 110.768 20
143.888 111.504 21
143.13 112.155 22
142.502 112.404 23
142.09 112.498 24
141.702 112.918 25
141.349 113.7 26
141.121 114.253 27
140.899 114.47 28
140.541 114.57 29
140.123 114.916 30
139.522 115.639 31
138.798 116.288 32
138.151 116.544 33
137.694 116.633 34
137.309 117.009 35
136.99 117.791 36
136.749 118.46 37
136.586 118.721 38
136.349 118.853 39
135.988 119.151 40
135.468 119.876 41
134.812 120.617 42
134.185 120.951 43
133.792 121.035 44
133.439 121.374 45
133.12 122.159 46
132.95 122.902 47
132.822 123.359 48
-------------
151 106 0
150.339 106.644 1
149.613 107.184 2
149.036 107.353 3
148.595 107.444 4
148.188 107.919 5
147.877 108.551 6
147.591 109.035 7
147.324 109.204 8
146.887 109.361 9
146.426 109.754 10
145.757 110.485 11
144.965 111.026 12
144.326 111.167 13
143.825 111.274 14
143.387 111.731 15
143.016 112.438 16
142.663 113.018 17
142.361 113.328 18
141.946 113.461 19
141.484 113.815 20
140.831 114.553 21
140.074 115.205 22
139.446 115.456 23
139.007 115.533 24
138.621 115.952 25
138.283 116.738 26
138.045 117.286 27
137.815 117.506 28
137.448 117.622 29
137.029 117.971 30
136.442 118.71 31
135.719 119.36 32
135.072 119.619 33
134.613 119.707 34
134.227 120.083 35
133.915 120.871 36
133.672 121.544 37
133.491 121.815 38
133.211 121.993 39
132.85 122.291 40
132.335 123.043 41
131.707 123.809 42
131.081 124.147 43
130.657 124.245 44
130.306 124.586 45
129.99 125.41 46
129.794 126.207 47
129.646 126.716 48
129.408 126.984 49
129.071 127.225 50
128.63 127.886 51
128.009 128.742 52
127.325 129.2 53
126.896 129.339 54
126.566 129.654 55
126.305 130.461 56
126.178 131.391 57
126.131 131.949 58
126.003 132.281 59
125.819 132.526 60
125.54 133.249 61
125.119 134.191 62
124.686 134.765 63
124.42 134.97 64
124.294 135.23 65
124.22 135.961 66
124.301 136.978 67
124.484 137.553 68
124.618 137.896 69
124.603 138.143 70
124.49 138.808 71
124.207 139.817 72
123.875 140.438 73
123.69 140.596 74
123.675 140.884 75
123.768 141.808 76
124.087 142.849 77
124.483 143.489 78
124.774 143.842 79
124.849 144.089 80
124.861 144.968 81
124.626 145.995 82
124.357 146.596 83
124.276 146.754 84
124.342 147.118 85
124.5 148.145 86
124.854 149.251 87
125.244 149.729 88
125.477 149.972 89
125.562 150.306 90
125.5 151.163 91
125.27 152.172 92
124.97 152.757 93
124.933 152.885 94
125.008 153.294 95
125.199 154.292 96
125.592 155.16 97
126.105 155.636 98
126.445 155.815 99
126.573 156.126 100
126.558 156.584 101
-------------
154 106 0
153.337 106.638 1
152.612 107.179 2
152.034 107.35 3
151.577 107.45 4
151.168 107.924 5
150.852 108.557 6
150.566 109.039 7
150.305 109.21 8
149.876 109.375 9
149.418 109.768 10
148.744 110.486 11
147.951 111.028 12
147.311 111.172 13
146.809 111.28 14
146.371 111.737 15
145.994 112.443 16
145.651 113.018 17
145.351 113.33 18
144.947 113.47 19
144.487 113.823 20
143.835 114.56 21
143.079 115.213 22
142.451 115.464 23
142.028 115.555 24
141.641 115.975 25
141.297 116.755 26
141.057 117.3 27
140.831 117.522 28
140.48 117.636 29
140.062 117.984 30
139.483 118.713 31
138.76 119.364 32
138.114 119.62 33
137.656 119.709 34
137.273 120.087 35
136.947 120.854 36
136.702 121.528 37
136.524 121.801 38
136.284 121.962 39
135.925 122.26 40
135.417 122.989 41
134.786 123.746 42
134.161 124.083 43
133.747 124.173 44
133.396 124.513 45
133.078 125.323 46
132.874 126.119 47
132.722 126.624 48
132.49 126.888 49
132.162 127.123 50
131.721 127.779 51
131.093 128.612 52
130.408 129.067 53
129.981 129.207 54
129.651 129.519 55
129.347 130.212 56
129.217 131.128 57
129.126 131.66 58
129.003 131.981 59
128.829 132.208 60
-------------
151 109 1
150.277 109.541 2
149.702 109.711 3
149.238 109.787 4
148.832 110.26 5
148.519 110.891 6
148.23 111.374 7
147.968 111.55 8
147.533 111.717 9
147.076 112.11 10
146.422 112.843 11
145.636 113.384 12
145.004 113.524 13
144.498 113.628 14
144.062 114.085 15
143.69 114.781 16
143.311 115.349 17
143.008 115.664 18
142.6 115.82 19
142.141 116.173 20
141.493 116.914 21
140.736 117.568 22
140.109 117.82 23
139.602 117.829 24
139.211 118.25 25
138.873 119.037 26
138.618 119.577 27
138.389 119.801 28
138.026 119.934 29
137.608 120.283 30
137.04 121.053 31
136.318 121.704 32
135.671 121.962 33
135.212 122.049 34
134.825 122.426 35
134.501 123.214 36
134.256 123.887 37
134.073 124.157 38
133.809 124.373 39
133.449 124.67 40
132.955 125.478 41
132.33 126.244 42
131.706 126.581 43
131.282 126.675 44
130.931 127.013 45
130.613 127.838 46
130.41 128.632 47
130.245 129.123 48
130.009 129.395 49
129.671 129.635 50
129.235 130.297 51
128.625 131.156 52
127.943 131.613 53
127.514 131.753 54
127.182 132.064 55
126.922 132.882 56
126.785 133.815 57
126.698 134.339 58
126.568 134.678 59
126.385 134.919 60
126.112 135.643 61
125.725 136.57 62
125.309 137.146 63
125.046 137.358 64
124.92 137.618 65
124.848 138.347 66
124.919 139.363 67
125.089 139.933 68
125.213 140.276 69
125.191 140.527 70
125.092 141.189 71
124.834 142.179 72
124.537 142.799 73
124.381 143.002 74
124.381 143.274 75
124.473 144.211 76
124.766 145.247 77
125.148 145.892 78
125.427 146.248 79
125.495 146.496 80
125.512 147.335 81
125.291 148.328 82
125.081 148.951 83
125.007 149.121 84
125.079 149.483 85
125.233 150.508 86
125.583 151.615 87
125.926 152.093 88
126.127 152.314 89
126.227 152.567 90
126.204 153.365 91
125.978 154.368 92
125.68 154.953 93
125.643 155.08 94
125.712 155.476 95
125.897 156.449 96
126.289 157.28 97
-------------
142 112 11
141.223 112.522 12
140.602 112.658 13
140.103 112.765 14
139.698 113.205 15
139.357 113.876 16
138.997 114.431 17
138.692 114.741 18
138.271 114.892 19
137.818 115.233 20
137.186 115.961 21
136.424 116.608 22
135.797 116.858 23
135.358 116.915 24
134.977 117.327 25
134.647 118.11 26
134.407 118.644 27
134.172 118.865 28
133.789 119.001 29
133.367 119.345 30
132.786 120.102 31
132.062 120.75 32
131.415 121.007 33
130.957 121.095 34
130.571 121.469 35
130.269 122.26 36
130.032 122.923 37
129.845 123.188 38
129.54 123.362 39
129.179 123.66 40
128.676 124.466 41
128.042 125.228 42
127.417 125.564 43
126.992 125.66 44
126.644 125.99 45
126.334 126.815 46
126.151 127.595 47
125.982 128.081 48
125.722 128.339 49
125.379 128.575 50
124.933 129.235 51
124.291 130.09 52
123.602 130.545 53
123.174 130.684 54
122.839 130.976 55
122.604 131.815 56
122.478 132.737 57
122.395 133.257 58
122.247 133.591 59
122.061 133.824 60
121.778 134.551 61
121.364 135.484 62
120.93 136.067 63
120.666 136.283 64
120.54 136.54 65
120.474 137.276 66
120.597 138.298 67
120.775 138.868 68
120.895 139.213 69
120.868 139.463 70
120.738 140.146 71
120.452 141.165 72
120.124 141.795 73
119.965 142.001 74
119.962 142.276 75
120.095 143.214 76
120.429 144.251 77
120.812 144.892 78
121.087 145.248 79
121.149 145.508 80
121.146 146.417 81
120.917 147.456 82
120.687 148.086 83
120.614 148.261 84
120.683 148.625 85
120.847 149.653 86
121.203 150.757 87
121.544 151.243 88
121.751 151.498 89
121.811 151.846 90
121.725 152.722 91
121.483 153.728 92
121.179 154.313 93
121.136 154.446 94
121.206 154.855 95
121.39 155.837 96
121.781 156.69 97
-------------
136 109 23
135.568 109.083 24
135.179 109.494 25
134.837 110.236 26
134.645 110.779 27
134.427 110.988 28
134.065 111.085 29
133.639 111.428 30
133.015 112.136 31
132.287 112.782 32
131.637 113.034 33
131.174 113.122 34
130.787 113.496 35
130.471 114.262 36
130.291 114.842 37
130.171 115.068 38
129.908 115.192 39
129.537 115.482 40
128.96 116.153 41
128.294 116.877 42
127.661 117.208 43
127.228 117.302 44
126.872 117.631 45
126.542 118.418 46
126.424 119.19 47
126.361 119.636 48
126.115 119.863 49
125.772 120.095 50
125.282 120.704 51
124.598 121.535 52
123.907 121.987 53
123.474 122.121 54
123.149 122.425 55
122.892 123.176 56
122.77 124.095 57
122.793 124.623 58
122.717 124.906 59
122.523 125.152 60
122.199 125.813 61
121.7 126.698 62
121.224 127.257 63
120.898 127.429 64
120.771 127.684 65
120.69 128.387 66
120.722 129.403 67
120.906 129.957 68
121.067 130.282 69
121.053 130.53 70
120.862 131.173 71
120.469 132.135 72
120.074 132.722 73
119.85 132.872 74
119.82 133.167 75
119.941 133.891 76
120.278 134.924 77
120.711 135.469 78
121.033 135.762 79
121.098 136.016 80
121.024 136.779 81
120.722 137.768 82
120.439 138.324 83
120.355 138.423 84
120.416 138.743 85
120.581 139.617 86
120.911 140.702 87
121.326 141.148 88
-------------
142 118 24
141.606 118.42 25
141.259 119.196 26
140.991 119.724 27
140.776 119.94 28
140.454 120.074 29
140.038 120.423 30
139.474 121.16 31
138.751 121.811 32
138.105 122.069 33
137.647 122.156 34
137.267 122.527 35
136.911 123.276 36
136.665 123.925 37
136.495 124.188 38
136.256 124.38 39
135.898 124.677 40
135.43 125.382 41
134.808 126.144 42
134.183 126.481 43
133.771 126.567 44
133.427 126.903 45
133.108 127.708 46
132.902 128.491 47
132.749 128.987 48
132.533 129.255 49
132.234 129.482 50
131.8 130.139 51
131.196 130.972 52
130.514 131.429 53
130.087 131.569 54
129.762 131.88 55
129.475 132.578 56
129.339 133.51 57
129.246 134.028 58
129.122 134.363 59
128.939 134.603 60
128.679 135.263 61
128.277 136.068 62
127.852 136.599 63
127.595 136.762 64
127.471 137.02 65
127.349 137.672 66
127.419 138.685 67
127.568 139.242 68
127.68 139.519 69
127.671 139.752 70
127.563 140.349 71
127.271 141.212 72
126.927 141.787 73
126.768 141.957 74
126.756 142.224 75
-------------
127 127 41
126.384 127.758 42
125.764 128.094 43
125.339 128.19 44
124.998 128.515 45
124.704 129.329 46
124.521 130.102 47
124.344 130.586 48
124.084 130.864 49
123.741 131.097 50
123.302 131.762 51
122.694 132.624 52
122.006 133.077 53
121.58 133.216 54
121.247 133.503 55
121.02 134.365 56
120.905 135.258 57
120.814 135.772 58
120.66 136.12 59
120.477 136.349 60
120.192 137.088 61
119.79 138.014 62
119.371 138.598 63
119.109 138.817 64
118.985 139.067 65
118.942 139.803 66
119.08 140.816 67
119.245 141.379 68
119.347 141.723 69
119.308 141.971 70
119.172 142.659 71
118.901 143.685 72
118.611 144.313 73
118.456 144.521 74
118.462 144.78 75
118.638 145.743 76
118.971 146.779 77
119.349 147.421 78
119.617 147.776 79
119.675 148.036 80
119.671 148.948 81
119.457 149.993 82
119.254 150.622 83
119.191 150.8 84
119.269 151.161 85
119.492 152.184 86
119.85 153.287 87
120.17 153.763 88
120.313 153.966 89
120.343 154.221 90
120.235 154.906 91
120.008 155.877 92
119.705 156.461 93
119.666 156.586 94
-------------
127 130 46
126.808 130.782 47
126.632 131.268 48
126.387 131.55 49
126.044 131.784 50
125.609 132.451 51
124.998 133.318 52
124.313 133.773 53
123.886 133.912 54
123.548 134.198 55
123.307 135.068 56
123.181 135.981 57
123.091 136.496 58
122.944 136.843 59
122.763 137.076 60
122.494 137.83 61
122.102 138.762 62
121.685 139.347 63
121.422 139.563 64
121.296 139.814 65
121.239 140.562 66
121.354 141.59 67
121.519 142.155 68
121.638 142.499 69
121.605 142.75 70
121.498 143.458 71
121.234 144.485 72
120.946 145.112 73
120.791 145.319 74
120.795 145.573 75
120.946 146.568 76
121.263 147.613 77
121.643 148.257 78
121.917 148.613 79
121.975 148.873 80
121.982 149.79 81
121.795 150.846 82
121.595 151.472 83
121.524 151.646 84
121.599 152.006 85
121.775 153.045 86
122.13 154.148 87
122.455 154.624 88
122.625 154.83 89
122.721 155.071 90
122.698 155.813 91
122.482 156.786 92
-------------
130 130 46
129.791 130.784 47
129.622 131.266 48
129.392 131.549 49
129.05 131.783 50
128.614 132.449 51
128.007 133.312 52
127.324 133.769 53
126.894 133.909 54
126.545 134.2 55
126.272 135.046 56
126.131 135.977 57
126.041 136.492 58
125.91 136.839 59
125.727 137.078 60
125.457 137.82 61
125.069 138.749 62
124.654 139.332 63
124.39 139.545 64
124.262 139.796 65
124.195 140.542 66
124.272 141.574 67
124.436 142.138 68
124.559 142.481 69
124.531 142.733 70
124.429 143.413 71
124.179 144.42 72
123.892 145.046 73
123.737 145.25 74
123.741 145.503 75
123.855 146.49 76
124.144 147.527 77
124.525 148.171 78
124.8 148.528 79
124.86 148.785 80
124.895 149.625 81
124.725 150.612 82
124.523 151.237 83
124.448 151.409 84
124.521 151.77 85
124.676 152.801 86
125.027 153.904 87
125.353 154.38 88
125.531 154.593 89
125.633 154.83 90
125.614 155.577 91
125.403 156.549 92
-------------
118 133 62
117.544 133.574 63
117.247 133.787 64
117.118 134.04 65
117.064 134.76 66
117.211 135.779 67
117.399 136.333 68
117.515 136.66 69
117.499 136.89 70
117.358 137.549 71
117.06 138.557 72
116.719 139.181 73
116.506 139.367 74
116.477 139.657 75
116.629 140.569 76
116.969 141.606 77
117.362 142.222 78
117.633 142.555 79
117.698 142.815 80
117.689 143.708 81
117.456 144.746 82
117.211 145.367 83
117.119 145.535 84
117.183 145.894 85
117.374 146.903 86
117.743 147.998 87
118.12 148.471 88
118.319 148.72 89
118.374 149.064 90
118.272 149.884 91
118.018 150.895 92
117.712 151.478 93
117.667 151.609 94
117.732 152.015 95
117.908 152.999 96
118.293 153.857 97
118.803 154.333 98
119.138 154.512 99
119.261 154.818 100
-------------
118 142 66
118.144 142.982 67
118.306 143.545 68
118.406 143.889 69
118.368 144.139 70
118.253 144.839 71
117.99 145.865 72
117.704 146.491 73
117.553 146.706 74
117.556 146.96 75
117.731 147.948 76
118.063 148.981 77
118.441 149.625 78
118.709 149.981 79
118.764 150.243 80
118.756 151.163 81
118.567 152.223 82
118.368 152.849 83
118.315 153.033 84
118.397 153.393 85
118.663 154.403 86
119.02 155.505 87
119.315 155.966 88
119.347 156.116 89
119.334 156.316 90
119.209 156.911 91
-------------
121 142 79
121.068 142.261 80
121.049 143.163 81
120.79 144.19 82
120.502 144.781 83
120.403 144.947 84
120.466 145.31 85
120.625 146.332 86
120.982 147.433 87
121.393 147.899 88
121.627 148.151 89
121.684 148.502 90
121.58 149.397 91
121.32 150.413 92
121.014 150.996 93
120.968 151.128 94
121.04 151.539 95
121.229 152.539 96
121.615 153.411 97
122.129 153.889 98
122.47 154.068 99
122.597 154.381 100
122.586 154.886 101
122.405 155.526 102
122.349 155.723 103
122.395 155.79 104
122.487 155.914 105
122.642 156.344 106
122.65 156.359 107
122.649 156.371 108
122.653 156.383 109
122.656 156.372 110
122.655 156.367 111
-------------
118 145 80
117.989 145.897 81
117.765 146.935 82
117.54 147.57 83
117.465 147.747 84
117.539 148.108 85
117.732 149.14 86
118.092 150.243 87
118.439 150.72 88
118.575 150.945 89
118.62 151.272 90
118.51 152.133 91
118.257 153.143 92
117.953 153.728 93
117.909 153.855 94
117.974 154.26 95
118.156 155.242 96
118.543 156.095 97
119.055 156.57 98
-------------
