154 79 0
153.674 79.0331 1
153.471 79.0951 2
153.312 79.2261 3
153.201 79.2726 4
152.977 79.252 5
152.722 79.3097 6
152.542 79.3855 7
152.107 79.565 8
151.493 79.6701 9
151.057 79.6253 10
150.622 79.7535 11
150.283 80.0092 12
149.987 80.3693 13
149.698 80.5662 14
149.345 80.5011 15
148.959 80.5791 16
148.554 80.8349 17
148.002 81.1216 18
147.245 81.3347 19
146.731 81.2445 20
146.238 81.3631 21
145.913 81.6352 22
145.553 81.924 23
145.198 82.0832 24
144.772 82.0291 25
144.383 82.0654 26
143.966 82.3449 27
143.416 82.6669 28
142.62 82.8664 29
142.057 82.8423 30
141.585 82.9791 31
141.206 83.2071 32
140.852 83.5017 33
140.453 83.6843 34
139.905 83.6683 35
139.421 83.7628 36
138.93 84.0487 37
138.282 84.4194 38
-------------
157 79 0
156.67 79.0353 1
156.464 79.1023 2
156.292 79.2722 3
156.161 79.3166 4
155.934 79.2907 5
155.679 79.3478 6
155.499 79.4203 7
155.066 79.6002 8
154.457 79.7053 9
154.015 79.664 10
153.581 79.7924 11
153.246 80.0605 12
152.935 80.4486 13
152.633 80.6515 14
152.276 80.5815 15
151.886 80.6614 16
151.477 80.9196 17
150.913 81.2086 18
150.155 81.4239 19
149.634 81.3529 20
149.151 81.4772 21
148.812 81.748 22
148.403 82.0243 23
148.045 82.1879 24
147.617 82.1442 25
147.232 82.1814 26
146.814 82.4597 27
146.268 82.7793 28
145.476 82.9802 29
-------------
157 82 0
156.67 82.0403 1
156.463 82.1074 2
156.15 82.2931 3
155.968 82.3614 4
155.755 82.3796 5
155.517 82.4423 6
155.352 82.5054 7
154.923 82.6816 8
154.337 82.7951 9
153.897 82.8068 10
153.461 82.936 11
153.118 83.1887 12
152.783 83.5604 13
152.479 83.7601 14
152.137 83.7094 15
151.755 83.7899 16
151.371 84.044 17
150.838 84.3065 18
150.081 84.521 19
149.548 84.4707 20
149.053 84.5876 21
148.71 84.8421 22
148.28 85.0951 23
147.911 85.2495 24
147.481 85.21 25
147.095 85.246 26
146.679 85.5226 27
146.132 85.8369 28
145.334 86.0375 29
144.781 86.0316 30
-------------
154 85 0
153.693 85.0592 1
153.492 85.1239 2
153.159 85.2851 3
152.92 85.3593 4
152.684 85.4526 5
152.45 85.5383 6
152.323 85.6003 7
151.942 85.7631 8
151.386 85.871 9
150.961 85.9006 10
150.525 86.03 11
150.174 86.2642 12
149.733 86.538 13
149.419 86.7294 14
149.193 86.8363 15
148.855 86.9352 16
148.543 87.1769 17
148.075 87.4161 18
147.328 87.6331 19
146.799 87.5969 20
146.302 87.7174 21
145.958 87.9633 22
145.496 88.2004 23
145.124 88.351 24
144.728 88.3408 25
144.355 88.3794 26
143.946 88.6565 27
143.41 88.9662 28
142.614 89.1672 29
142.037 89.1666 30
141.544 89.2941 31
141.16 89.5122 32
140.746 89.7274 33
140.346 89.904 34
139.805 89.8931 35
139.328 89.9855 36
138.841 90.2691 37
138.17 90.664 38
137.418 90.8351 39
136.894 90.817 40
136.431 90.9154 41
136.027 91.2126 42
135.651 91.4655 43
-------------
157 85 0
156.682 85.0599 1
156.477 85.1261 2
156.136 85.2898 3
155.899 85.3651 4
155.685 85.4469 5
155.461 85.5295 6
155.32 85.593 7
154.9 85.7648 8
154.333 85.883 9
153.897 85.9267 10
153.46 86.057 11
153.112 86.2938 12
152.678 86.5801 13
152.376 86.7749 14
152.159 86.8616 15
151.814 86.9537 16
151.517 87.1898 17
151.031 87.4002 18
150.28 87.616 19
149.747 87.5809 20
149.251 87.7014 21
148.909 87.9469 22
148.455 88.1775 23
148.082 88.3269 24
147.655 88.2909 25
147.281 88.3235 26
146.877 88.5941 27
146.352 88.89 28
145.554 89.0902 29
144.983 89.0915 30
144.545 89.2004 31
144.168 89.4103 32
143.772 89.6215 33
143.422 89.7692 34
142.903 89.7583 35
-------------
151 88 0
150.743 88.0713 1
150.546 88.135 2
150.23 88.2794 3
149.996 88.3474 4
149.849 88.4335 5
149.642 88.5425 6
149.523 88.6033 7
149.336 88.714 8
148.956 88.7999 9
148.598 88.849 10
148.164 88.978 11
147.819 89.2032 12
147.38 89.4133 13
147.063 89.566 14
146.83 89.7156 15
146.514 89.8551 16
146.252 90.066 17
145.912 90.2397 18
145.301 90.4029 19
144.789 90.3778 20
144.295 90.4981 21
143.951 90.7256 22
143.442 90.9119 23
143.066 91.0591 24
142.786 91.1373 25
142.49 91.1978 26
142.138 91.4563 27
141.638 91.7551 28
140.868 91.9675 29
140.292 91.9728 30
139.797 92.1053 31
139.417 92.3192 32
139.001 92.5279 33
138.601 92.7001 34
138.106 92.7244 35
-------------
154 88 0
153.708 88.0718 1
153.509 88.1372 2
153.168 88.2948 3
152.929 88.3676 4
152.647 88.5489 5
152.416 88.677 6
152.287 88.7398 7
152.07 88.8598 8
151.602 88.9657 9
151.195 89.022 10
150.76 89.1523 11
150.413 89.3793 12
149.962 89.5966 13
149.634 89.7542 14
149.401 89.9099 15
149.087 90.0509 16
148.819 90.2678 17
148.456 90.4436 18
147.771 90.6522 19
147.248 90.6385 20
146.752 90.761 21
146.41 90.9908 22
145.903 91.1793 23
145.527 91.3265 24
145.236 91.3706 25
144.919 91.4198 26
144.558 91.6764 27
144.068 91.9517 28
143.291 92.1611 29
142.714 92.1678 30
142.221 92.2991 31
141.843 92.5125 32
141.433 92.7054 33
141.037 92.8756 34
140.543 92.869 35
140.177 92.9268 36
139.774 93.1585 37
139.143 93.5099 38
138.398 93.6825 39
137.872 93.6667 40
137.44 93.7406 41
137.044 94.0222 42
136.654 94.2603 43
-------------
148 91 0
147.796 91.0941 1
147.613 91.152 2
147.331 91.2559 3
147.109 91.3119 4
147.039 91.3699 5
146.886 91.4924 6
146.81 91.5542 7
146.65 91.6504 8
146.332 91.7454 9
146.052 91.8314 10
145.649 91.9521 11
145.307 92.1751 12
144.934 92.3133 13
144.632 92.4262 14
144.415 92.5768 15
144.144 92.7259 16
143.901 92.9225 17
143.699 93.0658 18
143.273 93.159 19
142.837 93.1621 20
142.36 93.2859 21
142.032 93.4948 22
141.524 93.6688 23
141.149 93.8108 24
140.881 93.9005 25
140.613 94.0078 26
140.352 94.2106 27
139.98 94.4297 28
139.274 94.6202 29
138.714 94.6311 30
138.22 94.7645 31
137.852 94.9551 32
137.419 95.1349 33
137.014 95.3029 34
136.688 95.4258 35
136.47 95.5272 36
136.151 95.7431 37
135.598 96.1123 38
134.859 96.2928 39
134.33 96.2799 40
133.825 96.3774 41
133.421 96.672 42
133.011 96.9058 43
132.624 97.0072 44
132.167 97.0368 45
131.742 97.2197 46
131.219 97.5775 47
130.327 98.0829 48
129.45 98.2238 49
128.907 98.2525 50
128.364 98.4423 51
127.937 98.7237 52
127.42 99.0437 53
126.888 99.1357 54
126.275 99.0771 55
125.701 99.2893 56
124.805 99.8166 57
123.956 100.063 58
-------------
151 91 0
150.723 91.0997 1
150.492 91.1949 2
150.161 91.3278 3
149.922 91.3941 4
149.705 91.5673 5
149.499 91.7373 6
149.393 91.8113 7
149.212 91.9251 8
148.874 92.0267 9
148.544 92.1111 10
148.117 92.2429 11
147.773 92.4677 12
147.332 92.6558 13
147.013 92.7815 14
146.776 92.9546 15
146.458 93.1238 16
146.212 93.324 17
146 93.4715 18
145.509 93.5936 19
145.034 93.6043 20
144.555 93.7331 21
144.219 93.9538 22
143.708 94.1262 23
143.331 94.2694 24
143.062 94.3592 25
142.8 94.4598 26
142.491 94.6855 27
142.116 94.9199 28
141.398 95.1309 29
140.829 95.1478 30
140.333 95.2823 31
139.969 95.479 32
139.545 95.6628 33
139.155 95.8081 34
138.875 95.9243 35
138.7 96.0039 36
138.382 96.19 37
137.835 96.5342 38
137.098 96.7113 39
136.571 96.7012 40
136.081 96.7929 41
135.686 97.0817 42
135.296 97.307 43
134.919 97.4002 44
134.492 97.4156 45
134.095 97.5853 46
-------------
145 94 0
144.848 94.0863 1
144.71 94.1504 2
144.474 94.2113 3
144.259 94.2628 4
144.215 94.2885 5
144.104 94.4072 6
144.074 94.4769 7
143.958 94.5295 8
143.672 94.6037 9
143.423 94.7232 10
143.111 94.843 11
142.792 95.0378 12
142.45 95.1213 13
142.16 95.2062 14
141.972 95.3486 15
141.785 95.4927 16
141.595 95.6647 17
141.408 95.8075 18
141.083 95.8673 19
140.76 95.8998 20
140.356 96.0307 21
140.084 96.1938 22
139.585 96.3573 23
139.252 96.4604 24
139.008 96.5468 25
138.754 96.6834 26
138.623 96.7949 27
138.424 96.9604 28
137.883 97.0974 29
137.358 97.1188 30
136.874 97.2514 31
136.533 97.4188 32
136.099 97.5546 33
135.684 97.7042 34
135.416 97.8479 35
135.244 97.9575 36
134.956 98.16 37
-------------
130 106 5
129.981 106.008 6
129.978 106.037 7
129.957 106.022 8
129.917 106.034 9
129.893 106.048 10
129.86 106.053 11
129.845 106.059 12
129.818 106.057 13
129.618 106.104 14
129.589 106.136 15
129.582 106.148 16
129.564 106.169 17
129.506 106.212 18
129.304 106.233 19
129.269 106.244 20
129.209 106.271 21
129.162 106.267 22
128.978 106.354 23
128.907 106.347 24
128.835 106.377 25
128.788 106.432 26
128.758 106.513 27
128.698 106.539 28
128.476 106.608 29
128.416 106.625 30
128.211 106.782 31
128.03 106.886 32
127.687 106.956 33
127.284 107.034 34
127.113 107.133 35
127.042 107.195 36
126.91 107.345 37
126.863 107.402 38
126.63 107.493 39
126.319 107.51 40
125.998 107.596 41
125.683 107.782 42
125.258 107.957 43
124.887 108.048 44
124.587 108.16 45
124.409 108.285 46
124.243 108.436 47
123.969 108.61 48
123.525 108.781 49
123.19 108.861 50
122.716 109.022 51
122.328 109.227 52
121.812 109.528 53
121.421 109.666 54
121.148 109.779 55
120.852 109.939 56
120.369 110.266 57
119.625 110.521 58
118.753 110.661 59
118.262 110.735 60
117.884 110.986 61
117.423 111.298 62
116.935 111.556 63
116.614 111.645 64
116.426 111.704 65
115.904 111.952 66
-------------
148 94 7
147.82 94.1148 8
147.49 94.2196 9
147.181 94.3347 10
146.759 94.4751 11
146.413 94.702 12
145.981 94.8613 13
145.662 94.9782 14
145.426 95.154 15
145.124 95.3388 16
144.881 95.5384 17
144.677 95.6905 18
144.309 95.7736 19
143.906 95.8089 20
143.436 95.9438 21
143.114 96.1567 22
142.604 96.3263 23
142.23 96.4617 24
141.963 96.5546 25
141.701 96.6967 26
141.548 96.8147 27
141.277 97.0089 28
140.636 97.2005 29
140.08 97.2305 30
139.588 97.3667 31
139.242 97.5415 32
138.813 97.6707 33
138.408 97.8168 34
138.143 97.9542 35
137.98 98.0529 36
137.68 98.2351 37
137.247 98.4999 38
136.516 98.6798 39
135.991 98.678 40
135.492 98.776 41
135.09 99.0626 42
134.685 99.2797 43
134.336 99.3626 44
-------------
148 85 9
147.629 85.0125 10
147.195 85.141 11
146.852 85.3603 12
146.533 85.6017 13
146.239 85.7788 14
146.056 85.8647 15
145.717 85.9522 16
145.406 86.1761 17
144.954 86.3969 18
144.216 86.6036 19
143.697 86.5587 20
143.202 86.678 21
142.874 86.8762 22
142.443 87.0876 23
142.111 87.2342 24
141.735 87.2266 25
141.361 87.261 26
140.951 87.535 27
140.418 87.8423 28
139.626 88.0394 29
139.053 88.0253 30
138.559 88.1538 31
138.175 88.3717 32
137.779 88.6041 33
137.378 88.7812 34
136.849 88.7733 35
136.367 88.865 36
135.883 89.1502 37
135.216 89.5479 38
134.462 89.7168 39
133.93 89.6897 40
133.432 89.7969 41
133.033 90.1014 42
132.703 90.3968 43
132.313 90.5021 44
131.813 90.5295 45
131.323 90.7437 46
130.777 91.1252 47
129.852 91.6452 48
128.983 91.7842 49
128.463 91.8179 50
128.023 92.0453 51
127.628 92.376 52
-------------
151 91 9
150.636 91.0708 10
150.203 91.2023 11
149.858 91.4275 12
149.411 91.6257 13
149.085 91.7629 14
148.846 91.9352 15
148.53 92.0987 16
148.276 92.3027 17
147.987 92.4576 18
147.393 92.6351 19
146.894 92.6367 20
146.404 92.7637 21
146.066 92.9862 22
145.556 93.1616 23
145.179 93.306 24
144.912 93.3834 25
144.654 93.4545 26
144.328 93.6803 27
143.913 93.9321 28
143.157 94.1422 29
142.582 94.1549 30
142.087 94.2892 31
141.724 94.4914 32
141.324 94.6717 33
140.935 94.8211 34
-------------
139 97 12
138.722 97.0467 13
138.46 97.1087 14
138.368 97.1988 15
138.299 97.2772 16
138.226 97.3817 17
138.086 97.4852 18
137.796 97.5267 19
137.535 97.5722 20
137.239 97.7123 21
137.043 97.8212 22
136.588 97.9649 23
136.323 98.0376 24
136.131 98.1218 25
135.936 98.2355 26
135.822 98.3392 27
135.686 98.4422 28
135.281 98.5348 29
134.947 98.5742 30
134.515 98.709 31
134.187 98.8707 32
133.763 98.9945 33
133.352 99.1333 34
133.088 99.2757 35
132.917 99.3868 36
132.686 99.5638 37
132.436 99.7287 38
131.751 99.8963 39
131.245 99.8917 40
130.75 99.9856 41
130.346 100.271 42
129.916 100.483 43
129.531 100.587 44
129.219 100.683 45
129.024 100.813 46
128.617 101.127 47
127.799 101.614 48
126.932 101.768 49
126.398 101.808 50
125.85 101.995 51
125.431 102.253 52
124.91 102.574 53
124.43 102.684 54
-------------
148 97 12
147.527 97.1825 13
147.2 97.3077 14
146.961 97.4907 15
146.634 97.6967 16
146.393 97.902 17
146.184 98.0888 18
145.834 98.1685 19
145.438 98.2369 20
144.964 98.3865 21
144.632 98.6076 22
144.103 98.788 23
143.751 98.8844 24
143.488 98.983 25
143.227 99.1366 26
143.097 99.2393 27
142.909 99.4098 28
142.392 99.5746 29
141.846 99.6196 30
141.353 99.7579 31
141.014 99.9211 32
140.59 100.043 33
140.223 100.164 34
140.018 100.292 35
139.914 100.37 36
139.667 100.502 37
-------------
136 100 15
135.955 100.059 16
135.906 100.142 17
135.791 100.225 18
135.509 100.262 19
135.325 100.314 20
135.103 100.443 21
134.962 100.494 22
134.565 100.62 23
134.381 100.649 24
134.213 100.732 25
134.087 100.833 26
133.995 100.939 27
133.892 101.021 28
133.552 101.107 29
133.263 101.156 30
132.928 101.28 31
132.616 101.436 32
132.196 101.553 33
131.793 101.653 34
131.549 101.789 35
131.378 101.902 36
131.175 102.063 37
131.047 102.173 38
130.447 102.316 39
129.977 102.317 40
129.498 102.411 41
129.144 102.64 42
128.711 102.826 43
128.328 102.928 44
128.016 103.037 45
127.833 103.162 46
127.446 103.461 47
126.77 103.858 48
125.917 104.021 49
125.397 104.068 50
124.85 104.252 51
124.437 104.493 52
123.915 104.813 53
123.504 104.945 54
-------------
139 100 17
138.836 100.12 18
138.511 100.181 19
138.197 100.264 20
137.892 100.445 21
137.606 100.631 22
137.099 100.792 23
136.791 100.856 24
136.574 100.966 25
136.357 101.127 26
136.244 101.243 27
136.106 101.368 28
135.752 101.458 29
135.406 101.519 30
134.991 101.666 31
134.665 101.827 32
134.237 101.947 33
133.824 102.056 34
133.562 102.206 35
133.392 102.319 36
133.184 102.483 37
133.032 102.62 38
132.532 102.747 39
132.047 102.759 40
131.568 102.856 41
131.166 103.132 42
130.734 103.318 43
130.352 103.42 44
130.049 103.521 45
129.871 103.646 46
129.48 103.926 47
128.832 104.313 48
127.968 104.472 49
127.448 104.521 50
126.902 104.705 51
126.501 104.921 52
125.991 105.217 53
125.606 105.319 54
-------------
145 100 17
144.788 100.209 18
144.44 100.289 19
144.056 100.397 20
143.568 100.611 21
143.181 100.901 22
142.609 101.11 23
142.263 101.196 24
141.997 101.306 25
141.729 101.474 26
141.603 101.58 27
141.428 101.753 28
141.036 101.866 29
140.605 101.942 30
140.121 102.087 31
139.784 102.25 32
139.357 102.371 33
138.944 102.492 34
138.693 102.641 35
138.535 102.752 36
138.372 102.883 37
138.256 103.022 38
137.704 103.136 39
137.187 103.148 40
136.696 103.245 41
136.296 103.519 42
135.883 103.693 43
135.692 103.743 44
135.614 103.769 45
135.488 103.861 46
-------------
148 100 17
147.801 100.202 18
147.453 100.282 19
147.061 100.392 20
146.583 100.588 21
146.234 100.844 22
145.675 101.052 23
145.329 101.137 24
145.07 101.24 25
144.828 101.408 26
144.737 101.475 27
144.585 101.63 28
144.215 101.758 29
143.703 101.809 30
143.213 101.948 31
142.881 102.103 32
142.491 102.214 33
142.126 102.331 34
141.945 102.46 35
141.862 102.534 36
141.743 102.626 37
141.65 102.743 38
-------------
139 91 26
138.709 91.1899 27
138.27 91.4368 28
137.544 91.617 29
136.973 91.6178 30
136.48 91.7482 31
136.121 91.9284 32
135.717 92.1268 33
135.318 92.2992 34
134.916 92.3609 35
134.504 92.4429 36
134.084 92.7101 37
133.473 93.0949 38
132.724 93.2658 39
132.191 93.2425 40
131.685 93.3392 41
131.281 93.636 42
130.892 93.878 43
130.502 93.9817 44
130.009 94.0095 45
129.53 94.2148 46
128.986 94.5935 47
128.064 95.1122 48
127.187 95.2515 49
126.641 95.279 50
126.102 95.4801 51
125.698 95.802 52
125.204 96.1535 53
124.663 96.2468 54
124.045 96.1862 55
123.467 96.3987 56
122.564 96.9394 57
121.719 97.1841 58
120.967 97.159 59
120.513 97.1922 60
-------------
136 94 29
135.454 94.0016 30
134.97 94.1293 31
134.623 94.293 32
134.21 94.4646 33
133.815 94.6302 34
133.528 94.7566 35
133.348 94.8599 36
133.031 95.0729 37
132.482 95.4359 38
131.751 95.6118 39
131.221 95.5943 40
130.716 95.6906 41
130.312 95.9858 42
129.913 96.215 43
129.526 96.3188 44
129.066 96.3568 45
128.631 96.5465 46
128.135 96.9151 47
127.232 97.4278 48
126.356 97.5668 49
125.81 97.5952 50
125.262 97.7852 51
124.846 98.0702 52
124.33 98.4007 53
123.79 98.4945 54
123.174 98.4335 55
122.596 98.6461 56
121.693 99.1858 57
120.843 99.4312 58
120.029 99.4122 59
119.5 99.4248 60
118.968 99.8108 61
118.44 100.261 62
117.979 100.507 63
117.415 100.414 64
116.777 100.473 65
116.132 100.811 66
115.099 101.544 67
113.819 101.889 68
-------------
133 106 32
132.566 106.108 33
132.145 106.208 34
131.896 106.36 35
131.731 106.477 36
131.531 106.651 37
131.42 106.81 38
131.172 106.902 39
130.805 106.934 40
130.37 107.042 41
130.007 107.29 42
129.574 107.472 43
129.194 107.566 44
128.888 107.681 45
128.711 107.805 46
128.505 107.983 47
128.287 108.162 48
127.538 108.352 49
127.094 108.427 50
126.549 108.61 51
126.154 108.819 52
125.652 109.106 53
125.34 109.225 54
125.189 109.29 55
124.869 109.429 56
-------------
136 106 32
135.545 106.136 33
135.129 106.244 34
134.869 106.401 35
134.697 106.515 36
134.506 106.704 37
134.395 106.861 38
134.102 106.946 39
133.67 106.988 40
133.194 107.093 41
132.793 107.372 42
132.36 107.554 43
131.986 107.644 44
131.758 107.737 45
131.609 107.851 46
131.445 107.999 47
131.26 108.149 48
130.431 108.308 49
129.976 108.374 50
129.432 108.554 51
129.046 108.759 52
128.624 108.984 53
128.369 109.07 54
128.267 109.109 55
128.033 109.227 56
127.904 109.348 57
-------------
127 109 32
126.662 109.069 33
126.249 109.142 34
126.082 109.252 35
126.017 109.31 36
125.918 109.454 37
125.88 109.512 38
125.653 109.601 39
125.373 109.648 40
125.082 109.754 41
124.757 109.967 42
124.341 110.132 43
123.974 110.219 44
123.687 110.33 45
123.511 110.453 46
123.346 110.607 47
123.216 110.771 48
122.907 110.932 49
122.633 111.02 50
122.219 111.175 51
121.867 111.358 52
121.363 111.646 53
120.979 111.778 54
120.707 111.895 55
120.46 112.04 56
120.044 112.331 57
-------------
124 97 47
123.16 97.4609 48
122.287 97.5973 49
121.74 97.6225 50
121.194 97.8107 51
120.804 98.0842 52
120.317 98.4117 53
119.791 98.5111 54
119.197 98.4571 55
118.624 98.6701 56
117.728 99.2101 57
116.88 99.4528 58
116.083 99.3621 59
115.554 99.3647 60
115.026 99.7568 61
114.511 100.217 62
114.047 100.453 63
113.474 100.354 64
112.827 100.406 65
112.178 100.748 66
111.147 101.482 67
109.836 101.818 68
108.705 101.798 69
107.83 101.876 70
106.945 102.355 71
106.093 103.025 72
105.198 103.398 73
104.097 103.192 74
103.193 103.19 75
102.268 103.75 76
101.248 104.255 77
-------------
124 100 48
123.132 100.139 49
122.589 100.167 50
122.042 100.355 51
121.64 100.621 52
121.121 100.943 53
120.643 101.068 54
120.07 101.015 55
119.515 101.232 56
118.645 101.761 57
117.798 102.008 58
116.956 101.996 59
116.421 102.009 60
115.882 102.396 61
115.353 102.848 62
114.861 103.097 63
114.288 103.007 64
113.647 103.059 65
112.999 103.4 66
111.966 104.136 67
110.652 104.481 68
109.48 104.515 69
108.6 104.591 70
107.701 105.061 71
106.785 105.72 72
105.721 106.146 73
104.6 105.958 74
103.694 105.955 75
102.766 106.517 76
101.745 107.023 77
100.417 107.362 78
-------------
118 109 48
117.802 109.072 49
117.587 109.132 50
117.315 109.224 51
117.038 109.361 52
116.666 109.563 53
116.295 109.693 54
116.041 109.787 55
115.792 109.933 56
115.397 110.177 57
114.769 110.344 58
114.062 110.443 59
113.614 110.486 60
113.205 110.762 61
112.699 111.132 62
112.197 111.407 63
111.818 111.51 64
111.518 111.593 65
110.974 111.897 66
110.272 112.448 67
109.005 112.82 68
107.772 112.947 69
106.908 113.04 70
106.047 113.492 71
105.141 114.133 72
104.076 114.558 73
-------------
121 103 49
120.519 103.029 50
119.988 103.201 51
119.598 103.413 52
119.08 103.733 53
118.662 103.877 54
118.354 103.929 55
117.896 104.141 56
117.198 104.602 57
116.39 104.849 58
115.566 104.874 59
115.034 104.891 60
114.495 105.278 61
113.965 105.726 62
113.47 105.981 63
112.925 105.928 64
112.426 106.006 65
111.813 106.338 66
110.79 107.073 67
109.477 107.419 68
108.251 107.508 69
107.372 107.586 70
106.475 108.054 71
105.56 108.711 72
104.492 109.139 73
103.369 108.955 74
102.466 108.946 75
101.543 109.507 76
100.524 110.011 77
99.1627 110.362 78
98.0729 110.456 79
97.2521 110.594 80
96.7298 110.832 81
95.7677 111.335 82
-------------
118 106 49
117.751 106.038 50
117.441 106.129 51
117.175 106.246 52
116.776 106.459 53
116.386 106.597 54
116.13 106.669 55
115.845 106.828 56
115.324 107.138 57
114.607 107.339 58
113.821 107.407 59
113.299 107.432 60
112.766 107.812 61
112.235 108.258 62
111.738 108.536 63
111.318 108.608 64
110.969 108.683 65
110.399 109.001 66
109.505 109.703 67
108.216 110.064 68
106.982 110.176 69
106.106 110.259 70
105.213 110.725 71
104.302 111.378 72
103.235 111.804 73
102.147 111.657 74
101.321 111.644 75
100.501 112.2 76
99.4924 112.701 77
98.1329 113.055 78
97.0466 113.155 79
96.335 113.288 80
-------------
106 106 67
104.693 106.346 68
103.518 106.359 69
102.639 106.433 70
101.745 106.897 71
100.843 107.548 72
99.8567 107.958 73
98.7907 107.807 74
97.892 107.804 75
96.9698 108.365 76
95.9499 108.869 77
94.5894 109.208 78
93.4848 109.294 79
92.6362 109.415 80
92.0841 109.656 81
91.0994 110.161 82
89.8126 110.657 83
88.7685 110.618 84
88.1081 110.702 85
87.3917 110.958 86
86.1169 111.439 87
-------------
106 109 67
104.73 109.351 68
103.537 109.409 69
102.66 109.486 70
101.768 109.947 71
100.861 110.597 72
99.8223 111.024 73
98.8246 110.93 74
97.968 110.933 75
97.1011 111.487 76
96.0992 111.982 77
94.741 112.331 78
93.6519 112.426 79
92.836 112.55 80
92.2875 112.787 81
91.3018 113.291 82
90.0246 113.824 83
89.0184 113.826 84
88.3668 113.908 85
87.6513 114.165 86
86.3826 114.67 87
85.1483 114.972 88
84.4969 115.079 89
83.9114 115.363 90
-------------
94 112 75
93.274 112.464 76
92.3223 112.926 77
90.9846 113.261 78
89.8996 113.348 79
89.0992 113.458 80
88.5495 113.687 81
87.5751 114.182 82
86.3076 114.712 83
85.3389 114.713 84
84.6942 114.797 85
83.9803 115.053 86
82.7025 115.539 87
81.4654 115.832 88
80.8026 115.921 89
80.211 116.202 90
79.5147 116.681 91
78.3997 117.177 92
77.2445 117.224 93
76.1779 117.255 94
75.2893 117.558 95
74.1429 118.02 96
-------------
97 115 75
96.3125 115.519 76
95.4107 115.973 77
94.0619 116.331 78
92.9866 116.44 79
92.2672 116.551 80
91.7453 116.779 81
90.7708 117.271 82
89.5047 117.808 83
88.6093 117.801 84
88.0972 117.836 85
87.4178 118.104 86
86.1526 118.608 87
84.9121 118.913 88
84.2625 119.01 89
83.6793 119.291 90
-------------
