10 142 158
12.1518 140.988 159
14.1464 140.54 160
16.257 140.558 161
18.588 140.505 162
21.0518 139.981 163
23.2001 139.072 164
-------------
13 142 158
15.0527 140.995 159
17.0317 140.548 160
19.1381 140.566 161
21.4394 140.505 162
23.8392 139.949 163
25.9415 139.013 164
27.8893 138.23 165
29.6858 138.049 166
31.6147 138.022 167
33.4306 137.413 168
35.3378 136.515 169
37.3115 135.626 170
39.2109 135.297 171
41.1369 135.415 172
43.4355 135.172 173
45.7723 134.475 174
47.8028 133.477 175
49.5952 132.986 176
51.4738 133.029 177
53.3551 132.908 178
55.1979 132.296 179
57.0804 131.442 180
58.8132 130.788 181
60.632 130.634 182
62.4578 130.661 183
64.5389 130.231 184
66.5809 129.591 185
68.0273 129.118 186
-------------
7 145 158
9.1733 143.999 159
11.1768 143.546 160
13.2801 143.563 161
15.6089 143.52 162
18.1154 142.999 163
20.1814 142.123 164
-------------
10 145 158
12.1733 143.992 159
14.1852 143.535 160
16.2963 143.552 161
18.6536 143.485 162
21.2072 142.945 163
23.4322 142.02 164
25.4188 141.238 165
27.3687 141.082 166
29.3234 141.055 167
31.3642 140.448 168
33.3599 139.566 169
35.3315 138.675 170
37.2299 138.341 171
39.156 138.456 172
41.4884 138.199 173
43.8583 137.493 174
45.9008 136.502 175
47.8342 135.996 176
49.7702 136.007 177
51.7617 135.86 178
53.7954 135.247 179
55.7546 134.426 180
57.5013 133.76 181
59.3199 133.612 182
61.1262 133.645 183
63.3061 133.225 184
65.3132 132.597 185
66.8583 132.168 186
68.3345 131.965 187
-------------
13 145 158
15.1546 144.005 159
17.1654 143.548 160
19.2758 143.565 161
21.6286 143.493 162
24.1436 142.943 163
26.3781 142.022 164
28.3729 141.239 165
30.3007 141.05 166
32.2519 141.016 167
34.3332 140.373 168
36.399 139.488 169
38.3736 138.597 170
40.273 138.263 171
42.1997 138.381 172
44.5364 138.12 173
46.9648 137.422 174
49.0163 136.427 175
50.9413 135.901 176
52.8726 135.91 177
54.8544 135.728 178
56.9773 135.076 179
58.9403 134.226 180
60.693 133.563 181
62.518 133.406 182
64.3477 133.435 183
66.4986 133.015 184
68.5847 132.356 185
70.0851 131.887 186
-------------
7 148 158
9.19924 147.022 159
11.2045 146.571 160
13.3121 146.592 161
15.6673 146.529 162
18.3325 146.062 163
20.5836 145.221 164
22.5895 144.457 165
24.6124 144.273 166
26.5745 144.241 167
28.73 143.652 168
30.8228 142.808 169
32.7807 141.95 170
34.6765 141.615 171
36.6029 141.716 172
38.941 141.453 173
41.3657 140.796 174
-------------
10 148 158
12.1954 147.005 159
14.2068 146.547 160
16.3162 146.564 161
18.6767 146.495 162
21.3091 145.998 163
23.5924 145.111 164
25.5957 144.333 165
27.6184 144.146 166
29.5817 144.113 167
31.7569 143.506 168
33.8585 142.649 169
35.8314 141.762 170
37.7289 141.427 171
39.6564 141.54 172
41.9971 141.276 173
44.4533 140.594 174
46.5471 139.644 175
48.4857 139.132 176
50.4274 139.14 177
52.4952 138.949 178
54.7088 138.336 179
56.7072 137.534 180
58.4539 136.879 181
60.2756 136.718 182
62.0955 136.749 183
64.313 136.336 184
66.4337 135.781 185
68.0129 135.36 186
69.5151 135.14 187
70.9123 135.198 188
-------------
13 148 158
15.1728 147.012 159
17.1839 146.553 160
19.291 146.566 161
21.6504 146.493 162
24.2822 145.995 163
26.5707 145.108 164
28.571 144.325 165
30.5943 144.128 166
32.5573 144.094 167
34.7246 143.475 168
36.8241 142.606 169
38.797 141.714 170
40.6934 141.377 171
42.5922 141.496 172
44.9306 141.232 173
47.3833 140.546 174
49.454 139.563 175
51.385 139.035 176
53.326 139.046 177
55.3726 138.856 178
57.5512 138.205 179
59.5476 137.394 180
61.2981 136.731 181
63.1216 136.57 182
64.9457 136.598 183
67.1572 136.183 184
69.2546 135.557 185
70.8037 135.111 186
72.1632 134.857 187
73.5596 134.916 188
75.1036 134.547 189
76.6935 133.835 190
78.1478 133.025 191
79.6535 132.588 192
81.0732 132.618 193
82.8138 132.552 194
84.7402 131.964 195
86.3942 131.315 196
87.773 130.732 197
89.1367 130.677 198
90.4591 130.707 199
-------------
10 151 158
12.243 150.082 159
14.2047 149.657 160
16.3088 149.678 161
18.67 149.607 162
21.3501 149.148 163
23.6692 148.313 164
25.6743 147.547 165
27.7068 147.355 166
29.6719 147.323 167
31.9011 146.743 168
34.0111 145.901 169
35.9688 145.046 170
37.8639 144.712 171
39.7941 144.809 172
42.1376 144.543 173
44.6738 143.925 174
46.7992 143.064 175
48.7341 142.558 176
50.6744 142.563 177
52.7723 142.356 178
55.1027 141.78 179
57.069 141.052 180
58.7872 140.422 181
60.6066 140.254 182
62.4268 140.284 183
64.6461 139.872 184
66.8031 139.677 185
68.4177 139.313 186
69.9217 139.094 187
71.3186 139.153 188
-------------
13 151 158
15.1858 150.103 159
17.1881 149.646 160
19.2888 149.662 161
21.6486 149.59 162
24.3027 149.111 163
26.5948 148.239 164
28.5887 147.461 165
30.6193 147.268 166
32.5833 147.242 167
34.7632 146.632 168
36.8607 145.768 169
38.7986 144.891 170
40.6931 144.556 171
42.6229 144.659 172
44.9658 144.392 173
47.4208 143.709 174
49.4841 142.779 175
51.3866 142.264 176
53.3276 142.278 177
55.42 142.073 178
57.658 141.446 179
59.6537 140.663 180
61.3761 140.024 181
63.1986 139.857 182
65.021 139.886 183
67.2397 139.473 184
69.4024 139.226 185
70.9659 138.827 186
72.4092 138.6 187
73.8056 138.659 188
75.5361 138.256 189
77.2573 137.67 190
78.7149 137.071 191
80.2225 136.67 192
81.6253 136.685 193
83.3544 136.615 194
85.2978 136.05 195
87.1292 135.66 196
88.5393 135.226 197
89.8957 135.161 198
91.217 135.18 199
-------------
10 151 160
12.0384 151.09 161
14.3705 151.033 162
17.0097 150.631 163
19.2016 149.951 164
21.1712 149.219 165
23.1754 149.031 166
25.103 148.995 167
-------------
22 148 161
24.3527 147.925 162
26.9963 147.446 163
29.2832 146.573 164
31.2648 145.788 165
33.2924 145.592 166
35.2517 145.566 167
37.4153 144.956 168
39.5136 144.087 169
41.4239 143.207 170
43.3176 142.87 171
45.1712 142.999 172
47.51 142.734 173
49.9621 142.049 174
52.018 141.069 175
53.9294 140.535 176
55.8645 140.571 177
57.9384 140.369 178
60.1125 139.71 179
62.0927 138.914 180
63.8182 138.259 181
65.6392 138.094 182
67.4585 138.124 183
69.6686 137.708 184
-------------
22 151 161
24.3585 150.93 162
27.0014 150.464 163
29.2892 149.623 164
31.2018 148.9 165
33.2116 148.715 166
35.154 148.707 167
37.3261 148.13 168
39.3984 147.277 169
41.2979 146.413 170
43.1923 146.08 171
45.1121 146.188 172
47.4563 145.921 173
49.9232 145.267 174
51.9091 144.364 175
53.7193 143.89 176
55.6186 143.941 177
57.7074 143.737 178
60.0414 143.178 179
62.0262 142.529 180
63.7347 141.921 181
65.5812 141.733 182
67.371 141.757 183
69.5903 141.346 184
71.5803 141.203 185
72.992 140.887 186
74.3941 140.665 187
75.7888 140.724 188
77.5357 140.314 189
79.284 139.797 190
80.7805 139.323 191
82.3216 138.968 192
83.7442 138.975 193
85.3535 138.859 194
87.2777 138.297 195
-------------
28 139 164
29.9407 138.235 165
31.6344 137.988 166
33.496 137.949 167
35.2828 137.361 168
37.1684 136.462 169
39.141 135.574 170
41.0388 135.245 171
42.9635 135.365 172
45.2374 135.117 173
47.5737 134.406 174
49.6058 133.411 175
51.3904 132.903 176
53.2718 132.94 177
55.1488 132.799 178
56.9925 132.122 179
58.8775 131.254 180
60.6276 130.596 181
62.4517 130.443 182
64.2793 130.472 183
66.3797 130.065 184
68.4516 129.412 185
69.8628 128.96 186
70.2159 128.861 187
-------------
25 151 164
27.0036 150.249 165
29.036 150.056 166
30.9915 150.028 167
33.2694 149.491 168
35.3955 148.682 169
37.2925 147.994 170
39.1865 147.662 171
41.1158 147.756 172
43.4619 147.487 173
46.0487 146.932 174
48.1923 146.228 175
50.1229 145.748 176
52.0362 145.737 177
54.1335 145.529 178
56.5728 145.019 179
58.5675 144.614 180
60.2596 144.042 181
62.0544 143.842 182
63.8422 143.87 183
66.0614 143.459 184
68.2881 143.384 185
70.0071 143.219 186
71.5131 142.996 187
72.8946 143.042 188
74.6339 142.615 189
-------------
31 142 165
32.8788 141.766 166
34.8107 141.72 167
36.909 141.089 168
38.9855 140.215 169
40.959 139.324 170
42.8548 138.988 171
44.7462 139.094 172
47.0785 138.83 173
49.5256 138.141 174
51.5824 137.159 175
53.5024 136.618 176
55.4274 136.613 177
57.4254 136.417 178
59.5372 135.746 179
61.5214 134.938 180
63.2727 134.276 181
65.0969 134.118 182
66.9247 134.144 183
69.0454 133.731 184
-------------
31 151 165
32.8892 150.807 166
34.7908 150.792 167
37.0446 150.255 168
39.1518 149.512 169
41.145 149.092 170
43.126 148.764 171
45.0521 148.849 172
47.4007 148.581 173
49.9116 148.067 174
-------------
34 151 169
35.8404 150.521 170
37.6758 150.218 171
39.5635 150.293 172
41.907 150.024 173
44.758 149.692 174
47.0719 149.361 175
49.1069 148.943 176
50.9716 148.854 177
53.0381 148.632 178
55.6001 148.318 179
57.6255 148.159 180
-------------
52 148 175
53.6317 147.643 176
55.2799 147.643 177
57.3411 147.427 178
59.7579 146.953 179
61.8082 146.76 180
63.3694 146.302 181
65.2622 146.065 182
66.8824 146.085 183
69.0946 145.671 184
70.9398 145.686 185
-------------
52 151 176
53.5183 150.973 177
55.5766 150.755 178
58.0721 150.516 179
60.1822 150.538 180
-------------
58 142 177
60.0522 141.805 178
62.1663 141.184 179
64.0351 140.495 180
65.7285 139.867 181
67.5319 139.707 182
-------------
52 151 178
54.5525 151.082 179
56.6676 151.295 180
57.7383 151.124 181
58.4716 151.061 182
59.5563 151.107 183
-------------
61 148 182
62.4898 148.062 183
64.708 147.684 184
67.0543 147.809 185
-------------
76 136 187
77.3962 136.061 188
79.0424 135.66 189
80.6255 134.925 190
82.0678 134.136 191
83.5689 133.699 192
84.9935 133.722 193
86.7321 133.655 194
88.6318 133.066 195
90.2345 132.445 196
91.5832 131.846 197
92.9284 131.8 198
94.2498 131.833 199
-------------
76 133 188
77.6013 132.597 189
79.1768 131.843 190
80.6333 131.017 191
82.1359 130.578 192
83.5622 130.604 193
85.3012 130.539 194
87.201 129.949 195
88.7689 129.252 196
90.1159 128.621 197
91.4788 128.566 198
92.7997 128.598 199
-------------
79 133 188
80.6184 132.594 189
82.1918 131.842 190
83.6416 131.019 191
85.1372 130.582 192
86.5593 130.603 193
88.2952 130.538 194
90.1925 129.948 195
91.7523 129.271 196
93.0905 128.638 197
94.4525 128.583 198
95.7744 128.616 199
-------------
76 145 188
77.7646 144.552 189
79.5775 144.475 190
80.9724 144.259 191
82.4598 143.963 192
83.8266 144.032 193
85.3596 143.899 194
-------------
76 130 190
77.4293 129.187 191
78.9254 128.751 192
80.3864 128.802 193
82.126 128.739 194
84.0396 128.146 195
85.5998 127.42 196
86.952 126.808 197
88.3155 126.754 198
89.6361 126.789 199
-------------
82 139 190
83.4594 138.557 191
85.0027 138.208 192
86.4381 138.222 193
88.064 138.122 194
89.9286 137.596 195
-------------
85 127 192
86.4546 127.02 193
88.1935 126.954 194
90.0601 126.376 195
91.5693 125.697 196
92.9072 125.063 197
94.2611 124.993 198
95.5774 125.026 199
-------------
79 139 192
80.3639 138.997 193
81.9423 138.892 194
83.9534 138.401 195
85.9773 138.303 196
87.4253 137.956 197
88.7934 137.881 198
90.0439 137.851 199
-------------
79 142 192
79.9964 141.998 193
81.4209 141.882 194
83.4804 141.54 195
85.5158 141.572 196
-------------
79 133 194
80.9302 132.41 195
82.5503 131.815 196
83.7685 131.386 197
84.9486 131.357 198
-------------
10 142 158
12.1518 140.988 159
14.1464 140.54 160
16.257 140.558 161
18.588 140.505 162
21.0518 139.981 163
23.2001 139.072 164
-------------
13 142 158
15.0527 140.995 159
17.0317 140.548 160
19.1381 140.566 161
21.4394 140.505 162
23.8392 139.949 163
25.9415 139.013 164
27.8893 138.23 165
29.6858 138.049 166
31.6147 138.022 167
33.4306 137.413 168
35.3378 136.515 169
37.3115 135.626 170
39.2109 135.297 171
41.1369 135.415 172
43.4355 135.172 173
45.7723 134.475 174
47.8028 133.477 175
49.5952 132.986 176
51.4738 133.029 177
53.3551 132.908 178
55.1979 132.296 179
57.0804 131.442 180
58.8132 130.788 181
60.632 130.634 182
62.4578 130.661 183
64.5389 130.231 184
66.5809 129.591 185
68.0273 129.118 186
-------------
7 145 158
9.1733 143.999 159
11.1768 143.546 160
13.2801 143.563 161
15.6089 143.52 162
18.1154 142.999 163
20.1814 142.123 164
-------------
10 145 158
12.1733 143.992 159
14.1852 143.535 160
16.2963 143.552 161
18.6536 143.485 162
21.2072 142.945 163
23.4322 142.02 164
25.4188 141.238 165
27.3687 141.082 166
29.3234 141.055 167
31.3642 140.448 168
33.3599 139.566 169
35.3315 138.675 170
37.2299 138.341 171
39.156 138.456 172
41.4884 138.199 173
43.8583 137.493 174
45.9008 136.502 175
47.8342 135.996 176
49.7702 136.007 177
51.7617 135.86 178
53.7954 135.247 179
55.7546 134.426 180
57.5013 133.76 181
59.3199 133.612 182
61.1262 133.645 183
63.3061 133.225 184
65.3132 132.597 185
66.8583 132.168 186
68.3345 131.965 187
-------------
13 145 158
15.1546 144.005 159
17.1654 143.548 160
19.2758 143.565 161
21.6286 143.493 162
24.1436 142.943 163
26.3781 142.022 164
28.3729 141.239 165
30.3007 141.05 166
32.2519 141.016 167
34.3332 140.373 168
36.399 139.488 169
38.3736 138.597 170
40.273 138.263 171
42.1997 138.381 172
44.5364 138.12 173
46.9648 137.422 174
49.0163 136.427 175
50.9413 135.901 176
52.8726 135.91 177
54.8544 135.728 178
56.9773 135.076 179
58.9403 134.226 180
60.693 133.563 181
62.518 133.406 182
64.3477 133.435 183
66.4986 133.015 184
68.5847 132.356 185
70.0851 131.887 186
-------------
7 148 158
9.19924 147.022 159
11.2045 146.571 160
13.3121 146.592 161
15.6673 146.529 162
18.3325 146.062 163
20.5836 145.221 164
22.5895 144.457 165
24.6124 144.273 166
26.5745 144.241 167
28.73 143.652 168
30.8228 142.808 169
32.7807 141.95 170
34.6765 141.615 171
36.6029 141.716 172
38.941 141.453 173
41.3657 140.796 174
-------------
10 148 158
12.1954 147.005 159
14.2068 146.547 160
16.3162 146.564 161
18.6767 146.495 162
21.3091 145.998 163
23.5924 145.111 164
25.5957 144.333 165
27.6184 144.146 166
29.5817 144.113 167
31.7569 143.506 168
33.8585 142.649 169
35.8314 141.762 170
37.7289 141.427 171
39.6564 141.54 172
41.9971 141.276 173
44.4533 140.594 174
46.5471 139.644 175
48.4857 139.132 176
50.4274 139.14 177
52.4952 138.949 178
54.7088 138.336 179
56.7072 137.534 180
58.4539 136.879 181
60.2756 136.718 182
62.0955 136.749 183
64.313 136.336 184
66.4337 135.781 185
68.0129 135.36 186
69.5151 135.14 187
70.9123 135.198 188
-------------
13 148 158
15.1728 147.012 159
17.1839 146.553 160
19.291 146.566 161
21.6504 146.493 162
24.2822 145.995 163
26.5707 145.108 164
28.571 144.325 165
30.5943 144.128 166
32.5573 144.094 167
34.7246 143.475 168
36.8241 142.606 169
38.797 141.714 170
40.6934 141.377 171
42.5922 141.496 172
44.9306 141.232 173
47.3833 140.546 174
49.454 139.563 175
51.385 139.035 176
53.326 139.046 177
55.3726 138.856 178
57.5512 138.205 179
59.5476 137.394 180
61.2981 136.731 181
63.1216 136.57 182
64.9457 136.598 183
67.1572 136.183 184
69.2546 135.557 185
70.8037 135.111 186
72.1632 134.857 187
73.5596 134.916 188
75.1036 134.547 189
76.6935 133.835 190
78.1478 133.025 191
79.6535 132.588 192
81.0732 132.618 193
82.8138 132.552 194
84.7402 131.964 195
86.3942 131.315 196
87.773 130.732 197
89.1367 130.677 198
90.4591 130.707 199
-------------
10 151 158
12.243 150.082 159
14.2047 149.657 160
16.3088 149.678 161
18.67 149.607 162
21.3501 149.148 163
23.6692 148.313 164
25.6743 147.547 165
27.7068 147.355 166
29.6719 147.323 167
31.9011 146.743 168
34.0111 145.901 169
35.9688 145.046 170
37.8639 144.712 171
39.7941 144.809 172
42.1376 144.543 173
44.6738 143.925 174
46.7992 143.064 175
48.7341 142.558 176
50.6744 142.563 177
52.7723 142.356 178
55.1027 141.78 179
57.069 141.052 180
58.7872 140.422 181
60.6066 140.254 182
62.4268 140.284 183
64.6461 139.872 184
66.8031 139.677 185
68.4177 139.313 186
69.9217 139.094 187
71.3186 139.153 188
-------------
13 151 158
15.1858 150.103 159
17.1881 149.646 160
19.2888 149.662 161
21.6486 149.59 162
24.3027 149.111 163
26.5948 148.239 164
28.5887 147.461 165
30.6193 147.268 166
32.5833 147.242 167
34.7632 146.632 168
36.8607 145.768 169
38.7986 144.891 170
40.6931 144.556 171
42.6229 144.659 172
44.9658 144.392 173
47.4208 143.709 174
49.4841 142.779 175
51.3866 142.264 176
53.3276 142.278 177
55.42 142.073 178
57.658 141.446 179
59.6537 140.663 180
61.3761 140.024 181
63.1986 139.857 182
65.021 139.886 183
67.2397 139.473 184
69.4024 139.226 185
70.9659 138.827 186
72.4092 138.6 187
73.8056 138.659 188
75.5361 138.256 189
77.2573 137.67 190
78.7149 137.071 191
80.2225 136.67 192
81.6253 136.685 193
83.3544 136.615 194
85.2978 136.05 195
87.1292 135.66 196
88.5393 135.226 197
89.8957 135.161 198
91.217 135.18 199
-------------
10 151 160
12.0384 151.09 161
14.3705 151.033 162
17.0097 150.631 163
19.2016 149.951 164
21.1712 149.219 165
23.1754 149.031 166
25.103 148.995 167
-------------
22 148 161
24.3527 147.925 162
26.9963 147.446 163
29.2832 146.573 164
31.2648 145.788 165
33.2924 145.592 166
35.2517 145.566 167
37.4153 144.956 168
39.5136 144.087 169
41.4239 143.207 170
43.3176 142.87 171
45.1712 142.999 172
47.51 142.734 173
49.9621 142.049 174
52.018 141.069 175
53.9294 140.535 176
55.8645 140.571 177
57.9384 140.369 178
60.1125 139.71 179
62.0927 138.914 180
63.8182 138.259 181
65.6392 138.094 182
67.4585 138.124 183
69.6686 137.708 184
-------------
22 151 161
24.3585 150.93 162
27.0014 150.464 163
29.2892 149.623 164
31.2018 148.9 165
33.2116 148.715 166
35.154 148.707 167
37.3261 148.13 168
39.3984 147.277 169
41.2979 146.413 170
43.1923 146.08 171
45.1121 146.188 172
47.4563 145.921 173
49.9232 145.267 174
51.9091 144.364 175
53.7193 143.89 176
55.6186 143.941 177
57.7074 143.737 178
60.0414 143.178 179
62.0262 142.529 180
63.7347 141.921 181
65.5812 141.733 182
67.371 141.757 183
69.5903 141.346 184
71.5803 141.203 185
72.992 140.887 186
74.3941 140.665 187
75.7888 140.724 188
77.5357 140.314 189
79.284 139.797 190
80.7805 139.323 191
82.3216 138.968 192
83.7442 138.975 193
85.3535 138.859 194
87.2777 138.297 195
-------------
28 139 164
29.9407 138.235 165
31.6344 137.988 166
33.496 137.949 167
35.2828 137.361 168
37.1684 136.462 169
39.141 135.574 170
41.0388 135.245 171
42.9635 135.365 172
45.2374 135.117 173
47.5737 134.406 174
49.6058 133.411 175
51.3904 132.903 176
53.2718 132.94 177
55.1488 132.799 178
56.9925 132.122 179
58.8775 131.254 180
60.6276 130.596 181
62.4517 130.443 182
64.2793 130.472 183
66.3797 130.065 184
68.4516 129.412 185
69.8628 128.96 186
70.2159 128.861 187
-------------
25 151 164
27.0036 150.249 165
29.036 150.056 166
30.9915 150.028 167
33.2694 149.491 168
35.3955 148.682 169
37.2925 147.994 170
39.1865 147.662 171
41.1158 147.756 172
43.4619 147.487 173
46.0487 146.932 174
48.1923 146.228 175
50.1229 145.748 176
52.0362 145.737 177
54.1335 145.529 178
56.5728 145.019 179
58.5675 144.614 180
60.2596 144.042 181
62.0544 143.842 182
63.8422 143.87 183
66.0614 143.459 184
68.2881 143.384 185
70.0071 143.219 186
71.5131 142.996 187
72.8946 143.042 188
74.6339 142.615 189
-------------
31 142 165
32.8788 141.766 166
34.8107 141.72 167
36.909 141.089 168
38.9855 140.215 169
40.959 139.324 170
42.8548 138.988 171
44.7462 139.094 172
47.0785 138.83 173
49.5256 138.141 174
51.5824 137.159 175
53.5024 136.618 176
55.4274 136.613 177
57.4254 136.417 178
59.5372 135.746 179
61.5214 134.938 180
63.2727 134.276 181
65.0969 134.118 182
66.9247 134.144 183
69.0454 133.731 184
-------------
31 151 165
32.8892 150.807 166
34.7908 150.792 167
37.0446 150.255 168
39.1518 149.512 169
41.145 149.092 170
43.126 148.764 171
45.0521 148.849 172
47.4007 148.581 173
49.9116 148.067 174
-------------
34 151 169
35.8404 150.521 170
37.6758 150.218 171
39.5635 150.293 172
41.907 150.024 173
44.758 149.692 174
47.0719 149.361 175
49.1069 148.943 176
50.9716 148.854 177
53.0381 148.632 178
55.6001 148.318 179
57.6255 148.159 180
-------------
52 148 175
53.6317 147.643 176
55.2799 147.643 177
57.3411 147.427 178
59.7579 146.953 179
61.8082 146.76 180
63.3694 146.302 181
65.2622 146.065 182
66.8824 146.085 183
69.0946 145.671 184
70.9398 145.686 185
-------------
52 151 176
53.5183 150.973 177
55.5766 150.755 178
58.0721 150.516 179
60.1822 150.538 180
-------------
58 142 177
60.0522 141.805 178
62.1663 141.184 179
64.0351 140.495 180
65.7285 139.867 181
67.5319 139.707 182
-------------
52 151 178
54.5525 151.082 179
56.6676 151.295 180
57.7383 151.124 181
58.4716 151.061 182
59.5563 151.107 183
-------------
61 148 182
62.4898 148.062 183
64.708 147.684 184
67.0543 147.809 185
-------------
76 136 187
77.3962 136.061 188
79.0424 135.66 189
80.6255 134.925 190
82.0678 134.136 191
83.5689 133.699 192
84.9935 133.722 193
86.7321 133.655 194
88.6318 133.066 195
90.2345 132.445 196
91.5832 131.846 197
92.9284 131.8 198
94.2498 131.833 199
-------------
76 133 188
77.6013 132.597 189
79.1768 131.843 190
80.6333 131.017 191
82.1359 130.578 192
83.5622 130.604 193
85.3012 130.539 194
87.201 129.949 195
88.7689 129.252 196
90.1159 128.621 197
91.4788 128.566 198
92.7997 128.598 199
-------------
79 133 188
80.6184 132.594 189
82.1918 131.842 190
83.6416 131.019 191
85.1372 130.582 192
86.5593 130.603 193
88.2952 130.538 194
90.1925 129.948 195
91.7523 129.271 196
93.0905 128.638 197
94.4525 128.583 198
95.7744 128.616 199
-------------
76 145 188
77.7646 144.552 189
79.5775 144.475 190
80.9724 144.259 191
82.4598 143.963 192
83.8266 144.032 193
85.3596 143.899 194
-------------
76 130 190
77.4293 129.187 191
78.9254 128.751 192
80.3864 128.802 193
82.126 128.739 194
84.0396 128.146 195
85.5998 127.42 196
86.952 126.808 197
88.3155 126.754 198
89.6361 126.789 199
-------------
82 139 190
83.4594 138.557 191
85.0027 138.208 192
86.4381 138.222 193
88.064 138.122 194
89.9286 137.596 195
-------------
85 127 192
86.4546 127.02 193
88.1935 126.954 194
90.0601 126.376 195
91.5693 125.697 196
92.9072 125.063 197
94.2611 124.993 198
95.5774 125.026 199
-------------
79 139 192
80.3639 138.997 193
81.9423 138.892 194
83.9534 138.401 195
85.9773 138.303 196
87.4253 137.956 197
88.7934 137.881 198
90.0439 137.851 199
-------------
79 142 192
79.9964 141.998 193
81.4209 141.882 194
83.4804 141.54 195
85.5158 141.572 196
-------------
79 133 194
80.9302 132.41 195
82.5503 131.815 196
83.7685 131.386 197
84.9486 131.357 198
-------------
