232 142 69
230.003 142.377 70
227.675 142.691 71
225.295 142.532 72
223.283 142.391 73
221.39 142.473 74
219.318 142.919 75
217.042 143.328 76
214.695 143.248 77
212.636 143.047 78
210.597 143.228 79
208.352 143.804 80
205.942 144.139 81
203.476 143.966 82
201.545 143.83 83
199.563 143.972 84
197.489 144.55 85
195.164 144.957 86
192.755 145.048 87
190.717 144.883 88
188.759 144.994 89
186.727 145.448 90
184.414 145.98 91
181.861 145.999 92
179.808 145.865 93
177.969 145.885 94
176.025 146.31 95
173.915 146.872 96
171.651 147.176 97
169.637 147.274 98
167.78 147.338 99
165.651 147.784 100
163.339 148.296 101
160.788 148.529 102
158.274 148.42 103
156.206 148.363 104
154.123 148.675 105
151.93 149.318 106
149.588 149.629 107
147.229 149.544 108
144.952 149.568 109
142.729 149.794 110
140.293 150.445 111
137.581 150.847 112
135.097 150.794 113
132.88 150.734 114
130.734 151.043 115
128.454 151.661 116
126.015 152.046 117
123.663 152.11 118
121.308 152.067 119
119.038 152.341 120
116.584 152.989 121
113.795 153.233 122
111.223 153.132 123
108.95 153.038 124
106.842 153.223 125
104.583 153.839 126
102.073 154.298 127
99.6511 154.287 128
97.3328 154.227 129
94.9204 154.384 130
92.39 154.927 131
89.6175 155.243 132
86.8892 155.265 133
84.3499 155.384 134
81.9304 155.774 135
79.3679 156.314 136
76.6992 156.809 137
-------------
232 145 69
229.913 145.375 70
227.581 145.683 71
225.2 145.522 72
223.273 145.388 73
221.478 145.406 74
219.508 145.665 75
217.189 146.018 76
214.837 145.941 77
212.687 145.817 78
210.516 146.055 79
208.241 146.618 80
205.82 146.945 81
203.347 146.779 82
201.415 146.66 83
199.624 146.69 84
197.655 147.118 85
195.295 147.503 86
192.867 147.592 87
190.718 147.484 88
188.71 147.592 89
186.653 147.997 90
184.333 148.532 91
181.78 148.55 92
179.727 148.418 93
177.897 148.436 94
176.009 148.745 95
173.896 149.271 96
171.493 149.638 97
169.429 149.785 98
167.561 149.858 99
165.425 150.278 100
163.166 150.746 101
160.619 150.98 102
158.104 150.873 103
156.037 150.801 104
153.971 151.102 105
151.8 151.738 106
149.412 152.028 107
147.046 151.943 108
144.768 151.97 109
142.547 152.192 110
140.115 152.83 111
137.403 153.235 112
134.917 153.216 113
132.716 153.155 114
130.655 153.407 115
128.472 153.958 116
126.03 154.339 117
123.666 154.421 118
121.245 154.432 119
118.979 154.715 120
116.529 155.359 121
113.74 155.602 122
111.168 155.502 123
108.904 155.415 124
106.98 155.572 125
104.782 156.144 126
102.271 156.604 127
99.8445 156.596 128
97.5222 156.535 129
-------------
232 148 69
229.544 148.391 70
227.217 148.693 71
224.922 148.506 72
-------------
229 151 69
226.397 151.702 70
224.04 151.966 71
-------------
232 136 70
229.782 136.345 71
227.656 136.258 72
225.672 136.137 73
223.796 136.396 74
221.71 136.832 75
219.678 137.257 76
217.877 137.298 77
216.05 137.136 78
214.225 137.304 79
212.214 137.868 80
210.352 138.248 81
208.249 138.056 82
206.352 137.93 83
204.497 138.084 84
202.815 138.557 85
200.668 138.896 86
198.866 138.997 87
-------------
229 139 70
226.733 139.333 71
224.542 139.262 72
222.545 139.128 73
220.645 139.326 74
218.547 139.777 75
216.445 140.283 76
-------------
232 139 70
229.679 139.317 71
227.464 139.205 72
225.453 139.06 73
223.449 139.269 74
221.326 139.73 75
219.185 140.186 76
216.973 140.06 77
214.928 139.85 78
212.902 140.049 79
210.749 140.618 80
208.498 140.973 81
206.152 140.756 82
204.223 140.601 83
202.212 140.79 84
200.148 141.407 85
197.973 141.802 86
195.715 141.882 87
193.647 141.767 88
191.643 141.878 89
189.593 142.357 90
187.23 142.874 91
184.813 142.894 92
182.795 142.742 93
180.955 142.754 94
178.985 143.17 95
176.9 143.721 96
174.76 143.982 97
172.762 144.052 98
170.911 144.121 99
168.782 144.567 100
166.467 145.081 101
163.918 145.318 102
161.412 145.221 103
159.28 145.216 104
157.186 145.531 105
154.984 146.173 106
152.71 146.519 107
150.429 146.501 108
148.15 146.524 109
145.9 146.759 110
143.442 147.399 111
140.778 147.797 112
138.294 147.738 113
136.056 147.683 114
133.849 148.023 115
131.543 148.652 116
129.107 149.04 117
126.759 149.132 118
124.435 149.076 119
122.144 149.353 120
119.686 150.004 121
116.899 150.256 122
114.325 150.167 123
112.046 150.079 124
109.821 150.391 125
107.549 151.024 126
105.052 151.51 127
102.65 151.559 128
100.332 151.502 129
97.9132 151.672 130
95.3819 152.221 131
92.6088 152.544 132
89.8795 152.565 133
87.343 152.684 134
84.9599 153.075 135
82.4852 153.611 136
79.8591 154.126 137
77.2851 154.229 138
74.9285 154.281 139
72.8301 154.232 140
70.5494 154.553 141
67.8694 154.948 142
64.9102 154.973 143
62.2738 155.057 144
60.0005 154.912 145
57.5615 155.269 146
54.8436 155.995 147
52.1584 156.329 148
-------------
232 145 70
229.666 145.307 71
227.286 145.149 72
225.25 145.039 73
223.318 145.095 74
221.226 145.468 75
218.908 145.829 76
216.562 145.743 77
214.38 145.627 78
212.216 145.897 79
209.938 146.463 80
207.513 146.789 81
205.061 146.624 82
203.118 146.505 83
201.207 146.6 84
199.159 147.098 85
196.788 147.48 86
194.353 147.561 87
192.192 147.459 88
190.179 147.567 89
188.11 147.986 90
185.74 148.525 91
183.187 148.545 92
181.133 148.412 93
179.299 148.424 94
177.379 148.74 95
175.264 149.264 96
172.929 149.557 97
170.914 149.653 98
169.053 149.72 99
166.93 150.145 100
164.658 150.629 101
162.113 150.863 102
159.596 150.757 103
157.506 150.693 104
155.433 150.995 105
153.249 151.632 106
150.861 151.922 107
148.494 151.836 108
146.215 151.862 109
143.992 152.085 110
141.552 152.72 111
138.839 153.125 112
136.352 153.107 113
134.134 153.051 114
132.073 153.301 115
129.89 153.843 116
127.449 154.223 117
125.079 154.306 118
122.629 154.306 119
120.34 154.576 120
117.889 155.22 121
115.1 155.464 122
112.527 155.364 123
110.25 155.28 124
108.322 155.438 125
106.12 156.014 126
103.608 156.481 127
101.173 156.519 128
98.8425 156.457 129
96.4256 156.611 130
-------------
232 136 71
229.869 135.908 72
227.877 135.801 73
225.876 136.058 74
223.799 136.493 75
221.828 136.893 76
-------------
232 139 71
229.792 138.898 72
227.765 138.767 73
225.62 139.036 74
223.418 139.489 75
221.318 139.895 76
219.052 139.757 77
216.939 139.603 78
214.787 139.891 79
212.545 140.453 80
210.42 140.741 81
208.075 140.535 82
206.093 140.443 83
204.072 140.661 84
201.94 141.281 85
199.666 141.641 86
197.489 141.699 87
195.403 141.6 88
193.393 141.711 89
191.333 142.187 90
188.937 142.705 91
186.568 142.738 92
184.549 142.583 93
182.71 142.588 94
180.733 142.957 95
178.633 143.49 96
176.586 143.702 97
174.591 143.766 98
172.748 143.854 99
170.62 144.298 100
168.305 144.812 101
165.755 145.054 102
163.284 144.99 103
161.149 144.993 104
159.057 145.308 105
156.845 145.944 106
154.584 146.293 107
152.395 146.317 108
150.124 146.334 109
147.872 146.568 110
145.404 147.197 111
142.723 147.585 112
140.288 147.519 113
138.047 147.471 114
135.843 147.814 115
133.539 148.444 116
131.106 148.834 117
128.753 148.943 118
126.441 148.892 119
124.153 149.165 120
121.696 149.816 121
118.911 150.072 122
116.34 149.99 123
114.064 149.908 124
111.855 150.229 125
109.6 150.86 126
107.213 151.333 127
-------------
232 142 71
229.776 141.896 72
227.726 141.797 73
225.606 141.991 74
223.363 142.433 75
221.081 142.835 76
218.766 142.701 77
216.603 142.546 78
214.437 142.841 79
212.153 143.411 80
209.717 143.723 81
207.294 143.532 82
205.347 143.409 83
203.313 143.606 84
201.161 144.233 85
198.791 144.617 86
196.366 144.689 87
194.233 144.561 88
192.219 144.667 89
190.155 145.135 90
187.729 145.658 91
185.18 145.677 92
183.125 145.543 93
181.284 145.544 94
179.328 145.935 95
177.221 146.489 96
175.049 146.747 97
173.052 146.815 98
171.195 146.879 99
169.07 147.326 100
166.756 147.84 101
164.207 148.081 102
161.691 147.975 103
159.566 147.945 104
157.474 148.259 105
155.27 148.899 106
152.958 149.236 107
150.607 149.159 108
148.327 149.182 109
146.078 149.409 110
143.615 150.045 111
140.901 150.448 112
138.414 150.393 113
136.175 150.338 114
134.011 150.652 115
131.72 151.27 116
129.283 151.656 117
126.905 151.745 118
124.446 151.715 119
122.155 151.984 120
119.699 152.633 121
116.911 152.88 122
114.335 152.783 123
112.057 152.698 124
109.895 152.958 125
107.628 153.589 126
105.114 154.066 127
102.681 154.11 128
100.351 154.048 129
97.9314 154.203 130
95.3984 154.746 131
92.6249 155.062 132
89.8961 155.083 133
87.3577 155.2 134
84.9575 155.581 135
82.4211 156.114 136
79.7826 156.609 137
-------------
232 145 71
229.776 144.915 72
227.709 144.906 73
225.684 145.013 74
223.435 145.43 75
221.073 145.752 76
218.748 145.619 77
216.553 145.507 78
214.386 145.804 79
212.099 146.371 80
209.618 146.633 81
207.181 146.472 82
205.233 146.356 83
203.205 146.543 84
201.055 147.138 85
198.677 147.518 86
196.211 147.6 87
194.041 147.505 88
192.025 147.614 89
189.946 148.049 90
187.496 148.582 91
184.943 148.602 92
182.884 148.468 93
181.046 148.463 94
179.12 148.744 95
176.992 149.255 96
174.696 149.495 97
172.703 149.567 98
170.846 149.631 99
168.743 150.059 100
166.455 150.555 101
163.914 150.789 102
161.396 150.684 103
159.291 150.623 104
157.217 150.925 105
155.017 151.558 106
152.628 151.853 107
150.26 151.765 108
147.977 151.791 109
145.748 152.015 110
143.289 152.642 111
140.577 153.047 112
138.087 153.027 113
135.853 152.975 114
133.796 153.223 115
131.625 153.756 116
129.184 154.134 117
126.8 154.226 118
124.282 154.21 119
121.992 154.479 120
119.538 155.124 121
116.75 155.369 122
114.176 155.271 123
111.896 155.188 124
109.959 155.37 125
107.765 155.95 126
105.251 156.425 127
102.815 156.469 128
100.481 156.406 129
98.063 156.56 130
-------------
232 148 71
229.781 147.979 72
227.711 148.01 73
225.871 148.066 74
223.631 148.479 75
221.23 148.744 76
218.91 148.63 77
216.701 148.535 78
214.528 148.836 79
212.239 149.401 80
209.73 149.674 81
207.29 149.546 82
205.306 149.451 83
203.309 149.608 84
201.237 150.13 85
198.857 150.506 86
196.388 150.589 87
194.205 150.505 88
192.189 150.614 89
190.11 151.02 90
187.656 151.55 91
185.104 151.584 92
182.976 151.456 93
181.144 151.404 94
179.242 151.622 95
177.107 152.022 96
174.768 152.249 97
172.777 152.326 98
170.92 152.391 99
168.865 152.796 100
166.644 153.227 101
164.144 153.454 102
161.624 153.35 103
159.509 153.281 104
157.442 153.575 105
155.281 154.15 106
152.888 154.44 107
150.517 154.35 108
148.233 154.377 109
146.009 154.6 110
143.563 155.2 111
140.854 155.607 112
138.367 155.593 113
136.131 155.541 114
134.076 155.787 115
131.924 156.306 116
129.483 156.683 117
-------------
232 136 72
229.989 136.006 73
227.858 136.317 74
225.881 136.721 75
223.88 137.089 76
-------------
232 139 72
229.912 139.038 73
227.702 139.379 74
225.465 139.823 75
223.346 140.196 76
221.123 140.079 77
218.959 139.975 78
216.792 140.275 79
214.539 140.805 80
212.222 141.055 81
209.897 140.879 82
207.901 140.815 83
205.838 141.091 84
203.714 141.728 85
201.351 142.102 86
199.211 142.187 87
197.187 142.107 88
195.171 142.219 89
193.101 142.687 90
190.657 143.21 91
188.355 143.324 92
186.312 143.181 93
184.473 143.186 94
182.495 143.548 95
180.392 144.084 96
178.318 144.312 97
176.33 144.374 98
174.511 144.489 99
172.391 144.93 100
170.079 145.444 101
167.545 145.705 102
165.191 145.649 103
163.058 145.66 104
160.992 145.976 105
158.777 146.614 106
156.576 146.941 107
-------------
232 142 72
229.916 142.03 73
227.73 142.307 74
225.475 142.741 75
223.107 143.035 76
220.797 142.89 77
218.602 142.773 78
216.433 143.072 79
214.145 143.639 80
211.642 143.872 81
209.232 143.691 82
207.262 143.598 83
205.212 143.815 84
203.027 144.448 85
200.65 144.828 86
198.212 144.911 87
196.049 144.811 88
194.031 144.919 89
191.952 145.382 90
189.501 145.906 91
186.957 145.938 92
184.9 145.803 93
183.059 145.801 94
181.098 146.138 95
178.989 146.678 96
176.816 146.934 97
174.824 147 98
172.966 147.068 99
170.845 147.515 100
168.531 148.028 101
165.981 148.277 102
163.462 148.178 103
161.331 148.153 104
159.238 148.468 105
157.015 149.107 106
154.67 149.439 107
152.35 149.383 108
150.069 149.406 109
147.817 149.635 110
145.342 150.264 111
142.627 150.668 112
140.139 150.635 113
137.897 150.586 114
135.805 150.857 115
133.548 151.464 116
131.111 151.85 117
128.724 151.95 118
126.228 151.923 119
123.936 152.191 120
121.481 152.84 121
118.694 153.087 122
116.125 152.994 123
113.851 152.912 124
111.749 153.204 125
109.509 153.83 126
106.996 154.308 127
104.563 154.357 128
102.23 154.295 129
99.8112 154.449 130
97.2787 154.988 131
94.5055 155.304 132
-------------
232 145 72
229.925 145.029 73
227.883 145.162 74
225.629 145.578 75
223.21 145.847 76
220.893 145.698 77
218.691 145.592 78
216.524 145.891 79
214.235 146.458 80
211.725 146.689 81
209.292 146.534 82
207.337 146.437 83
205.294 146.636 84
203.106 147.256 85
200.727 147.636 86
198.259 147.721 87
196.078 147.635 88
194.061 147.745 89
191.967 148.189 90
189.508 148.719 91
186.94 148.76 92
184.856 148.628 93
183.018 148.603 94
181.087 148.859 95
178.934 149.344 96
176.658 149.572 97
174.667 149.642 98
172.811 149.706 99
170.75 150.141 100
168.448 150.633 101
165.911 150.875 102
163.391 150.771 103
161.275 150.708 104
159.196 151.013 105
156.975 151.634 106
154.586 151.93 107
152.216 151.84 108
149.932 151.866 109
147.69 152.089 110
145.216 152.713 111
142.503 153.118 112
140.014 153.096 113
137.773 153.046 114
135.719 153.293 115
133.62 153.81 116
131.178 154.181 117
128.788 154.278 118
126.251 154.258 119
123.959 154.527 120
121.506 155.17 121
118.739 155.409 122
116.188 155.318 123
113.908 155.235 124
112.034 155.443 125
109.918 155.998 126
107.405 156.474 127
104.97 156.522 128
102.633 156.458 129
100.216 156.612 130
-------------
232 148 72
229.926 148.031 73
228.042 148.139 74
225.79 148.548 75
223.252 148.702 76
220.943 148.557 77
218.737 148.46 78
216.57 148.76 79
214.281 149.326 80
211.755 149.552 81
209.309 149.417 82
207.342 149.314 83
205.32 149.487 84
203.148 150.087 85
200.77 150.464 86
198.299 150.547 87
196.115 150.463 88
194.1 150.573 89
192.019 150.993 90
189.562 151.521 91
186.984 151.573 92
184.75 151.442 93
182.91 151.347 94
180.998 151.575 95
178.843 151.951 96
176.505 152.165 97
174.513 152.237 98
172.659 152.301 99
170.668 152.717 100
168.435 153.142 101
165.948 153.37 102
163.428 153.266 103
161.311 153.196 104
159.247 153.488 105
157.048 154.046 106
154.656 154.337 107
152.284 154.245 108
149.999 154.271 109
147.774 154.491 110
145.319 155.096 111
142.658 155.503 112
140.184 155.489 113
137.944 155.439 114
135.889 155.685 115
133.742 156.198 116
131.301 156.568 117
-------------
232 151 72
229.923 151.039 73
228.246 151.16 74
226.058 151.457 75
223.487 151.591 76
221.311 151.509 77
219.101 151.421 78
216.93 151.726 79
214.635 152.302 80
212.083 152.504 81
209.625 152.39 82
-------------
232 139 73
229.789 139.347 74
227.562 139.766 75
225.479 140.112 76
223.32 140.012 77
221.181 139.924 78
219.021 140.228 79
216.81 140.743 80
214.512 141.022 81
212.354 140.949 82
210.361 140.927 83
208.287 141.259 84
206.172 141.913 85
203.853 142.306 86
-------------
232 142 73
229.798 142.323 74
227.539 142.759 75
225.135 143.048 76
222.844 142.895 77
220.645 142.789 78
218.475 143.091 79
216.186 143.66 80
213.677 143.893 81
211.305 143.728 82
209.326 143.669 83
207.188 144 84
204.956 144.651 85
202.576 145.033 86
200.173 145.155 87
197.992 145.084 88
195.972 145.194 89
193.875 145.642 90
191.418 146.17 91
188.894 146.209 92
186.835 146.076 93
185.013 146.053 94
183.064 146.329 95
180.952 146.854 96
178.778 147.095 97
176.825 147.163 98
174.992 147.236 99
172.891 147.679 100
170.583 148.187 101
168.034 148.439 102
165.531 148.351 103
163.435 148.333 104
161.342 148.648 105
159.111 149.279 106
156.789 149.593 107
154.51 149.515 108
152.229 149.542 109
149.98 149.768 110
147.504 150.396 111
144.789 150.8 112
142.315 150.769 113
140.074 150.721 114
138.056 150.969 115
136.062 151.483 116
133.704 151.836 117
131.314 151.94 118
128.83 151.924 119
126.551 152.191 120
-------------
232 145 73
229.96 145.181 74
227.704 145.598 75
225.238 145.829 76
222.923 145.677 77
220.719 145.574 78
218.552 145.873 79
216.262 146.44 80
213.75 146.67 81
211.33 146.52 82
209.375 146.449 83
207.278 146.719 84
205.046 147.356 85
202.666 147.737 86
200.196 147.83 87
198.008 147.754 88
195.99 147.864 89
193.883 148.311 90
191.42 148.842 91
188.844 148.896 92
186.625 148.781 93
184.807 148.735 94
182.87 148.982 95
180.65 149.44 96
178.379 149.661 97
176.389 149.73 98
174.533 149.793 99
172.507 150.22 100
170.216 150.701 101
167.675 150.945 102
165.162 150.844 103
163.047 150.774 104
160.964 151.083 105
158.729 151.699 106
156.345 151.996 107
153.976 151.904 108
151.691 151.929 109
149.446 152.147 110
146.972 152.771 111
144.261 153.177 112
141.776 153.154 113
139.535 153.105 114
137.496 153.351 115
135.479 153.841 116
133.058 154.175 117
130.666 154.273 118
128.126 154.253 119
125.835 154.521 120
123.399 155.127 121
120.748 155.293 122
-------------
232 148 73
230.124 148.136 74
227.869 148.542 75
225.266 148.671 76
222.955 148.519 77
220.75 148.421 78
218.584 148.721 79
216.294 149.286 80
213.769 149.509 81
211.311 149.38 82
209.34 149.302 83
207.304 149.478 84
205.089 150.095 85
202.716 150.47 86
200.245 150.554 87
198.059 150.47 88
196.044 150.58 89
193.953 151.015 90
191.49 151.542 91
188.903 151.6 92
186.525 151.465 93
184.717 151.348 94
182.791 151.569 95
180.572 151.911 96
178.232 152.121 97
176.241 152.192 98
174.389 152.255 99
172.421 152.677 100
170.199 153.106 101
167.815 153.297 102
165.365 153.181 103
163.246 153.111 104
161.202 153.39 105
159.04 153.856 106
156.651 154.145 107
154.279 154.052 108
151.994 154.078 109
149.796 154.267 110
147.343 154.868 111
144.81 155.271 112
142.392 155.249 113
140.153 155.2 114
138.099 155.446 115
136.029 155.902 116
133.643 156.22 117
131.252 156.317 118
128.711 156.297 119
126.43 156.563 120
-------------
226 151 73
224.343 151.059 74
222.382 151.237 75
220.065 151.483 76
217.766 151.409 77
215.554 151.315 78
-------------
232 151 73
230.298 151.098 74
228.152 151.363 75
225.539 151.488 76
223.265 151.337 77
221.066 151.248 78
218.931 151.538 79
216.639 152.104 80
214.087 152.304 81
211.618 152.181 82
-------------
220 136 74
218.009 136.401 75
216.179 136.86 76
214.378 136.977 77
212.701 136.888 78
210.961 137.032 79
209.016 137.613 80
207.156 138.03 81
205.044 137.87 82
203.189 137.699 83
201.38 137.842 84
199.702 138.326 85
197.731 138.731 86
195.913 138.784 87
-------------
232 145 74
229.741 145.417 75
227.222 145.674 76
224.909 145.513 77
222.703 145.409 78
220.533 145.711 79
218.243 146.277 80
215.732 146.506 81
213.357 146.37 82
211.447 146.345 83
209.298 146.686 84
207.045 147.325 85
204.666 147.707 86
202.216 147.816 87
200.027 147.748 88
198.009 147.858 89
195.899 148.302 90
193.435 148.834 91
190.858 148.894 92
188.597 148.78 93
186.857 148.707 94
184.932 148.939 95
182.693 149.372 96
180.497 149.567 97
178.531 149.626 98
176.821 149.665 99
174.938 150.073 100
-------------
220 148 74
218.155 148.147 75
215.859 148.487 76
213.51 148.414 77
211.322 148.299 78
208.71 148.538 79
206.304 149.076 80
204.006 149.369 81
201.549 149.202 82
-------------
220 151 74
218.046 151.162 75
215.817 151.445 76
213.655 151.404 77
211.451 151.29 78
208.498 151.682 79
206.037 152.307 80
203.713 152.58 81
-------------
232 145 75
229.434 145.196 76
227.166 144.979 77
224.966 144.872 78
222.798 145.174 79
220.515 145.737 80
218.07 145.935 81
215.932 145.807 82
214.453 145.849 83
212.312 146.185 84
210.055 146.824 85
-------------
232 148 75
229.385 148.123 76
227.069 147.964 77
224.864 147.863 78
222.755 148.14 79
220.603 148.572 80
218.341 148.688 81
215.894 148.58 82
-------------
232 151 75
229.385 151.121 76
227.069 150.963 77
224.867 150.869 78
222.844 151.064 79
220.834 151.49 80
218.602 151.565 81
216.134 151.44 82
213.97 151.228 83
211.927 151.328 84
-------------
211 136 77
209.532 135.961 78
208.182 136.076 79
206.399 136.623 80
204.788 136.952 81
202.732 136.834 82
200.919 136.674 83
199.176 136.825 84
197.567 137.318 85
195.687 137.768 86
193.921 137.815 87
192.446 137.689 88
190.749 137.761 89
188.972 138.269 90
186.75 138.808 91
184.85 138.896 92
-------------
211 151 79
208.617 151.567 80
206.193 151.842 81
203.904 151.781 82
-------------
202 139 82
200.171 138.847 83
198.382 138.978 84
196.715 139.41 85
194.719 139.841 86
192.876 139.881 87
191.271 139.688 88
189.477 139.804 89
187.594 140.294 90
185.316 140.796 91
183.144 140.886 92
181.2 140.818 93
179.358 140.871 94
177.497 141.43 95
175.609 142.051 96
173.546 142.373 97
171.605 142.515 98
169.799 142.588 99
167.669 143.034 100
165.353 143.549 101
162.804 143.784 102
160.302 143.692 103
158.175 143.692 104
156.081 144.007 105
153.884 144.65 106
151.613 144.995 107
149.392 145.007 108
147.116 145.037 109
144.865 145.331 110
142.43 145.987 111
139.798 146.391 112
137.32 146.33 113
135.085 146.273 114
132.872 146.622 115
130.566 147.252 116
128.145 147.64 117
125.822 147.716 118
123.509 147.657 119
121.22 147.94 120
118.761 148.59 121
115.979 148.841 122
113.406 148.751 123
111.128 148.661 124
108.897 148.978 125
106.622 149.611 126
104.138 150.096 127
101.753 150.155 128
99.4383 150.101 129
97.0269 150.297 130
94.5016 150.863 131
91.7303 151.19 132
89.0007 151.212 133
86.4659 151.333 134
84.0763 151.763 135
81.5446 152.325 136
78.9212 152.881 137
76.3356 152.989 138
73.967 153.058 139
71.859 153.005 140
69.4031 153.399 141
66.6146 153.92 142
63.6553 153.95 143
61.0276 154.033 144
58.7544 153.926 145
56.2085 154.415 146
53.4817 155.173 147
50.7903 155.507 148
48.0434 155.456 149
45.8152 155.321 150
43.3462 155.774 151
40.3042 156.512 152
-------------
214 148 83
211.89 148.195 84
209.635 148.816 85
207.708 148.961 86
205.458 149.037 87
203.37 148.957 88
201.366 149.065 89
199.313 149.491 90
-------------
202 151 83
200.34 150.954 84
198.38 151.334 85
196.001 151.708 86
193.541 151.795 87
191.356 151.706 88
189.338 151.815 89
187.204 152.185 90
184.807 152.727 91
182.355 152.795 92
-------------
196 151 84
194.14 151.286 85
191.802 151.64 86
189.487 151.666 87
-------------
208 151 85
205.847 151.243 86
203.375 151.325 87
201.186 151.239 88
199.192 151.319 89
197.083 151.758 90
194.626 152.258 91
192.037 152.318 92
189.643 152.176 93
188.09 152.008 94
186.194 152.16 95
183.95 152.45 96
181.608 152.658 97
179.634 152.723 98
-------------
187 151 88
184.983 151.105 89
182.834 151.452 90
180.601 151.963 91
178.32 151.956 92
-------------
181 136 93
179.301 136.206 94
177.752 136.84 95
176.238 137.473 96
174.446 137.961 97
172.598 138.149 98
-------------
178 139 93
176.361 139.295 94
174.853 140.028 95
173.106 140.745 96
171.079 141.149 97
169.225 141.295 98
167.578 141.309 99
165.447 141.754 100
163.13 142.27 101
160.581 142.504 102
158.086 142.412 103
155.984 142.409 104
153.891 142.723 105
151.694 143.369 106
149.429 143.722 107
147.171 143.741 108
144.896 143.786 109
142.662 144.125 110
140.235 144.811 111
137.601 145.223 112
135.119 145.164 113
132.895 145.098 114
130.681 145.446 115
128.375 146.078 116
126.007 146.47 117
123.727 146.499 118
121.464 146.418 119
119.196 146.735 120
116.732 147.383 121
113.987 147.647 122
111.419 147.555 123
109.141 147.46 124
106.9 147.778 125
104.597 148.398 126
102.148 148.868 127
99.7612 148.914 128
97.4485 148.861 129
95.0446 149.073 130
92.5487 149.663 131
89.7874 150 132
87.0606 150.024 133
84.5233 150.143 134
82.1258 150.589 135
79.5803 151.154 136
76.9353 151.703 137
74.3388 151.796 138
71.9504 151.87 139
69.5878 151.956 140
67.0566 152.389 141
64.279 152.892 142
61.382 152.9 143
58.6717 153.046 144
56.2739 153.094 145
53.5943 153.674 146
50.8696 154.429 147
48.177 154.764 148
45.4121 154.722 149
42.8269 154.835 150
40.0666 155.51 151
37.0199 156.245 152
33.9557 156.481 153
31.4393 156.552 154
-------------
184 139 93
182.198 139.032 94
180.401 139.535 95
178.635 139.986 96
176.787 140.217 97
174.965 140.309 98
173.334 140.456 99
171.264 140.875 100
169.028 141.337 101
-------------
178 142 93
176.224 142.085 94
174.546 142.86 95
172.523 143.543 96
170.341 143.92 97
168.408 144.073 98
166.697 144.104 99
164.566 144.552 100
162.25 145.067 101
159.699 145.299 102
157.187 145.193 103
155.175 145.134 104
153.082 145.449 105
150.885 146.094 106
148.552 146.426 107
146.223 146.379 108
143.948 146.409 109
141.721 146.727 110
139.285 147.388 111
136.611 147.787 112
134.129 147.728 113
131.91 147.66 114
129.698 148.002 115
127.393 148.634 116
124.957 149.018 117
122.627 149.069 118
120.323 149.004 119
118.054 149.308 120
115.591 149.956 121
112.812 150.199 122
110.242 150.099 123
107.964 150.003 124
105.726 150.299 125
103.434 150.917 126
100.937 151.369 127
98.5261 151.363 128
96.213 151.309 129
93.8078 151.481 130
91.288 152.029 131
88.5185 152.344 132
85.7904 152.365 133
83.2515 152.483 134
80.8339 152.875 135
78.2719 153.419 136
75.6062 153.917 137
73.0066 153.99 138
70.6175 154.062 139
68.2377 154.149 140
65.6986 154.569 141
62.9342 154.87 142
60.036 154.841 143
57.3236 154.987 144
54.7237 155.183 145
52.0444 155.761 146
49.3282 156.505 147
-------------
175 151 94
173.15 151.239 95
171.06 151.708 96
168.662 152.082 97
166.613 152.226 98
164.748 152.299 99
162.521 152.624 100
160.359 153.005 101
157.826 153.227 102
-------------
178 151 94
176.108 151.217 95
173.992 151.711 96
171.581 152.063 97
169.532 152.186 98
167.667 152.256 99
165.526 152.647 100
163.356 153.034 101
160.846 153.266 102
158.327 153.186 103
156.262 153.115 104
154.207 153.412 105
152.088 154.022 106
149.694 154.308 107
147.325 154.222 108
145.045 154.252 109
142.824 154.473 110
140.396 155.08 111
137.686 155.486 112
135.199 155.472 113
133.012 155.409 114
130.958 155.655 115
128.805 156.178 116
126.363 156.558 117
-------------
172 148 95
169.936 148.552 96
167.524 148.984 97
165.464 149.177 98
-------------
160 148 100
157.776 148.468 101
155.225 148.693 102
152.721 148.584 103
150.893 148.583 104
148.969 148.829 105
146.998 149.294 106
144.615 149.578 107
142.263 149.505 108
139.993 149.537 109
137.86 149.79 110
135.543 150.419 111
132.833 150.816 112
130.347 150.775 113
128.162 150.718 114
126.082 151.028 115
123.956 151.638 116
121.514 152.023 117
119.24 152.098 118
116.958 152.078 119
114.798 152.411 120
112.35 153.051 121
109.557 153.28 122
106.987 153.176 123
104.772 153.075 124
102.858 153.232 125
100.669 153.779 126
98.162 154.222 127
95.7456 154.203 128
93.4397 154.146 129
91.0458 154.304 130
88.5168 154.843 131
85.7447 155.146 132
83.0142 155.164 133
80.4771 155.285 134
78.057 155.669 135
75.4874 156.196 136
72.8275 156.621 137
70.2169 156.613 138
-------------
163 139 101
160.496 139.266 102
158.063 139.213 103
155.987 139.25 104
153.919 139.575 105
151.73 140.232 106
149.554 140.621 107
147.462 140.709 108
145.243 140.843 109
143.083 141.285 110
140.703 142.029 111
-------------
160 142 101
157.458 142.228 102
155.007 142.152 103
153.028 142.083 104
150.938 142.394 105
148.76 143.029 106
146.492 143.38 107
144.282 143.405 108
142.115 143.494 109
139.953 143.878 110
137.531 144.551 111
134.896 144.952 112
132.414 144.893 113
130.193 144.825 114
127.978 145.173 115
125.677 145.809 116
123.323 146.194 117
121.134 146.188 118
118.933 146.109 119
116.678 146.439 120
114.212 147.087 121
111.459 147.332 122
108.893 147.236 123
106.616 147.14 124
104.372 147.457 125
102.053 148.071 126
99.6107 148.504 127
97.2294 148.506 128
94.9182 148.453 129
92.5346 148.652 130
90.0626 149.206 131
87.3553 149.533 132
84.6694 149.548 133
82.1385 149.653 134
79.7576 150.019 135
77.2589 150.571 136
74.632 151.071 137
72.0459 151.129 138
69.6593 151.203 139
67.2802 151.295 140
64.7359 151.732 141
62.0407 152.094 142
59.2745 152.042 143
56.5631 152.188 144
53.9656 152.381 145
51.2856 152.961 146
48.5709 153.706 147
45.8876 154.027 148
43.0971 154.013 149
40.4835 154.154 150
37.6962 154.83 151
34.6599 155.536 152
31.5986 155.764 153
28.9425 155.878 154
26.2152 156.091 155
23.3922 156.957 156
-------------
160 148 101
157.448 148.229 102
154.935 148.119 103
153.064 148.089 104
151.017 148.4 105
148.858 149.035 106
146.486 149.336 107
144.137 149.258 108
141.866 149.286 109
139.699 149.569 110
137.346 150.215 111
134.635 150.612 112
132.15 150.573 113
129.959 150.509 114
127.846 150.821 115
125.671 151.444 116
123.232 151.829 117
120.933 151.9 118
118.623 151.866 119
116.439 152.191 120
113.99 152.834 121
111.198 153.07 122
108.627 152.966 123
106.374 152.868 124
104.441 153.035 125
102.239 153.597 126
99.7308 154.045 127
97.312 154.029 128
95.0049 153.971 129
92.6075 154.129 130
90.079 154.671 131
87.308 154.983 132
84.5788 155.004 133
82.0401 155.124 134
79.6202 155.513 135
77.053 156.05 136
74.3801 156.531 137
-------------
154 145 103
152.141 144.992 104
150.074 145.3 105
147.924 145.911 106
145.585 146.228 107
143.278 146.175 108
141.07 146.208 109
138.943 146.54 110
136.548 147.21 111
133.889 147.592 112
131.407 147.534 113
129.207 147.467 114
127.003 147.815 115
124.733 148.462 116
122.351 148.834 117
120.122 148.855 118
117.864 148.786 119
115.66 149.123 120
113.199 149.768 121
110.423 149.998 122
107.854 149.895 123
105.582 149.796 124
103.367 150.082 125
101.07 150.685 126
98.5737 151.128 127
96.1653 151.113 128
93.8546 151.059 129
91.4611 151.223 130
88.9749 151.743 131
86.2141 152.043 132
83.492 152.056 133
80.9652 152.161 134
78.5575 152.532 135
76.0012 153.066 136
73.3551 153.536 137
70.7419 153.525 138
68.3532 153.598 139
65.9747 153.687 140
63.432 154.089 141
60.7709 154.247 142
58 154.177 143
55.2888 154.324 144
52.6885 154.521 145
50.0087 155.099 146
47.2965 155.841 147
44.6151 156.161 148
41.8173 156.153 149
39.205 156.293 150
36.4301 156.956 151
-------------
151 151 103
149.282 151.029 104
147.588 151.231 105
145.831 151.647 106
143.445 151.926 107
141.09 151.857 108
138.817 151.888 109
136.64 152.098 110
134.381 152.676 111
131.676 153.066 112
129.215 153.035 113
-------------
154 151 103
152.188 150.987 104
150.215 151.265 105
148.184 151.859 106
145.796 152.138 107
143.43 152.061 108
141.155 152.092 109
138.941 152.311 110
136.631 152.915 111
133.919 153.317 112
131.441 153.288 113
129.306 153.225 114
127.29 153.465 115
125.181 154.039 116
122.736 154.422 117
120.403 154.536 118
118.027 154.607 119
115.867 154.937 120
113.43 155.574 121
110.637 155.805 122
108.071 155.701 123
105.917 155.611 124
104.013 155.768 125
101.821 156.328 126
99.3129 156.773 127
96.8881 156.758 128
94.5828 156.699 129
-------------
142 139 109
139.894 139.429 110
137.623 140.076 111
135.143 140.468 112
132.762 140.419 113
130.539 140.362 114
128.412 140.751 115
126.115 141.389 116
123.844 141.812 117
121.672 141.793 118
119.555 141.701 119
117.317 142.063 120
114.852 142.714 121
112.179 142.986 122
109.628 142.89 123
107.385 142.814 124
105.173 143.155 125
102.87 143.791 126
100.577 144.247 127
98.4589 144.284 128
96.247 144.218 129
94.0094 144.512 130
91.6383 145.112 131
89.1684 145.543 132
86.7265 145.575 133
84.3964 145.585 134
82.2041 145.963 135
79.8785 146.572 136
-------------
139 142 109
137.024 142.381 110
134.617 143.041 111
131.995 143.441 112
129.514 143.381 113
127.295 143.314 114
125.087 143.655 115
122.807 144.279 116
120.52 144.653 117
118.346 144.647 118
116.168 144.576 119
113.951 144.925 120
111.486 145.569 121
108.741 145.8 122
106.175 145.703 123
103.899 145.608 124
101.656 145.931 125
99.326 146.538 126
96.9356 146.942 127
94.6627 146.917 128
92.3541 146.866 129
89.9748 147.036 130
87.5399 147.555 131
84.8825 147.876 132
82.3367 147.885 133
79.9103 147.893 134
77.5888 148.175 135
75.1787 148.707 136
72.6551 149.16 137
70.1255 149.18 138
67.7604 149.247 139
65.3825 149.34 140
62.8778 149.768 141
60.2447 150.125 142
57.5134 150.064 143
54.8122 150.188 144
52.2125 150.377 145
49.5426 150.948 146
46.8264 151.692 147
44.1442 152.008 148
41.3396 151.993 149
38.7251 152.134 150
35.9371 152.806 151
32.9406 153.331 152
29.8778 153.534 153
27.0459 153.681 154
24.302 153.897 155
21.4803 154.756 156
18.8537 155.707 157
17.3782 156.194 158
-------------
136 142 113
133.79 141.929 114
131.614 142.258 115
129.353 142.842 116
127.033 143.21 117
124.914 143.196 118
122.799 143.057 119
120.597 143.343 120
118.182 143.969 121
115.554 144.246 122
-------------
133 145 116
130.641 145.38 117
128.461 145.477 118
126.175 145.417 119
123.916 145.726 120
121.463 146.38 121
118.703 146.672 122
116.153 146.635 123
113.883 146.559 124
-------------
97 136 118
95.2161 136.912 119
93.2749 137.496 120
91.5673 137.56 121
89.9197 137.676 122
88.1848 138.384 123
86.107 139.364 124
83.9285 139.887 125
81.7197 139.813 126
79.5281 139.796 127
77.277 140.263 128
74.7761 141.023 129
72.3727 141.259 130
70.3035 141.253 131
68.6005 141.451 132
-------------
112 148 119
110.521 148.19 120
108.162 148.703 121
105.446 148.904 122
-------------
94 127 120
92.4013 127.011 121
90.8615 127.143 122
89.1124 127.872 123
87.0418 128.806 124
85.0799 129.258 125
83.151 129.199 126
81.1261 129.323 127
-------------
100 136 120
98.4491 136 121
96.8545 136.043 122
95.7297 136.138 123
94.4717 136.194 124
92.7335 136.364 125
-------------
109 151 120
106.683 151.431 121
103.982 151.612 122
-------------
97 139 121
95.2541 139.065 122
94.083 139.186 123
92.7185 139.246 124
90.852 139.422 125
88.9088 139.39 126
87.3601 139.382 127
85.7326 139.419 128
-------------
82 127 122
80.3739 127.585 123
78.7384 128.227 124
76.9426 128.605 125
74.9754 128.51 126
72.9573 128.595 127
70.7813 129.217 128
-------------
109 142 122
106.469 141.885 123
104.216 141.776 124
102.007 142.087 125
99.7947 142.657 126
97.5856 143.046 127
95.4756 142.998 128
93.2409 142.92 129
91.049 143.138 130
88.863 143.713 131
86.502 144.122 132
-------------
85 142 123
82.8388 142.841 124
80.6244 143.426 125
78.407 143.357 126
76.2373 143.338 127
73.9788 143.975 128
71.5032 144.68 129
68.9407 144.99 130
66.8846 144.981 131
65.2426 145.177 132
63.1326 146.208 133
60.7806 146.776 134
58.4005 146.813 135
56.2031 146.579 136
53.929 147.023 137
51.4991 147.944 138
48.8533 148.471 139
46.5058 148.505 140
44.4068 148.565 141
42.2186 149.343 142
39.6805 150.156 143
37.0141 150.537 144
34.3643 150.489 145
31.7484 150.599 146
29.1966 151.345 147
26.4176 152.06 148
23.5718 152.229 149
21.0822 152.234 150
18.6841 152.428 151
16.0983 153.288 152
13.2618 154.149 153
10.3436 154.322 154
7.59449 154.534 155
7.4214 154.995 156
9.8308 154.643 157
-------------
91 136 124
89.1493 136.226 125
87.241 136.166 126
85.6709 136.138 127
84.0992 136.198 128
82.4519 136.363 129
80.645 136.406 130
-------------
85 142 124
82.7905 142.561 125
80.5881 142.5 126
78.4058 142.478 127
76.1168 143.073 128
73.6478 143.814 129
-------------
100 142 124
98.1082 142.165 125
96.114 142.306 126
94.5132 142.322 127
-------------
85 145 124
82.6608 145.682 125
80.4989 145.725 126
79.1117 145.703 127
-------------
100 148 125
97.6651 148.505 126
95.2497 148.903 127
92.9436 148.902 128
90.6352 148.851 129
88.2474 149.012 130
85.7932 149.487 131
83.1434 149.785 132
80.5431 149.818 133
78.0554 149.906 134
75.752 150.2 135
73.3968 150.648 136
70.9236 151.08 137
68.3815 151.071 138
65.9999 151.142 139
63.622 151.231 140
61.1008 151.63 141
58.4837 151.852 142
55.737 151.785 143
53.0289 151.934 144
50.4274 152.125 145
47.7694 152.664 146
45.0641 153.399 147
42.3839 153.714 148
39.5832 153.712 149
36.9707 153.852 150
34.2151 154.362 151
31.2985 154.773 152
28.252 154.98 153
25.4049 155.143 154
22.6605 155.36 155
19.8758 156.188 156
17.2697 157.13 157
-------------
82 139 127
79.8766 139.346 128
77.5563 139.922 129
75.3206 140.088 130
73.2687 140.097 131
71.573 140.291 132
-------------
82 142 127
80.1062 142.198 128
77.8407 142.774 129
75.5516 142.966 130
73.4394 143.029 131
71.7939 143.186 132
70.7502 143.236 133
-------------
73 148 127
71.3379 148.411 128
68.8533 148.648 129
-------------
91 142 128
89.1818 142.029 129
87.2114 142.108 130
85.221 142.366 131
-------------
79 145 128
76.7546 145.539 129
73.7692 146.083 130
71.3699 146.338 131
69.7794 146.493 132
68.648 146.526 133
66.5117 146.776 134
-------------
91 145 128
89.0245 145.032 129
86.687 145.176 130
84.2967 145.597 131
-------------
91 151 128
88.9122 150.994 129
86.5238 151.149 130
84.0635 151.571 131
-------------
79 145 129
76.661 145.198 130
74.4554 145.349 131
72.8678 145.495 132
71.7875 145.512 133
-------------
76 148 129
72.976 148.581 130
70.5148 148.928 131
68.9321 149.077 132
67.8393 149.088 133
65.6556 149.334 134
63.9364 149.429 135
-------------
67 151 129
65.4192 151.218 130
65.2309 151.216 131
63.6905 151.372 132
62.5783 151.371 133
60.185 151.834 134
-------------
76 151 130
73.5392 151.35 131
71.9521 151.497 132
70.8621 151.505 133
68.6576 151.691 134
66.8299 151.794 135
65.1056 151.759 136
-------------
70 151 131
68.4169 151.149 132
67.3262 151.156 133
65.0748 151.41 134
63.2175 151.522 135
61.4542 151.503 136
60.1844 151.567 137
58.5747 151.588 138
56.2068 151.748 139
53.8459 151.837 140
-------------
58 139 133
55.9886 139.556 134
53.8091 139.457 135
51.5719 139.222 136
49.3511 139.658 137
46.9519 140.564 138
44.3171 141.092 139
41.9555 141.038 140
39.8076 141.033 141
37.5185 141.828 142
34.9807 142.677 143
32.5508 143.013 144
30.0707 142.797 145
27.7161 142.819 146
25.2992 143.583 147
22.5832 144.279 148
19.7381 144.443 149
17.2665 144.416 150
14.8655 144.612 151
12.2765 145.519 152
9.45194 146.377 153
6.61204 146.535 154
4.34627 146.842 155
4.16839 147.297 156
6.54854 146.94 157
-------------
58 142 133
56.0886 142.515 134
53.7907 142.47 135
51.5507 142.23 136
49.3217 142.673 137
46.9293 143.601 138
44.2908 144.132 139
41.9405 144.068 140
39.8045 144.061 141
37.5292 144.869 142
34.9892 145.729 143
32.4406 146.139 144
29.9228 145.918 145
27.5124 145.94 146
25.0561 146.719 147
22.3427 147.467 148
19.4929 147.633 149
17.0238 147.606 150
14.6225 147.801 151
12.0377 148.725 152
9.22165 149.657 153
6.31109 149.826 154
4.07007 150.164 155
3.89392 150.622 156
6.28515 150.263 157
-------------
58 139 134
55.8208 138.899 135
53.5968 138.673 136
51.3673 139.112 137
48.9375 140.015 138
46.2996 140.543 139
43.938 140.491 140
41.7891 140.5 141
39.4978 141.3 142
36.9585 142.147 143
34.5053 142.478 144
32.0272 142.278 145
29.6809 142.332 146
27.2404 143.087 147
24.5147 143.768 148
21.666 143.934 149
19.1916 143.909 150
16.791 144.105 151
14.2015 145.009 152
11.3524 145.843 153
8.50758 146.015 154
6.14824 146.289 155
5.9581 146.705 156
8.33285 146.35 157
-------------
61 139 134
58.8207 138.901 135
56.6214 138.68 136
54.3759 139.112 137
51.9407 140.017 138
49.2978 140.547 139
46.9349 140.499 140
44.7913 140.527 141
42.4987 141.327 142
39.9534 142.172 143
37.4408 142.533 144
34.9386 142.347 145
32.6301 142.511 146
30.172 143.258 147
27.4358 143.928 148
24.5976 144.095 149
22.1356 144.072 150
19.7783 144.283 151
17.2927 145.16 152
14.4759 145.971 153
11.6367 146.155 154
9.13492 146.42 155
8.90893 146.771 156
11.1489 146.436 157
-------------
55 145 134
52.6462 144.989 135
50.406 144.751 136
48.2495 145.199 137
45.9287 146.088 138
43.292 146.608 139
41.1053 146.512 140
39.0359 146.499 141
36.8436 147.302 142
34.3318 148.155 143
31.7331 148.543 144
29.1695 148.343 145
26.653 148.408 146
24.1644 149.182 147
21.4681 149.934 148
18.6207 150.102 149
16.161 150.087 150
13.7602 150.282 151
11.1816 151.214 152
8.38058 152.166 153
5.467 152.337 154
3.25394 152.678 155
3.07862 153.141 156
5.47548 152.782 157
-------------
55 148 134
52.6486 147.964 135
50.4464 147.765 136
48.4945 148.162 137
46.1218 148.902 138
43.4656 149.393 139
-------------
52 136 135
49.8154 135.764 136
47.6882 136.165 137
45.3073 137.022 138
42.7526 137.511 139
40.3924 137.455 140
38.264 137.443 141
35.9902 138.165 142
-------------
55 145 135
52.7575 144.766 136
50.4931 145.218 137
48.0662 146.142 138
45.4217 146.67 139
43.1168 146.658 140
41.0188 146.691 141
38.7874 147.492 142
36.2469 148.351 143
33.6068 148.737 144
31.006 148.554 145
28.361 148.631 146
25.8189 149.404 147
23.0975 150.163 148
20.2497 150.332 149
17.7794 150.322 150
15.3788 150.518 151
12.8007 151.45 152
9.9924 152.401 153
7.07661 152.573 154
4.748 152.915 155
4.574 153.377 156
6.97782 153.021 157
-------------
55 148 135
52.7684 147.791 136
50.5926 148.229 137
48.1747 149.103 138
45.5198 149.615 139
43.2906 149.658 140
41.3919 149.71 141
39.3265 150.364 142
36.7593 151.088 143
34.1017 151.481 144
31.4467 151.401 145
28.766 151.506 146
26.2141 152.263 147
23.4901 153.013 148
20.6435 153.181 149
18.1682 153.191 150
15.7687 153.385 151
13.1933 154.313 152
10.3934 155.263 153
7.47488 155.436 154
5.03931 155.734 155
4.86532 156.198 156
7.2755 155.845 157
-------------
55 151 135
53.0404 150.946 136
51.2246 151.294 137
48.8997 151.716 138
46.2062 152.201 139
-------------
49 151 136
47.2406 151.303 137
44.8524 151.624 138
42.2155 152.044 139
-------------
52 133 137
49.6253 133.885 138
47.0615 134.399 139
44.7056 134.35 140
42.5799 134.415 141
40.2978 135.214 142
37.8895 136.066 143
35.5463 136.413 144
33.5802 136.399 145
-------------
52 136 137
49.5691 136.9 138
46.9381 137.427 139
44.5777 137.376 140
42.4304 137.407 141
40.1392 138.201 142
37.6124 139.045 143
35.1833 139.393 144
32.8702 139.246 145
30.7498 139.359 146
-------------
55 136 137
52.5662 136.901 138
49.9311 137.434 139
47.5722 137.384 140
45.4389 137.43 141
43.148 138.229 142
40.6166 139.073 143
38.1825 139.441 144
36.0586 139.284 145
-------------
46 142 137
43.8375 142.856 138
41.2864 143.351 139
38.9417 143.28 140
36.8004 143.266 141
34.5589 144.012 142
-------------
52 133 138
49.5626 133.53 139
47.2104 133.484 140
45.1408 133.607 141
42.876 134.415 142
40.5415 135.291 143
-------------
55 139 138
52.3604 139.531 139
50.0203 139.484 140
47.8959 139.522 141
45.6153 140.316 142
43.2245 141.052 143
40.7567 141.421 144
-------------
55 142 138
52.3578 142.53 139
50.0463 142.515 140
47.9479 142.561 141
45.6794 143.329 142
43.1618 144.076 143
40.6055 144.43 144
38.3303 144.423 145
-------------
55 145 138
52.3728 145.531 139
50.0343 145.568 140
47.9444 145.623 141
45.7334 146.302 142
43.2388 146.988 143
40.6082 147.326 144
38.0848 147.318 145
35.6203 147.5 146
33.1084 148.236 147
30.3762 148.782 148
27.5392 148.934 149
25.0655 148.933 150
22.6844 149.128 151
20.147 149.865 152
17.2461 150.443 153
14.3896 150.613 154
11.6474 150.825 155
11.4178 151.212 156
-------------
55 148 138
52.398 148.51 139
50.0406 148.593 140
47.9458 148.651 141
45.8677 149.213 142
43.4825 149.66 143
40.8073 149.993 144
38.2141 150.005 145
35.6835 150.179 146
33.1412 150.92 147
30.385 151.486 148
27.5468 151.65 149
25.0427 151.672 150
22.6476 151.863 151
20.0451 152.549 152
17.1169 153.021 153
14.2582 153.192 154
11.5118 153.404 155
11.2686 153.812 156
-------------
52 151 138
49.2945 151.496 139
46.9322 151.59 140
44.8313 151.651 141
42.9141 152.177 142
40.5515 152.674 143
37.7656 153.155 144
35.1249 153.131 145
32.5771 153.29 146
30.0381 154.032 147
27.3587 154.667 148
24.5109 154.836 149
22.0038 154.864 150
19.606 155.055 151
17.0366 155.838 152
14.1839 156.606 153
-------------
55 151 138
52.2984 151.483 139
49.9306 151.578 140
47.83 151.639 141
45.8293 152.095 142
43.4857 152.271 143
40.7658 152.636 144
38.1534 152.656 145
35.621 152.832 146
33.0803 153.569 147
30.4128 154.065 148
27.5656 154.229 149
25.0573 154.256 150
22.6608 154.446 151
20.0331 155.025 152
17.0942 155.422 153
14.2336 155.59 154
11.487 155.801 155
11.2583 156.222 156
-------------
55 148 139
52.6773 148.079 140
50.5852 148.136 141
48.5019 148.544 142
-------------
70 148 139
67.6414 148.118 140
65.1858 148.661 141
62.518 149.156 142
59.8171 149.144 143
57.1514 149.259 144
54.563 149.455 145
51.9004 150.043 146
49.1794 150.797 147
46.4942 151.12 148
43.6956 151.092 149
41.0993 151.248 150
38.322 151.967 151
35.282 152.68 152
32.2132 152.907 153
29.5372 152.985 154
26.8729 153.166 155
24.0479 154.034 156
21.4128 155 157
19.9372 155.488 158
-------------
40 151 140
38.3346 151.013 141
36.4243 151.569 142
33.9048 151.961 143
31.2387 152.325 144
28.6716 152.188 145
25.9842 152.3 146
23.4998 153.073 147
20.8339 153.753 148
17.988 153.92 149
15.7434 153.957 150
13.3449 154.152 151
10.7763 155.072 152
7.97791 156.023 153
5.06143 156.196 154
2.85035 156.534 155
-------------
31 148 143
28.6408 148.348 144
26.125 148.133 145
23.8005 148.164 146
21.4963 148.916 147
19.0582 149.541 148
16.2137 149.709 149
13.7866 149.677 150
11.3853 149.872 151
8.80693 150.789 152
6.01188 151.743 153
3.10279 151.913 154
0.894387 152.245 155
-------------
61 151 144
58.8353 151.045 145
56.4214 151.537 146
53.6953 152.299 147
-------------
49 148 145
46.4655 148.419 146
43.9502 149.002 147
41.3072 149.275 148
38.5332 149.231 149
35.9477 149.347 150
33.3434 149.799 151
30.4957 150.224 152
27.4736 150.39 153
24.6595 150.46 154
21.9142 150.673 155
19.1695 151.526 156
-------------
46 148 147
43.4417 148.221 148
40.6905 148.083 149
38.1379 148.223 150
35.6649 148.883 151
32.8517 149.43 152
-------------
13 148 149
10.7709 148.049 150
8.3696 148.244 151
5.79847 149.12 152
3.01838 150.07 153
0.113747 150.238 154
-------------
43 148 149
40.5098 148.195 150
37.9001 149.012 151
35.0012 149.661 152
31.9982 149.856 153
29.4695 149.831 154
26.7461 150.058 155
23.9534 150.932 156
21.324 151.9 157
19.8526 152.389 158
-------------
13 151 149
10.7985 151.05 150
8.39855 151.245 151
5.82628 152.137 152
3.03924 153.088 153
0.131732 153.258 154
-------------
232 142 69
230.003 142.377 70
227.675 142.691 71
225.295 142.532 72
223.283 142.391 73
221.39 142.473 74
219.318 142.919 75
217.042 143.328 76
214.695 143.248 77
212.636 143.047 78
210.597 143.228 79
208.352 143.804 80
205.942 144.139 81
203.476 143.966 82
201.545 143.83 83
199.563 143.972 84
197.489 144.55 85
195.164 144.957 86
192.755 145.048 87
190.717 144.883 88
188.759 144.994 89
186.727 145.448 90
184.414 145.98 91
181.861 145.999 92
179.808 145.865 93
177.969 145.885 94
176.025 146.31 95
173.915 146.872 96
171.651 147.176 97
169.637 147.274 98
167.78 147.338 99
165.651 147.784 100
163.339 148.296 101
160.788 148.529 102
158.274 148.42 103
156.206 148.363 104
154.123 148.675 105
151.93 149.318 106
149.588 149.629 107
147.229 149.544 108
144.952 149.568 109
142.729 149.794 110
140.293 150.445 111
137.581 150.847 112
135.097 150.794 113
132.88 150.734 114
130.734 151.043 115
128.454 151.661 116
126.015 152.046 117
123.663 152.11 118
121.308 152.067 119
119.038 152.341 120
116.584 152.989 121
113.795 153.233 122
111.223 153.132 123
108.95 153.038 124
106.842 153.223 125
104.583 153.839 126
102.073 154.298 127
99.6511 154.287 128
97.3328 154.227 129
94.9204 154.384 130
92.39 154.927 131
89.6175 155.243 132
86.8892 155.265 133
84.3499 155.384 134
81.9304 155.774 135
79.3679 156.314 136
76.6992 156.809 137
-------------
232 145 69
229.913 145.375 70
227.581 145.683 71
225.2 145.522 72
223.273 145.388 73
221.478 145.406 74
219.508 145.665 75
217.189 146.018 76
214.837 145.941 77
212.687 145.817 78
210.516 146.055 79
208.241 146.618 80
205.82 146.945 81
203.347 146.779 82
201.415 146.66 83
199.624 146.69 84
197.655 147.118 85
195.295 147.503 86
192.867 147.592 87
190.718 147.484 88
188.71 147.592 89
186.653 147.997 90
184.333 148.532 91
181.78 148.55 92
179.727 148.418 93
177.897 148.436 94
176.009 148.745 95
173.896 149.271 96
171.493 149.638 97
169.429 149.785 98
167.561 149.858 99
165.425 150.278 100
163.166 150.746 101
160.619 150.98 102
158.104 150.873 103
156.037 150.801 104
153.971 151.102 105
151.8 151.738 106
149.412 152.028 107
147.046 151.943 108
144.768 151.97 109
142.547 152.192 110
140.115 152.83 111
137.403 153.235 112
134.917 153.216 113
132.716 153.155 114
130.655 153.407 115
128.472 153.958 116
126.03 154.339 117
123.666 154.421 118
121.245 154.432 119
118.979 154.715 120
116.529 155.359 121
113.74 155.602 122
111.168 155.502 123
108.904 155.415 124
106.98 155.572 125
104.782 156.144 126
102.271 156.604 127
99.8445 156.596 128
97.5222 156.535 129
-------------
232 148 69
229.544 148.391 70
227.217 148.693 71
224.922 148.506 72
-------------
229 151 69
226.397 151.702 70
224.04 151.966 71
-------------
232 136 70
229.782 136.345 71
227.656 136.258 72
225.672 136.137 73
223.796 136.396 74
221.71 136.832 75
219.678 137.257 76
217.877 137.298 77
216.05 137.136 78
214.225 137.304 79
212.214 137.868 80
210.352 138.248 81
208.249 138.056 82
206.352 137.93 83
204.497 138.084 84
202.815 138.557 85
200.668 138.896 86
198.866 138.997 87
-------------
229 139 70
226.733 139.333 71
224.542 139.262 72
222.545 139.128 73
220.645 139.326 74
218.547 139.777 75
216.445 140.283 76
-------------
232 139 70
229.679 139.317 71
227.464 139.205 72
225.453 139.06 73
223.449 139.269 74
221.326 139.73 75
219.185 140.186 76
216.973 140.06 77
214.928 139.85 78
212.902 140.049 79
210.749 140.618 80
208.498 140.973 81
206.152 140.756 82
204.223 140.601 83
202.212 140.79 84
200.148 141.407 85
197.973 141.802 86
195.715 141.882 87
193.647 141.767 88
191.643 141.878 89
189.593 142.357 90
187.23 142.874 91
184.813 142.894 92
182.795 142.742 93
180.955 142.754 94
178.985 143.17 95
176.9 143.721 96
174.76 143.982 97
172.762 144.052 98
170.911 144.121 99
168.782 144.567 100
166.467 145.081 101
163.918 145.318 102
161.412 145.221 103
159.28 145.216 104
157.186 145.531 105
154.984 146.173 106
152.71 146.519 107
150.429 146.501 108
148.15 146.524 109
145.9 146.759 110
143.442 147.399 111
140.778 147.797 112
138.294 147.738 113
136.056 147.683 114
133.849 148.023 115
131.543 148.652 116
129.107 149.04 117
126.759 149.132 118
124.435 149.076 119
122.144 149.353 120
119.686 150.004 121
116.899 150.256 122
114.325 150.167 123
112.046 150.079 124
109.821 150.391 125
107.549 151.024 126
105.052 151.51 127
102.65 151.559 128
100.332 151.502 129
97.9132 151.672 130
95.3819 152.221 131
92.6088 152.544 132
89.8795 152.565 133
87.343 152.684 134
84.9599 153.075 135
82.4852 153.611 136
79.8591 154.126 137
77.2851 154.229 138
74.9285 154.281 139
72.8301 154.232 140
70.5494 154.553 141
67.8694 154.948 142
64.9102 154.973 143
62.2738 155.057 144
60.0005 154.912 145
57.5615 155.269 146
54.8436 155.995 147
52.1584 156.329 148
-------------
232 145 70
229.666 145.307 71
227.286 145.149 72
225.25 145.039 73
223.318 145.095 74
221.226 145.468 75
218.908 145.829 76
216.562 145.743 77
214.38 145.627 78
212.216 145.897 79
209.938 146.463 80
207.513 146.789 81
205.061 146.624 82
203.118 146.505 83
201.207 146.6 84
199.159 147.098 85
196.788 147.48 86
194.353 147.561 87
192.192 147.459 88
190.179 147.567 89
188.11 147.986 90
185.74 148.525 91
183.187 148.545 92
181.133 148.412 93
179.299 148.424 94
177.379 148.74 95
175.264 149.264 96
172.929 149.557 97
170.914 149.653 98
169.053 149.72 99
166.93 150.145 100
164.658 150.629 101
162.113 150.863 102
159.596 150.757 103
157.506 150.693 104
155.433 150.995 105
153.249 151.632 106
150.861 151.922 107
148.494 151.836 108
146.215 151.862 109
143.992 152.085 110
141.552 152.72 111
138.839 153.125 112
136.352 153.107 113
134.134 153.051 114
132.073 153.301 115
129.89 153.843 116
127.449 154.223 117
125.079 154.306 118
122.629 154.306 119
120.34 154.576 120
117.889 155.22 121
115.1 155.464 122
112.527 155.364 123
110.25 155.28 124
108.322 155.438 125
106.12 156.014 126
103.608 156.481 127
101.173 156.519 128
98.8425 156.457 129
96.4256 156.611 130
-------------
232 136 71
229.869 135.908 72
227.877 135.801 73
225.876 136.058 74
223.799 136.493 75
221.828 136.893 76
-------------
232 139 71
229.792 138.898 72
227.765 138.767 73
225.62 139.036 74
223.418 139.489 75
221.318 139.895 76
219.052 139.757 77
216.939 139.603 78
214.787 139.891 79
212.545 140.453 80
210.42 140.741 81
208.075 140.535 82
206.093 140.443 83
204.072 140.661 84
201.94 141.281 85
199.666 141.641 86
197.489 141.699 87
195.403 141.6 88
193.393 141.711 89
191.333 142.187 90
188.937 142.705 91
186.568 142.738 92
184.549 142.583 93
182.71 142.588 94
180.733 142.957 95
178.633 143.49 96
176.586 143.702 97
174.591 143.766 98
172.748 143.854 99
170.62 144.298 100
168.305 144.812 101
165.755 145.054 102
163.284 144.99 103
161.149 144.993 104
159.057 145.308 105
156.845 145.944 106
154.584 146.293 107
152.395 146.317 108
150.124 146.334 109
147.872 146.568 110
145.404 147.197 111
142.723 147.585 112
140.288 147.519 113
138.047 147.471 114
135.843 147.814 115
133.539 148.444 116
131.106 148.834 117
128.753 148.943 118
126.441 148.892 119
124.153 149.165 120
121.696 149.816 121
118.911 150.072 122
116.34 149.99 123
114.064 149.908 124
111.855 150.229 125
109.6 150.86 126
107.213 151.333 127
-------------
232 142 71
229.776 141.896 72
227.726 141.797 73
225.606 141.991 74
223.363 142.433 75
221.081 142.835 76
218.766 142.701 77
216.603 142.546 78
214.437 142.841 79
212.153 143.411 80
209.717 143.723 81
207.294 143.532 82
205.347 143.409 83
203.313 143.606 84
201.161 144.233 85
198.791 144.617 86
196.366 144.689 87
194.233 144.561 88
192.219 144.667 89
190.155 145.135 90
187.729 145.658 91
185.18 145.677 92
183.125 145.543 93
181.284 145.544 94
179.328 145.935 95
177.221 146.489 96
175.049 146.747 97
173.052 146.815 98
171.195 146.879 99
169.07 147.326 100
166.756 147.84 101
164.207 148.081 102
161.691 147.975 103
159.566 147.945 104
157.474 148.259 105
155.27 148.899 106
152.958 149.236 107
150.607 149.159 108
148.327 149.182 109
146.078 149.409 110
143.615 150.045 111
140.901 150.448 112
138.414 150.393 113
136.175 150.338 114
134.011 150.652 115
131.72 151.27 116
129.283 151.656 117
126.905 151.745 118
124.446 151.715 119
122.155 151.984 120
119.699 152.633 121
116.911 152.88 122
114.335 152.783 123
112.057 152.698 124
109.895 152.958 125
107.628 153.589 126
105.114 154.066 127
102.681 154.11 128
100.351 154.048 129
97.9314 154.203 130
95.3984 154.746 131
92.6249 155.062 132
89.8961 155.083 133
87.3577 155.2 134
84.9575 155.581 135
82.4211 156.114 136
79.7826 156.609 137
-------------
232 145 71
229.776 144.915 72
227.709 144.906 73
225.684 145.013 74
223.435 145.43 75
221.073 145.752 76
218.748 145.619 77
216.553 145.507 78
214.386 145.804 79
212.099 146.371 80
209.618 146.633 81
207.181 146.472 82
205.233 146.356 83
203.205 146.543 84
201.055 147.138 85
198.677 147.518 86
196.211 147.6 87
194.041 147.505 88
192.025 147.614 89
189.946 148.049 90
187.496 148.582 91
184.943 148.602 92
182.884 148.468 93
181.046 148.463 94
179.12 148.744 95
176.992 149.255 96
174.696 149.495 97
172.703 149.567 98
170.846 149.631 99
168.743 150.059 100
166.455 150.555 101
163.914 150.789 102
161.396 150.684 103
159.291 150.623 104
157.217 150.925 105
155.017 151.558 106
152.628 151.853 107
150.26 151.765 108
147.977 151.791 109
145.748 152.015 110
143.289 152.642 111
140.577 153.047 112
138.087 153.027 113
135.853 152.975 114
133.796 153.223 115
131.625 153.756 116
129.184 154.134 117
126.8 154.226 118
124.282 154.21 119
121.992 154.479 120
119.538 155.124 121
116.75 155.369 122
114.176 155.271 123
111.896 155.188 124
109.959 155.37 125
107.765 155.95 126
105.251 156.425 127
102.815 156.469 128
100.481 156.406 129
98.063 156.56 130
-------------
232 148 71
229.781 147.979 72
227.711 148.01 73
225.871 148.066 74
223.631 148.479 75
221.23 148.744 76
218.91 148.63 77
216.701 148.535 78
214.528 148.836 79
212.239 149.401 80
209.73 149.674 81
207.29 149.546 82
205.306 149.451 83
203.309 149.608 84
201.237 150.13 85
198.857 150.506 86
196.388 150.589 87
194.205 150.505 88
192.189 150.614 89
190.11 151.02 90
187.656 151.55 91
185.104 151.584 92
182.976 151.456 93
181.144 151.404 94
179.242 151.622 95
177.107 152.022 96
174.768 152.249 97
172.777 152.326 98
170.92 152.391 99
168.865 152.796 100
166.644 153.227 101
164.144 153.454 102
161.624 153.35 103
159.509 153.281 104
157.442 153.575 105
155.281 154.15 106
152.888 154.44 107
150.517 154.35 108
148.233 154.377 109
146.009 154.6 110
143.563 155.2 111
140.854 155.607 112
138.367 155.593 113
136.131 155.541 114
134.076 155.787 115
131.924 156.306 116
129.483 156.683 117
-------------
232 136 72
229.989 136.006 73
227.858 136.317 74
225.881 136.721 75
223.88 137.089 76
-------------
232 139 72
229.912 139.038 73
227.702 139.379 74
225.465 139.823 75
223.346 140.196 76
221.123 140.079 77
218.959 139.975 78
216.792 140.275 79
214.539 140.805 80
212.222 141.055 81
209.897 140.879 82
207.901 140.815 83
205.838 141.091 84
203.714 141.728 85
201.351 142.102 86
199.211 142.187 87
197.187 142.107 88
195.171 142.219 89
193.101 142.687 90
190.657 143.21 91
188.355 143.324 92
186.312 143.181 93
184.473 143.186 94
182.495 143.548 95
180.392 144.084 96
178.318 144.312 97
176.33 144.374 98
174.511 144.489 99
172.391 144.93 100
170.079 145.444 101
167.545 145.705 102
165.191 145.649 103
163.058 145.66 104
160.992 145.976 105
158.777 146.614 106
156.576 146.941 107
-------------
232 142 72
229.916 142.03 73
227.73 142.307 74
225.475 142.741 75
223.107 143.035 76
220.797 142.89 77
218.602 142.773 78
216.433 143.072 79
214.145 143.639 80
211.642 143.872 81
209.232 143.691 82
207.262 143.598 83
205.212 143.815 84
203.027 144.448 85
200.65 144.828 86
198.212 144.911 87
196.049 144.811 88
194.031 144.919 89
191.952 145.382 90
189.501 145.906 91
186.957 145.938 92
184.9 145.803 93
183.059 145.801 94
181.098 146.138 95
178.989 146.678 96
176.816 146.934 97
174.824 147 98
172.966 147.068 99
170.845 147.515 100
168.531 148.028 101
165.981 148.277 102
163.462 148.178 103
161.331 148.153 104
159.238 148.468 105
157.015 149.107 106
154.67 149.439 107
152.35 149.383 108
150.069 149.406 109
147.817 149.635 110
145.342 150.264 111
142.627 150.668 112
140.139 150.635 113
137.897 150.586 114
135.805 150.857 115
133.548 151.464 116
131.111 151.85 117
128.724 151.95 118
126.228 151.923 119
123.936 152.191 120
121.481 152.84 121
118.694 153.087 122
116.125 152.994 123
113.851 152.912 124
111.749 153.204 125
109.509 153.83 126
106.996 154.308 127
104.563 154.357 128
102.23 154.295 129
99.8112 154.449 130
97.2787 154.988 131
94.5055 155.304 132
-------------
232 145 72
229.925 145.029 73
227.883 145.162 74
225.629 145.578 75
223.21 145.847 76
220.893 145.698 77
218.691 145.592 78
216.524 145.891 79
214.235 146.458 80
211.725 146.689 81
209.292 146.534 82
207.337 146.437 83
205.294 146.636 84
203.106 147.256 85
200.727 147.636 86
198.259 147.721 87
196.078 147.635 88
194.061 147.745 89
191.967 148.189 90
189.508 148.719 91
186.94 148.76 92
184.856 148.628 93
183.018 148.603 94
181.087 148.859 95
178.934 149.344 96
176.658 149.572 97
174.667 149.642 98
172.811 149.706 99
170.75 150.141 100
168.448 150.633 101
165.911 150.875 102
163.391 150.771 103
161.275 150.708 104
159.196 151.013 105
156.975 151.634 106
154.586 151.93 107
152.216 151.84 108
149.932 151.866 109
147.69 152.089 110
145.216 152.713 111
142.503 153.118 112
140.014 153.096 113
137.773 153.046 114
135.719 153.293 115
133.62 153.81 116
131.178 154.181 117
128.788 154.278 118
126.251 154.258 119
123.959 154.527 120
121.506 155.17 121
118.739 155.409 122
116.188 155.318 123
113.908 155.235 124
112.034 155.443 125
109.918 155.998 126
107.405 156.474 127
104.97 156.522 128
102.633 156.458 129
100.216 156.612 130
-------------
232 148 72
229.926 148.031 73
228.042 148.139 74
225.79 148.548 75
223.252 148.702 76
220.943 148.557 77
218.737 148.46 78
216.57 148.76 79
214.281 149.326 80
211.755 149.552 81
209.309 149.417 82
207.342 149.314 83
205.32 149.487 84
203.148 150.087 85
200.77 150.464 86
198.299 150.547 87
196.115 150.463 88
194.1 150.573 89
192.019 150.993 90
189.562 151.521 91
186.984 151.573 92
184.75 151.442 93
182.91 151.347 94
180.998 151.575 95
178.843 151.951 96
176.505 152.165 97
174.513 152.237 98
172.659 152.301 99
170.668 152.717 100
168.435 153.142 101
165.948 153.37 102
163.428 153.266 103
161.311 153.196 104
159.247 153.488 105
157.048 154.046 106
154.656 154.337 107
152.284 154.245 108
149.999 154.271 109
147.774 154.491 110
145.319 155.096 111
142.658 155.503 112
140.184 155.489 113
137.944 155.439 114
135.889 155.685 115
133.742 156.198 116
131.301 156.568 117
-------------
232 151 72
229.923 151.039 73
228.246 151.16 74
226.058 151.457 75
223.487 151.591 76
221.311 151.509 77
219.101 151.421 78
216.93 151.726 79
214.635 152.302 80
212.083 152.504 81
209.625 152.39 82
-------------
232 139 73
229.789 139.347 74
227.562 139.766 75
225.479 140.112 76
223.32 140.012 77
221.181 139.924 78
219.021 140.228 79
216.81 140.743 80
214.512 141.022 81
212.354 140.949 82
210.361 140.927 83
208.287 141.259 84
206.172 141.913 85
203.853 142.306 86
-------------
232 142 73
229.798 142.323 74
227.539 142.759 75
225.135 143.048 76
222.844 142.895 77
220.645 142.789 78
218.475 143.091 79
216.186 143.66 80
213.677 143.893 81
211.305 143.728 82
209.326 143.669 83
207.188 144 84
204.956 144.651 85
202.576 145.033 86
200.173 145.155 87
197.992 145.084 88
195.972 145.194 89
193.875 145.642 90
191.418 146.17 91
188.894 146.209 92
186.835 146.076 93
185.013 146.053 94
183.064 146.329 95
180.952 146.854 96
178.778 147.095 97
176.825 147.163 98
174.992 147.236 99
172.891 147.679 100
170.583 148.187 101
168.034 148.439 102
165.531 148.351 103
163.435 148.333 104
161.342 148.648 105
159.111 149.279 106
156.789 149.593 107
154.51 149.515 108
152.229 149.542 109
149.98 149.768 110
147.504 150.396 111
144.789 150.8 112
142.315 150.769 113
140.074 150.721 114
138.056 150.969 115
136.062 151.483 116
133.704 151.836 117
131.314 151.94 118
128.83 151.924 119
126.551 152.191 120
-------------
232 145 73
229.96 145.181 74
227.704 145.598 75
225.238 145.829 76
222.923 145.677 77
220.719 145.574 78
218.552 145.873 79
216.262 146.44 80
213.75 146.67 81
211.33 146.52 82
209.375 146.449 83
207.278 146.719 84
205.046 147.356 85
202.666 147.737 86
200.196 147.83 87
198.008 147.754 88
195.99 147.864 89
193.883 148.311 90
191.42 148.842 91
188.844 148.896 92
186.625 148.781 93
184.807 148.735 94
182.87 148.982 95
180.65 149.44 96
178.379 149.661 97
176.389 149.73 98
174.533 149.793 99
172.507 150.22 100
170.216 150.701 101
167.675 150.945 102
165.162 150.844 103
163.047 150.774 104
160.964 151.083 105
158.729 151.699 106
156.345 151.996 107
153.976 151.904 108
151.691 151.929 109
149.446 152.147 110
146.972 152.771 111
144.261 153.177 112
141.776 153.154 113
139.535 153.105 114
137.496 153.351 115
135.479 153.841 116
133.058 154.175 117
130.666 154.273 118
128.126 154.253 119
125.835 154.521 120
123.399 155.127 121
120.748 155.293 122
-------------
232 148 73
230.124 148.136 74
227.869 148.542 75
225.266 148.671 76
222.955 148.519 77
220.75 148.421 78
218.584 148.721 79
216.294 149.286 80
213.769 149.509 81
211.311 149.38 82
209.34 149.302 83
207.304 149.478 84
205.089 150.095 85
202.716 150.47 86
200.245 150.554 87
198.059 150.47 88
196.044 150.58 89
193.953 151.015 90
191.49 151.542 91
188.903 151.6 92
186.525 151.465 93
184.717 151.348 94
182.791 151.569 95
180.572 151.911 96
178.232 152.121 97
176.241 152.192 98
174.389 152.255 99
172.421 152.677 100
170.199 153.106 101
167.815 153.297 102
165.365 153.181 103
163.246 153.111 104
161.202 153.39 105
159.04 153.856 106
156.651 154.145 107
154.279 154.052 108
151.994 154.078 109
149.796 154.267 110
147.343 154.868 111
144.81 155.271 112
142.392 155.249 113
140.153 155.2 114
138.099 155.446 115
136.029 155.902 116
133.643 156.22 117
131.252 156.317 118
128.711 156.297 119
126.43 156.563 120
-------------
226 151 73
224.343 151.059 74
222.382 151.237 75
220.065 151.483 76
217.766 151.409 77
215.554 151.315 78
-------------
232 151 73
230.298 151.098 74
228.152 151.363 75
225.539 151.488 76
223.265 151.337 77
221.066 151.248 78
218.931 151.538 79
216.639 152.104 80
214.087 152.304 81
211.618 152.181 82
-------------
220 136 74
218.009 136.401 75
216.179 136.86 76
214.378 136.977 77
212.701 136.888 78
210.961 137.032 79
209.016 137.613 80
207.156 138.03 81
205.044 137.87 82
203.189 137.699 83
201.38 137.842 84
199.702 138.326 85
197.731 138.731 86
195.913 138.784 87
-------------
232 145 74
229.741 145.417 75
227.222 145.674 76
224.909 145.513 77
222.703 145.409 78
220.533 145.711 79
218.243 146.277 80
215.732 146.506 81
213.357 146.37 82
211.447 146.345 83
209.298 146.686 84
207.045 147.325 85
204.666 147.707 86
202.216 147.816 87
200.027 147.748 88
198.009 147.858 89
195.899 148.302 90
193.435 148.834 91
190.858 148.894 92
188.597 148.78 93
186.857 148.707 94
184.932 148.939 95
182.693 149.372 96
180.497 149.567 97
178.531 149.626 98
176.821 149.665 99
174.938 150.073 100
-------------
220 148 74
218.155 148.147 75
215.859 148.487 76
213.51 148.414 77
211.322 148.299 78
208.71 148.538 79
206.304 149.076 80
204.006 149.369 81
201.549 149.202 82
-------------
220 151 74
218.046 151.162 75
215.817 151.445 76
213.655 151.404 77
211.451 151.29 78
208.498 151.682 79
206.037 152.307 80
203.713 152.58 81
-------------
232 145 75
229.434 145.196 76
227.166 144.979 77
224.966 144.872 78
222.798 145.174 79
220.515 145.737 80
218.07 145.935 81
215.932 145.807 82
214.453 145.849 83
212.312 146.185 84
210.055 146.824 85
-------------
232 148 75
229.385 148.123 76
227.069 147.964 77
224.864 147.863 78
222.755 148.14 79
220.603 148.572 80
218.341 148.688 81
215.894 148.58 82
-------------
232 151 75
229.385 151.121 76
227.069 150.963 77
224.867 150.869 78
222.844 151.064 79
220.834 151.49 80
218.602 151.565 81
216.134 151.44 82
213.97 151.228 83
211.927 151.328 84
-------------
211 136 77
209.532 135.961 78
208.182 136.076 79
206.399 136.623 80
204.788 136.952 81
202.732 136.834 82
200.919 136.674 83
199.176 136.825 84
197.567 137.318 85
195.687 137.768 86
193.921 137.815 87
192.446 137.689 88
190.749 137.761 89
188.972 138.269 90
186.75 138.808 91
184.85 138.896 92
-------------
211 151 79
208.617 151.567 80
206.193 151.842 81
203.904 151.781 82
-------------
202 139 82
200.171 138.847 83
198.382 138.978 84
196.715 139.41 85
194.719 139.841 86
192.876 139.881 87
191.271 139.688 88
189.477 139.804 89
187.594 140.294 90
185.316 140.796 91
183.144 140.886 92
181.2 140.818 93
179.358 140.871 94
177.497 141.43 95
175.609 142.051 96
173.546 142.373 97
171.605 142.515 98
169.799 142.588 99
167.669 143.034 100
165.353 143.549 101
162.804 143.784 102
160.302 143.692 103
158.175 143.692 104
156.081 144.007 105
153.884 144.65 106
151.613 144.995 107
149.392 145.007 108
147.116 145.037 109
144.865 145.331 110
142.43 145.987 111
139.798 146.391 112
137.32 146.33 113
135.085 146.273 114
132.872 146.622 115
130.566 147.252 116
128.145 147.64 117
125.822 147.716 118
123.509 147.657 119
121.22 147.94 120
118.761 148.59 121
115.979 148.841 122
113.406 148.751 123
111.128 148.661 124
108.897 148.978 125
106.622 149.611 126
104.138 150.096 127
101.753 150.155 128
99.4383 150.101 129
97.0269 150.297 130
94.5016 150.863 131
91.7303 151.19 132
89.0007 151.212 133
86.4659 151.333 134
84.0763 151.763 135
81.5446 152.325 136
78.9212 152.881 137
76.3356 152.989 138
73.967 153.058 139
71.859 153.005 140
69.4031 153.399 141
66.6146 153.92 142
63.6553 153.95 143
61.0276 154.033 144
58.7544 153.926 145
56.2085 154.415 146
53.4817 155.173 147
50.7903 155.507 148
48.0434 155.456 149
45.8152 155.321 150
43.3462 155.774 151
40.3042 156.512 152
-------------
214 148 83
211.89 148.195 84
209.635 148.816 85
207.708 148.961 86
205.458 149.037 87
203.37 148.957 88
201.366 149.065 89
199.313 149.491 90
-------------
202 151 83
200.34 150.954 84
198.38 151.334 85
196.001 151.708 86
193.541 151.795 87
191.356 151.706 88
189.338 151.815 89
187.204 152.185 90
184.807 152.727 91
182.355 152.795 92
-------------
196 151 84
194.14 151.286 85
191.802 151.64 86
189.487 151.666 87
-------------
208 151 85
205.847 151.243 86
203.375 151.325 87
201.186 151.239 88
199.192 151.319 89
197.083 151.758 90
194.626 152.258 91
192.037 152.318 92
189.643 152.176 93
188.09 152.008 94
186.194 152.16 95
183.95 152.45 96
181.608 152.658 97
179.634 152.723 98
-------------
187 151 88
184.983 151.105 89
182.834 151.452 90
180.601 151.963 91
178.32 151.956 92
-------------
181 136 93
179.301 136.206 94
177.752 136.84 95
176.238 137.473 96
174.446 137.961 97
172.598 138.149 98
-------------
178 139 93
176.361 139.295 94
174.853 140.028 95
173.106 140.745 96
171.079 141.149 97
169.225 141.295 98
167.578 141.309 99
165.447 141.754 100
163.13 142.27 101
160.581 142.504 102
158.086 142.412 103
155.984 142.409 104
153.891 142.723 105
151.694 143.369 106
149.429 143.722 107
147.171 143.741 108
144.896 143.786 109
142.662 144.125 110
140.235 144.811 111
137.601 145.223 112
135.119 145.164 113
132.895 145.098 114
130.681 145.446 115
128.375 146.078 116
126.007 146.47 117
123.727 146.499 118
121.464 146.418 119
119.196 146.735 120
116.732 147.383 121
113.987 147.647 122
111.419 147.555 123
109.141 147.46 124
106.9 147.778 125
104.597 148.398 126
102.148 148.868 127
99.7612 148.914 128
97.4485 148.861 129
95.0446 149.073 130
92.5487 149.663 131
89.7874 150 132
87.0606 150.024 133
84.5233 150.143 134
82.1258 150.589 135
79.5803 151.154 136
76.9353 151.703 137
74.3388 151.796 138
71.9504 151.87 139
69.5878 151.956 140
67.0566 152.389 141
64.279 152.892 142
61.382 152.9 143
58.6717 153.046 144
56.2739 153.094 145
53.5943 153.674 146
50.8696 154.429 147
48.177 154.764 148
45.4121 154.722 149
42.8269 154.835 150
40.0666 155.51 151
37.0199 156.245 152
33.9557 156.481 153
31.4393 156.552 154
-------------
184 139 93
182.198 139.032 94
180.401 139.535 95
178.635 139.986 96
176.787 140.217 97
174.965 140.309 98
173.334 140.456 99
171.264 140.875 100
169.028 141.337 101
-------------
178 142 93
176.224 142.085 94
174.546 142.86 95
172.523 143.543 96
170.341 143.92 97
168.408 144.073 98
166.697 144.104 99
164.566 144.552 100
162.25 145.067 101
159.699 145.299 102
157.187 145.193 103
155.175 145.134 104
153.082 145.449 105
150.885 146.094 106
148.552 146.426 107
146.223 146.379 108
143.948 146.409 109
141.721 146.727 110
139.285 147.388 111
136.611 147.787 112
134.129 147.728 113
131.91 147.66 114
129.698 148.002 115
127.393 148.634 116
124.957 149.018 117
122.627 149.069 118
120.323 149.004 119
118.054 149.308 120
115.591 149.956 121
112.812 150.199 122
110.242 150.099 123
107.964 150.003 124
105.726 150.299 125
103.434 150.917 126
100.937 151.369 127
98.5261 151.363 128
96.213 151.309 129
93.8078 151.481 130
91.288 152.029 131
88.5185 152.344 132
85.7904 152.365 133
83.2515 152.483 134
80.8339 152.875 135
78.2719 153.419 136
75.6062 153.917 137
73.0066 153.99 138
70.6175 154.062 139
68.2377 154.149 140
65.6986 154.569 141
62.9342 154.87 142
60.036 154.841 143
57.3236 154.987 144
54.7237 155.183 145
52.0444 155.761 146
49.3282 156.505 147
-------------
175 151 94
173.15 151.239 95
171.06 151.708 96
168.662 152.082 97
166.613 152.226 98
164.748 152.299 99
162.521 152.624 100
160.359 153.005 101
157.826 153.227 102
-------------
178 151 94
176.108 151.217 95
173.992 151.711 96
171.581 152.063 97
169.532 152.186 98
167.667 152.256 99
165.526 152.647 100
163.356 153.034 101
160.846 153.266 102
158.327 153.186 103
156.262 153.115 104
154.207 153.412 105
152.088 154.022 106
149.694 154.308 107
147.325 154.222 108
145.045 154.252 109
142.824 154.473 110
140.396 155.08 111
137.686 155.486 112
135.199 155.472 113
133.012 155.409 114
130.958 155.655 115
128.805 156.178 116
126.363 156.558 117
-------------
172 148 95
169.936 148.552 96
167.524 148.984 97
165.464 149.177 98
-------------
160 148 100
157.776 148.468 101
155.225 148.693 102
152.721 148.584 103
150.893 148.583 104
148.969 148.829 105
146.998 149.294 106
144.615 149.578 107
142.263 149.505 108
139.993 149.537 109
137.86 149.79 110
135.543 150.419 111
132.833 150.816 112
130.347 150.775 113
128.162 150.718 114
126.082 151.028 115
123.956 151.638 116
121.514 152.023 117
119.24 152.098 118
116.958 152.078 119
114.798 152.411 120
112.35 153.051 121
109.557 153.28 122
106.987 153.176 123
104.772 153.075 124
102.858 153.232 125
100.669 153.779 126
98.162 154.222 127
95.7456 154.203 128
93.4397 154.146 129
91.0458 154.304 130
88.5168 154.843 131
85.7447 155.146 132
83.0142 155.164 133
80.4771 155.285 134
78.057 155.669 135
75.4874 156.196 136
72.8275 156.621 137
70.2169 156.613 138
-------------
163 139 101
160.496 139.266 102
158.063 139.213 103
155.987 139.25 104
153.919 139.575 105
151.73 140.232 106
149.554 140.621 107
147.462 140.709 108
145.243 140.843 109
143.083 141.285 110
140.703 142.029 111
-------------
160 142 101
157.458 142.228 102
155.007 142.152 103
153.028 142.083 104
150.938 142.394 105
148.76 143.029 106
146.492 143.38 107
144.282 143.405 108
142.115 143.494 109
139.953 143.878 110
137.531 144.551 111
134.896 144.952 112
132.414 144.893 113
130.193 144.825 114
127.978 145.173 115
125.677 145.809 116
123.323 146.194 117
121.134 146.188 118
118.933 146.109 119
116.678 146.439 120
114.212 147.087 121
111.459 147.332 122
108.893 147.236 123
106.616 147.14 124
104.372 147.457 125
102.053 148.071 126
99.6107 148.504 127
97.2294 148.506 128
94.9182 148.453 129
92.5346 148.652 130
90.0626 149.206 131
87.3553 149.533 132
84.6694 149.548 133
82.1385 149.653 134
79.7576 150.019 135
77.2589 150.571 136
74.632 151.071 137
72.0459 151.129 138
69.6593 151.203 139
67.2802 151.295 140
64.7359 151.732 141
62.0407 152.094 142
59.2745 152.042 143
56.5631 152.188 144
53.9656 152.381 145
51.2856 152.961 146
48.5709 153.706 147
45.8876 154.027 148
43.0971 154.013 149
40.4835 154.154 150
37.6962 154.83 151
34.6599 155.536 152
31.5986 155.764 153
28.9425 155.878 154
26.2152 156.091 155
23.3922 156.957 156
-------------
160 148 101
157.448 148.229 102
154.935 148.119 103
153.064 148.089 104
151.017 148.4 105
148.858 149.035 106
146.486 149.336 107
144.137 149.258 108
141.866 149.286 109
139.699 149.569 110
137.346 150.215 111
134.635 150.612 112
132.15 150.573 113
129.959 150.509 114
127.846 150.821 115
125.671 151.444 116
123.232 151.829 117
120.933 151.9 118
118.623 151.866 119
116.439 152.191 120
113.99 152.834 121
111.198 153.07 122
108.627 152.966 123
106.374 152.868 124
104.441 153.035 125
102.239 153.597 126
99.7308 154.045 127
97.312 154.029 128
95.0049 153.971 129
92.6075 154.129 130
90.079 154.671 131
87.308 154.983 132
84.5788 155.004 133
82.0401 155.124 134
79.6202 155.513 135
77.053 156.05 136
74.3801 156.531 137
-------------
154 145 103
152.141 144.992 104
150.074 145.3 105
147.924 145.911 106
145.585 146.228 107
143.278 146.175 108
141.07 146.208 109
138.943 146.54 110
136.548 147.21 111
133.889 147.592 112
131.407 147.534 113
129.207 147.467 114
127.003 147.815 115
124.733 148.462 116
122.351 148.834 117
120.122 148.855 118
117.864 148.786 119
115.66 149.123 120
113.199 149.768 121
110.423 149.998 122
107.854 149.895 123
105.582 149.796 124
103.367 150.082 125
101.07 150.685 126
98.5737 151.128 127
96.1653 151.113 128
93.8546 151.059 129
91.4611 151.223 130
88.9749 151.743 131
86.2141 152.043 132
83.492 152.056 133
80.9652 152.161 134
78.5575 152.532 135
76.0012 153.066 136
73.3551 153.536 137
70.7419 153.525 138
68.3532 153.598 139
65.9747 153.687 140
63.432 154.089 141
60.7709 154.247 142
58 154.177 143
55.2888 154.324 144
52.6885 154.521 145
50.0087 155.099 146
47.2965 155.841 147
44.6151 156.161 148
41.8173 156.153 149
39.205 156.293 150
36.4301 156.956 151
-------------
151 151 103
149.282 151.029 104
147.588 151.231 105
145.831 151.647 106
143.445 151.926 107
141.09 151.857 108
138.817 151.888 109
136.64 152.098 110
134.381 152.676 111
131.676 153.066 112
129.215 153.035 113
-------------
154 151 103
152.188 150.987 104
150.215 151.265 105
148.184 151.859 106
145.796 152.138 107
143.43 152.061 108
141.155 152.092 109
138.941 152.311 110
136.631 152.915 111
133.919 153.317 112
131.441 153.288 113
129.306 153.225 114
127.29 153.465 115
125.181 154.039 116
122.736 154.422 117
120.403 154.536 118
118.027 154.607 119
115.867 154.937 120
113.43 155.574 121
110.637 155.805 122
108.071 155.701 123
105.917 155.611 124
104.013 155.768 125
101.821 156.328 126
99.3129 156.773 127
96.8881 156.758 128
94.5828 156.699 129
-------------
142 139 109
139.894 139.429 110
137.623 140.076 111
135.143 140.468 112
132.762 140.419 113
130.539 140.362 114
128.412 140.751 115
126.115 141.389 116
123.844 141.812 117
121.672 141.793 118
119.555 141.701 119
117.317 142.063 120
114.852 142.714 121
112.179 142.986 122
109.628 142.89 123
107.385 142.814 124
105.173 143.155 125
102.87 143.791 126
100.577 144.247 127
98.4589 144.284 128
96.247 144.218 129
94.0094 144.512 130
91.6383 145.112 131
89.1684 145.543 132
86.7265 145.575 133
84.3964 145.585 134
82.2041 145.963 135
79.8785 146.572 136
-------------
139 142 109
137.024 142.381 110
134.617 143.041 111
131.995 143.441 112
129.514 143.381 113
127.295 143.314 114
125.087 143.655 115
122.807 144.279 116
120.52 144.653 117
118.346 144.647 118
116.168 144.576 119
113.951 144.925 120
111.486 145.569 121
108.741 145.8 122
106.175 145.703 123
103.899 145.608 124
101.656 145.931 125
99.326 146.538 126
96.9356 146.942 127
94.6627 146.917 128
92.3541 146.866 129
89.9748 147.036 130
87.5399 147.555 131
84.8825 147.876 132
82.3367 147.885 133
79.9103 147.893 134
77.5888 148.175 135
75.1787 148.707 136
72.6551 149.16 137
70.1255 149.18 138
67.7604 149.247 139
65.3825 149.34 140
62.8778 149.768 141
60.2447 150.125 142
57.5134 150.064 143
54.8122 150.188 144
52.2125 150.377 145
49.5426 150.948 146
46.8264 151.692 147
44.1442 152.008 148
41.3396 151.993 149
38.7251 152.134 150
35.9371 152.806 151
32.9406 153.331 152
29.8778 153.534 153
27.0459 153.681 154
24.302 153.897 155
21.4803 154.756 156
18.8537 155.707 157
17.3782 156.194 158
-------------
136 142 113
133.79 141.929 114
131.614 142.258 115
129.353 142.842 116
127.033 143.21 117
124.914 143.196 118
122.799 143.057 119
120.597 143.343 120
118.182 143.969 121
115.554 144.246 122
-------------
133 145 116
130.641 145.38 117
128.461 145.477 118
126.175 145.417 119
123.916 145.726 120
121.463 146.38 121
118.703 146.672 122
116.153 146.635 123
113.883 146.559 124
-------------
97 136 118
95.2161 136.912 119
93.2749 137.496 120
91.5673 137.56 121
89.9197 137.676 122
88.1848 138.384 123
86.107 139.364 124
83.9285 139.887 125
81.7197 139.813 126
79.5281 139.796 127
77.277 140.263 128
74.7761 141.023 129
72.3727 141.259 130
70.3035 141.253 131
68.6005 141.451 132
-------------
112 148 119
110.521 148.19 120
108.162 148.703 121
105.446 148.904 122
-------------
94 127 120
92.4013 127.011 121
90.8615 127.143 122
89.1124 127.872 123
87.0418 128.806 124
85.0799 129.258 125
83.151 129.199 126
81.1261 129.323 127
-------------
100 136 120
98.4491 136 121
96.8545 136.043 122
95.7297 136.138 123
94.4717 136.194 124
92.7335 136.364 125
-------------
109 151 120
106.683 151.431 121
103.982 151.612 122
-------------
97 139 121
95.2541 139.065 122
94.083 139.186 123
92.7185 139.246 124
90.852 139.422 125
88.9088 139.39 126
87.3601 139.382 127
85.7326 139.419 128
-------------
82 127 122
80.3739 127.585 123
78.7384 128.227 124
76.9426 128.605 125
74.9754 128.51 126
72.9573 128.595 127
70.7813 129.217 128
-------------
109 142 122
106.469 141.885 123
104.216 141.776 124
102.007 142.087 125
99.7947 142.657 126
97.5856 143.046 127
95.4756 142.998 128
93.2409 142.92 129
91.049 143.138 130
88.863 143.713 131
86.502 144.122 132
-------------
85 142 123
82.8388 142.841 124
80.6244 143.426 125
78.407 143.357 126
76.2373 143.338 127
73.9788 143.975 128
71.5032 144.68 129
68.9407 144.99 130
66.8846 144.981 131
65.2426 145.177 132
63.1326 146.208 133
60.7806 146.776 134
58.4005 146.813 135
56.2031 146.579 136
53.929 147.023 137
51.4991 147.944 138
48.8533 148.471 139
46.5058 148.505 140
44.4068 148.565 141
42.2186 149.343 142
39.6805 150.156 143
37.0141 150.537 144
34.3643 150.489 145
31.7484 150.599 146
29.1966 151.345 147
26.4176 152.06 148
23.5718 152.229 149
21.0822 152.234 150
18.6841 152.428 151
16.0983 153.288 152
13.2618 154.149 153
10.3436 154.322 154
7.59449 154.534 155
7.4214 154.995 156
9.8308 154.643 157
-------------
91 136 124
89.1493 136.226 125
87.241 136.166 126
85.6709 136.138 127
84.0992 136.198 128
82.4519 136.363 129
80.645 136.406 130
-------------
85 142 124
82.7905 142.561 125
80.5881 142.5 126
78.4058 142.478 127
76.1168 143.073 128
73.6478 143.814 129
-------------
100 142 124
98.1082 142.165 125
96.114 142.306 126
94.5132 142.322 127
-------------
85 145 124
82.6608 145.682 125
80.4989 145.725 126
79.1117 145.703 127
-------------
100 148 125
97.6651 148.505 126
95.2497 148.903 127
92.9436 148.902 128
90.6352 148.851 129
88.2474 149.012 130
85.7932 149.487 131
83.1434 149.785 132
80.5431 149.818 133
78.0554 149.906 134
75.752 150.2 135
73.3968 150.648 136
70.9236 151.08 137
68.3815 151.071 138
65.9999 151.142 139
63.622 151.231 140
61.1008 151.63 141
58.4837 151.852 142
55.737 151.785 143
53.0289 151.934 144
50.4274 152.125 145
47.7694 152.664 146
45.0641 153.399 147
42.3839 153.714 148
39.5832 153.712 149
36.9707 153.852 150
34.2151 154.362 151
31.2985 154.773 152
28.252 154.98 153
25.4049 155.143 154
22.6605 155.36 155
19.8758 156.188 156
17.2697 157.13 157
-------------
82 139 127
79.8766 139.346 128
77.5563 139.922 129
75.3206 140.088 130
73.2687 140.097 131
71.573 140.291 132
-------------
82 142 127
80.1062 142.198 128
77.8407 142.774 129
75.5516 142.966 130
73.4394 143.029 131
71.7939 143.186 132
70.7502 143.236 133
-------------
73 148 127
71.3379 148.411 128
68.8533 148.648 129
-------------
91 142 128
89.1818 142.029 129
87.2114 142.108 130
85.221 142.366 131
-------------
79 145 128
76.7546 145.539 129
73.7692 146.083 130
71.3699 146.338 131
69.7794 146.493 132
68.648 146.526 133
66.5117 146.776 134
-------------
91 145 128
89.0245 145.032 129
86.687 145.176 130
84.2967 145.597 131
-------------
91 151 128
88.9122 150.994 129
86.5238 151.149 130
84.0635 151.571 131
-------------
79 145 129
76.661 145.198 130
74.4554 145.349 131
72.8678 145.495 132
71.7875 145.512 133
-------------
76 148 129
72.976 148.581 130
70.5148 148.928 131
68.9321 149.077 132
67.8393 149.088 133
65.6556 149.334 134
63.9364 149.429 135
-------------
67 151 129
65.4192 151.218 130
65.2309 151.216 131
63.6905 151.372 132
62.5783 151.371 133
60.185 151.834 134
-------------
76 151 130
73.5392 151.35 131
71.9521 151.497 132
70.8621 151.505 133
68.6576 151.691 134
66.8299 151.794 135
65.1056 151.759 136
-------------
70 151 131
68.4169 151.149 132
67.3262 151.156 133
65.0748 151.41 134
63.2175 151.522 135
61.4542 151.503 136
60.1844 151.567 137
58.5747 151.588 138
56.2068 151.748 139
53.8459 151.837 140
-------------
58 139 133
55.9886 139.556 134
53.8091 139.457 135
51.5719 139.222 136
49.3511 139.658 137
46.9519 140.564 138
44.3171 141.092 139
41.9555 141.038 140
39.8076 141.033 141
37.5185 141.828 142
34.9807 142.677 143
32.5508 143.013 144
30.0707 142.797 145
27.7161 142.819 146
25.2992 143.583 147
22.5832 144.279 148
19.7381 144.443 149
17.2665 144.416 150
14.8655 144.612 151
12.2765 145.519 152
9.45194 146.377 153
6.61204 146.535 154
4.34627 146.842 155
4.16839 147.297 156
6.54854 146.94 157
-------------
58 142 133
56.0886 142.515 134
53.7907 142.47 135
51.5507 142.23 136
49.3217 142.673 137
46.9293 143.601 138
44.2908 144.132 139
41.9405 144.068 140
39.8045 144.061 141
37.5292 144.869 142
34.9892 145.729 143
32.4406 146.139 144
29.9228 145.918 145
27.5124 145.94 146
25.0561 146.719 147
22.3427 147.467 148
19.4929 147.633 149
17.0238 147.606 150
14.6225 147.801 151
12.0377 148.725 152
9.22165 149.657 153
6.31109 149.826 154
4.07007 150.164 155
3.89392 150.622 156
6.28515 150.263 157
-------------
58 139 134
55.8208 138.899 135
53.5968 138.673 136
51.3673 139.112 137
48.9375 140.015 138
46.2996 140.543 139
43.938 140.491 140
41.7891 140.5 141
39.4978 141.3 142
36.9585 142.147 143
34.5053 142.478 144
32.0272 142.278 145
29.6809 142.332 146
27.2404 143.087 147
24.5147 143.768 148
21.666 143.934 149
19.1916 143.909 150
16.791 144.105 151
14.2015 145.009 152
11.3524 145.843 153
8.50758 146.015 154
6.14824 146.289 155
5.9581 146.705 156
8.33285 146.35 157
-------------
61 139 134
58.8207 138.901 135
56.6214 138.68 136
54.3759 139.112 137
51.9407 140.017 138
49.2978 140.547 139
46.9349 140.499 140
44.7913 140.527 141
42.4987 141.327 142
39.9534 142.172 143
37.4408 142.533 144
34.9386 142.347 145
32.6301 142.511 146
30.172 143.258 147
27.4358 143.928 148
24.5976 144.095 149
22.1356 144.072 150
19.7783 144.283 151
17.2927 145.16 152
14.4759 145.971 153
11.6367 146.155 154
9.13492 146.42 155
8.90893 146.771 156
11.1489 146.436 157
-------------
55 145 134
52.6462 144.989 135
50.406 144.751 136
48.2495 145.199 137
45.9287 146.088 138
43.292 146.608 139
41.1053 146.512 140
39.0359 146.499 141
36.8436 147.302 142
34.3318 148.155 143
31.7331 148.543 144
29.1695 148.343 145
26.653 148.408 146
24.1644 149.182 147
21.4681 149.934 148
18.6207 150.102 149
16.161 150.087 150
13.7602 150.282 151
11.1816 151.214 152
8.38058 152.166 153
5.467 152.337 154
3.25394 152.678 155
3.07862 153.141 156
5.47548 152.782 157
-------------
55 148 134
52.6486 147.964 135
50.4464 147.765 136
48.4945 148.162 137
46.1218 148.902 138
43.4656 149.393 139
-------------
52 136 135
49.8154 135.764 136
47.6882 136.165 137
45.3073 137.022 138
42.7526 137.511 139
40.3924 137.455 140
38.264 137.443 141
35.9902 138.165 142
-------------
55 145 135
52.7575 144.766 136
50.4931 145.218 137
48.0662 146.142 138
45.4217 146.67 139
43.1168 146.658 140
41.0188 146.691 141
38.7874 147.492 142
36.2469 148.351 143
33.6068 148.737 144
31.006 148.554 145
28.361 148.631 146
25.8189 149.404 147
23.0975 150.163 148
20.2497 150.332 149
17.7794 150.322 150
15.3788 150.518 151
12.8007 151.45 152
9.9924 152.401 153
7.07661 152.573 154
4.748 152.915 155
4.574 153.377 156
6.97782 153.021 157
-------------
55 148 135
52.7684 147.791 136
50.5926 148.229 137
48.1747 149.103 138
45.5198 149.615 139
43.2906 149.658 140
41.3919 149.71 141
39.3265 150.364 142
36.7593 151.088 143
34.1017 151.481 144
31.4467 151.401 145
28.766 151.506 146
26.2141 152.263 147
23.4901 153.013 148
20.6435 153.181 149
18.1682 153.191 150
15.7687 153.385 151
13.1933 154.313 152
10.3934 155.263 153
7.47488 155.436 154
5.03931 155.734 155
4.86532 156.198 156
7.2755 155.845 157
-------------
55 151 135
53.0404 150.946 136
51.2246 151.294 137
48.8997 151.716 138
46.2062 152.201 139
-------------
49 151 136
47.2406 151.303 137
44.8524 151.624 138
42.2155 152.044 139
-------------
52 133 137
49.6253 133.885 138
47.0615 134.399 139
44.7056 134.35 140
42.5799 134.415 141
40.2978 135.214 142
37.8895 136.066 143
35.5463 136.413 144
33.5802 136.399 145
-------------
52 136 137
49.5691 136.9 138
46.9381 137.427 139
44.5777 137.376 140
42.4304 137.407 141
40.1392 138.201 142
37.6124 139.045 143
35.1833 139.393 144
32.8702 139.246 145
30.7498 139.359 146
-------------
55 136 137
52.5662 136.901 138
49.9311 137.434 139
47.5722 137.384 140
45.4389 137.43 141
43.148 138.229 142
40.6166 139.073 143
38.1825 139.441 144
36.0586 139.284 145
-------------
46 142 137
43.8375 142.856 138
41.2864 143.351 139
38.9417 143.28 140
36.8004 143.266 141
34.5589 144.012 142
-------------
52 133 138
49.5626 133.53 139
47.2104 133.484 140
45.1408 133.607 141
42.876 134.415 142
40.5415 135.291 143
-------------
55 139 138
52.3604 139.531 139
50.0203 139.484 140
47.8959 139.522 141
45.6153 140.316 142
43.2245 141.052 143
40.7567 141.421 144
-------------
55 142 138
52.3578 142.53 139
50.0463 142.515 140
47.9479 142.561 141
45.6794 143.329 142
43.1618 144.076 143
40.6055 144.43 144
38.3303 144.423 145
-------------
55 145 138
52.3728 145.531 139
50.0343 145.568 140
47.9444 145.623 141
45.7334 146.302 142
43.2388 146.988 143
40.6082 147.326 144
38.0848 147.318 145
35.6203 147.5 146
33.1084 148.236 147
30.3762 148.782 148
27.5392 148.934 149
25.0655 148.933 150
22.6844 149.128 151
20.147 149.865 152
17.2461 150.443 153
14.3896 150.613 154
11.6474 150.825 155
11.4178 151.212 156
-------------
55 148 138
52.398 148.51 139
50.0406 148.593 140
47.9458 148.651 141
45.8677 149.213 142
43.4825 149.66 143
40.8073 149.993 144
38.2141 150.005 145
35.6835 150.179 146
33.1412 150.92 147
30.385 151.486 148
27.5468 151.65 149
25.0427 151.672 150
22.6476 151.863 151
20.0451 152.549 152
17.1169 153.021 153
14.2582 153.192 154
11.5118 153.404 155
11.2686 153.812 156
-------------
52 151 138
49.2945 151.496 139
46.9322 151.59 140
44.8313 151.651 141
42.9141 152.177 142
40.5515 152.674 143
37.7656 153.155 144
35.1249 153.131 145
32.5771 153.29 146
30.0381 154.032 147
27.3587 154.667 148
24.5109 154.836 149
22.0038 154.864 150
19.606 155.055 151
17.0366 155.838 152
14.1839 156.606 153
-------------
55 151 138
52.2984 151.483 139
49.9306 151.578 140
47.83 151.639 141
45.8293 152.095 142
43.4857 152.271 143
40.7658 152.636 144
38.1534 152.656 145
35.621 152.832 146
33.0803 153.569 147
30.4128 154.065 148
27.5656 154.229 149
25.0573 154.256 150
22.6608 154.446 151
20.0331 155.025 152
17.0942 155.422 153
14.2336 155.59 154
11.487 155.801 155
11.2583 156.222 156
-------------
55 148 139
52.6773 148.079 140
50.5852 148.136 141
48.5019 148.544 142
-------------
70 148 139
67.6414 148.118 140
65.1858 148.661 141
62.518 149.156 142
59.8171 149.144 143
57.1514 149.259 144
54.563 149.455 145
51.9004 150.043 146
49.1794 150.797 147
46.4942 151.12 148
43.6956 151.092 149
41.0993 151.248 150
38.322 151.967 151
35.282 152.68 152
32.2132 152.907 153
29.5372 152.985 154
26.8729 153.166 155
24.0479 154.034 156
21.4128 155 157
19.9372 155.488 158
-------------
40 151 140
38.3346 151.013 141
36.4243 151.569 142
33.9048 151.961 143
31.2387 152.325 144
28.6716 152.188 145
25.9842 152.3 146
23.4998 153.073 147
20.8339 153.753 148
17.988 153.92 149
15.7434 153.957 150
13.3449 154.152 151
10.7763 155.072 152
7.97791 156.023 153
5.06143 156.196 154
2.85035 156.534 155
-------------
31 148 143
28.6408 148.348 144
26.125 148.133 145
23.8005 148.164 146
21.4963 148.916 147
19.0582 149.541 148
16.2137 149.709 149
13.7866 149.677 150
11.3853 149.872 151
8.80693 150.789 152
6.01188 151.743 153
3.10279 151.913 154
0.894387 152.245 155
-------------
61 151 144
58.8353 151.045 145
56.4214 151.537 146
53.6953 152.299 147
-------------
49 148 145
46.4655 148.419 146
43.9502 149.002 147
41.3072 149.275 148
38.5332 149.231 149
35.9477 149.347 150
33.3434 149.799 151
30.4957 150.224 152
27.4736 150.39 153
24.6595 150.46 154
21.9142 150.673 155
19.1695 151.526 156
-------------
46 148 147
43.4417 148.221 148
40.6905 148.083 149
38.1379 148.223 150
35.6649 148.883 151
32.8517 149.43 152
-------------
13 148 149
10.7709 148.049 150
8.3696 148.244 151
5.79847 149.12 152
3.01838 150.07 153
0.113747 150.238 154
-------------
43 148 149
40.5098 148.195 150
37.9001 149.012 151
35.0012 149.661 152
31.9982 149.856 153
29.4695 149.831 154
26.7461 150.058 155
23.9534 150.932 156
21.324 151.9 157
19.8526 152.389 158
-------------
13 151 149
10.7985 151.05 150
8.39855 151.245 151
5.82628 152.137 152
3.03924 153.088 153
0.131732 153.258 154
-------------
