145 82 0
144.995 82.0031 1
144.987 82.0077 2
144.982 82.0179 3
144.969 82.0141 4
144.96 82.0117 5
144.954 82.0183 6
144.942 82.0256 7
144.927 82.0271 8
144.923 82.0258 9
144.915 82.0301 10
144.907 82.0344 11
144.886 82.0389 12
144.882 82.0452 13
144.872 82.0593 14
144.856 82.0634 15
144.846 82.0597 16
144.839 82.0687 17
144.825 82.0836 18
144.82 82.08 19
144.805 82.0939 20
144.794 82.0932 21
144.783 82.092 22
144.773 82.0844 23
144.766 82.0966 24
144.753 82.0968 25
144.752 82.1066 26
144.742 82.1118 27
144.725 82.1064 28
144.719 82.1108 29
144.709 82.1219 30
144.688 82.1253 31
144.679 82.1349 32
144.673 82.1518 33
144.658 82.1481 34
144.652 82.1573 35
144.636 82.1429 36
144.632 82.1577 37
144.609 82.1535 38
144.597 82.1754 39
144.591 82.1746 40
144.577 82.1878 41
144.556 82.1891 42
144.543 82.2157 43
144.527 82.207 44
144.517 82.2128 45
144.503 82.2025 46
144.502 82.2171 47
144.485 82.2195 48
144.474 82.2205 49
144.45 82.2418 50
144.434 82.248 51
144.426 82.2565 52
144.41 82.2507 53
144.387 82.2534 54
144.367 82.248 55
144.352 82.2628 56
144.328 82.2718 57
144.315 82.2767 58
144.294 82.2716 59
144.265 82.279 60
144.24 82.2821 61
144.23 82.3014 62
144.204 82.3054 63
144.178 82.3161 64
144.157 82.3108 65
144.103 82.3242 66
144.083 82.3314 67
144.06 82.3246 68
144.02 82.3545 69
143.993 82.363 70
143.921 82.3782 71
143.874 82.3873 72
143.849 82.3909 73
143.718 82.3965 74
143.645 82.4361 75
143.307 82.5553 76
143.252 82.581 77
143.109 82.5852 78
143.073 82.5948 79
142.921 82.6615 80
142.773 82.7193 81
142.483 82.7835 82
142.35 82.8124 83
142.17 82.7941 84
141.976 82.8719 85
141.772 82.9657 86
141.37 83.1786 87
140.93 83.2911 88
140.736 83.2772 89
140.699 83.2806 90
140.507 83.3704 91
140.344 83.4774 92
140.127 83.5407 93
139.988 83.5809 94
139.82 83.5792 95
139.732 83.6206 96
139.496 83.8029 97
139.098 83.9868 98
138.713 84.0732 99
138.494 84.0608 100
138.351 84.1283 101
138.156 84.3259 102
138.028 84.5215 103
137.984 84.5205 104
137.852 84.509 105
137.625 84.5203 106
137.385 84.7271 107
136.993 84.96 108
136.401 85.209 109
135.903 85.2495 110
135.545 85.2133 111
135.186 85.3397 112
134.855 85.6133 113
134.512 85.8448 114
134.187 85.9791 115
133.841 85.9676 116
133.367 86.0412 117
132.903 86.365 118
132.269 86.7063 119
131.403 86.9201 120
130.702 86.9578 121
130.193 86.9238 122
129.67 87.1173 123
129.153 87.4393 124
128.607 87.6629 125
128.001 87.731 126
127.338 87.6698 127
126.65 87.9135 128
125.874 88.343 129
124.776 88.7682 130
123.737 88.8692 131
123.03 88.7284 132
122.415 88.8764 133
121.817 89.2407 134
121.182 89.5676 135
120.603 89.8182 136
120.014 89.8207 137
119.37 89.8764 138
118.711 90.1784 139
117.878 90.6721 140
116.794 90.9399 141
116.009 90.904 142
-------------
100 82 72
99.9446 82.0324 73
99.9114 82.0392 74
99.8722 82.0934 75
99.7636 82.1702 76
99.7034 82.1877 77
99.5449 82.2588 78
99.4133 82.3687 79
99.2083 82.5447 80
99.0643 82.6441 81
99.0224 82.6454 82
98.9813 82.7003 83
98.8718 82.9328 84
98.7479 83.1392 85
98.6554 83.1809 86
98.5144 83.3108 87
98.3245 83.6494 88
98.0407 84.0987 89
97.8577 84.2689 90
97.808 84.3157 91
97.7734 84.5192 92
97.6501 84.9131 93
97.5177 85.1908 94
97.4712 85.2381 95
97.2621 85.3905 96
97.0381 85.8593 97
96.7594 86.3747 98
96.5211 86.7104 99
96.3919 86.793 100
96.2531 87.0849 101
96.0662 87.5385 102
95.8249 87.9199 103
95.6955 87.9445 104
95.432 88.1325 105
95.1214 88.6436 106
94.7143 89.1481 107
94.4325 89.3444 108
94.3033 89.4459 109
94.1267 89.7582 110
93.9336 90.3216 111
93.776 90.488 112
93.6522 90.485 113
93.409 90.6708 114
93.0619 91.2099 115
92.6469 91.8229 116
92.3929 92.0757 117
92.28 92.2518 118
92.1698 92.5397 119
92.004 93.0067 120
91.8803 93.2047 121
91.7366 93.2261 122
91.5098 93.5019 123
91.2284 94.0849 124
90.8997 94.5501 125
90.6133 94.7982 126
90.4748 94.8927 127
90.3343 95.1615 128
90.1786 95.7022 129
89.9913 96.1121 130
89.7714 96.222 131
89.5271 96.3642 132
89.1814 96.8238 133
88.7737 97.3211 134
88.4015 97.5577 135
88.1538 97.6254 136
87.8751 97.8659 137
87.5019 98.3733 138
-------------
139 88 88
138.938 88.0067 89
138.919 88.0112 90
138.843 88.059 91
138.703 88.1472 92
138.479 88.1965 93
138.356 88.2339 94
138.219 88.2507 95
138.161 88.264 96
138.031 88.3151 97
137.675 88.4459 98
137.365 88.5295 99
137.219 88.5308 100
137.203 88.5596 101
137.063 88.6784 102
136.902 88.8045 103
136.854 88.7973 104
136.733 88.8028 105
136.511 88.8155 106
136.312 88.9724 107
135.954 89.1373 108
135.379 89.3683 109
134.887 89.4105 110
134.616 89.4169 111
134.271 89.518 112
133.967 89.7005 113
133.549 89.8805 114
133.221 90.0111 115
132.884 90.0077 116
132.478 90.0413 117
132.044 90.3415 118
131.416 90.6721 119
130.55 90.8849 120
129.836 90.9426 121
129.329 90.9103 122
128.808 91.0738 123
128.296 91.3813 124
127.709 91.5723 125
127.111 91.6388 126
126.458 91.5746 127
125.804 91.7681 128
125.067 92.1663 129
123.948 92.5621 130
122.847 92.6828 131
122.13 92.5512 132
121.516 92.6869 133
120.929 93.0106 134
120.292 93.3182 135
119.698 93.5555 136
119.109 93.5551 137
118.478 93.5972 138
117.831 93.8888 139
117.002 94.3775 140
115.9 94.6395 141
115.043 94.6023 142
114.479 94.5517 143
113.977 94.7205 144
113.487 94.9915 145
112.948 95.2437 146
112.445 95.3912 147
111.816 95.3794 148
111.321 95.498 149
110.648 95.8319 150
109.825 96.1583 151
-------------
94 85 89
93.8503 85.1297 90
93.8061 85.1726 91
93.7827 85.3381 92
93.6975 85.6733 93
93.6095 85.8529 94
93.5693 85.8988 95
93.3819 86.0423 96
93.2291 86.4435 97
93.0265 86.9071 98
92.824 87.2285 99
92.7035 87.3135 100
92.5807 87.6041 101
92.408 88.0412 102
92.1941 88.3623 103
92.0719 88.3884 104
91.8247 88.5637 105
91.5351 89.066 106
91.1394 89.5616 107
90.8619 89.7555 108
90.7374 89.8596 109
90.5695 90.1703 110
90.3829 90.7328 111
90.2383 90.8872 112
90.117 90.8731 113
89.8759 91.0576 114
89.5398 91.5944 115
89.1329 92.2137 116
88.8956 92.4761 117
88.7934 92.6707 118
88.6883 92.9598 119
88.5291 93.4276 120
88.4101 93.6244 121
88.2685 93.6457 122
88.0417 93.935 123
87.7683 94.5275 124
87.4432 94.9942 125
87.1571 95.2365 126
87.02 95.3307 127
86.8812 95.6002 128
86.7304 96.1457 129
86.5409 96.5656 130
86.3081 96.6758 131
86.0517 96.821 132
85.709 97.2851 133
85.3024 97.7841 134
84.9239 98.0287 135
84.6712 98.0964 136
84.3941 98.3371 137
84.0209 98.8645 138
83.6038 99.299 139
83.1136 99.3961 140
82.5399 99.6292 141
81.8853 100.192 142
80.9793 100.814 143
80.0558 101.14 144
79.3895 101.241 145
78.7649 101.547 146
78.0079 102.228 147
77.1939 102.82 148
76.478 102.914 149
75.6984 103.103 150
74.8476 103.675 151
73.8201 104.375 152
72.8063 104.689 153
-------------
136 82 97
135.596 82.1855 98
135.209 82.2716 99
134.99 82.2584 100
134.842 82.3252 101
134.646 82.5228 102
134.508 82.7029 103
134.47 82.7012 104
134.33 82.6885 105
134.101 82.7008 106
133.849 82.9135 107
133.457 83.1469 108
132.864 83.3958 109
132.366 83.436 110
132.013 83.398 111
131.656 83.5336 112
131.32 83.8041 113
130.987 84.0288 114
130.662 84.1629 115
130.314 84.1517 116
129.834 84.2349 117
129.368 84.5589 118
128.733 84.8977 119
127.867 85.1139 120
127.164 85.1511 121
126.653 85.1173 122
126.13 85.3171 123
125.62 85.6417 124
125.083 85.8646 125
124.478 85.9321 126
123.816 85.8702 127
123.126 86.1173 128
122.349 86.5461 129
121.263 86.971 130
120.232 87.0818 131
119.527 86.9368 132
118.909 87.0848 133
118.32 87.4515 134
117.705 87.7818 135
117.125 88.0306 136
116.534 88.033 137
115.888 88.0886 138
115.229 88.3908 139
114.398 88.8868 140
113.331 89.1761 141
112.535 89.1476 142
111.983 89.1041 143
111.479 89.2816 144
111.001 89.5709 145
110.473 89.8375 146
109.968 89.9845 147
109.342 89.9766 148
108.841 90.1024 149
108.167 90.4419 150
107.377 90.7737 151
106.508 91.0867 152
-------------
136 85 98
135.626 85.0835 99
135.419 85.0792 100
135.373 85.1193 101
135.179 85.2968 102
135.022 85.4575 103
134.979 85.4541 104
134.843 85.4455 105
134.616 85.457 106
134.371 85.6611 107
133.985 85.8756 108
133.394 86.1237 109
132.896 86.1655 110
132.551 86.1456 111
132.194 86.2787 112
131.856 86.5431 113
131.48 86.7598 114
131.152 86.8921 115
130.808 86.8826 116
130.345 86.952 117
129.879 87.2724 118
129.244 87.6089 119
128.376 87.8228 120
127.663 87.8732 121
127.154 87.8403 122
126.625 88.0296 123
126.108 88.3489 124
125.55 88.5574 125
124.947 88.6244 126
124.288 88.5613 127
123.6 88.787 128
122.824 89.2075 129
121.718 89.6216 130
120.642 89.7401 131
119.934 89.5977 132
119.317 89.7411 133
118.722 90.0979 134
118.087 90.418 135
117.501 90.6657 136
116.91 90.6658 137
116.266 90.7163 138
115.607 91.0156 139
114.775 91.5101 140
113.688 91.7856 141
112.869 91.7545 142
112.305 91.703 143
111.8 91.8773 144
111.311 92.1609 145
110.775 92.4243 146
110.269 92.5725 147
109.639 92.5617 148
109.138 92.6864 149
108.462 93.0257 150
107.641 93.3566 151
106.68 93.6952 152
105.974 93.6782 153
105.334 93.7006 154
104.819 93.9208 155
104.176 94.1938 156
103.581 94.4579 157
-------------
136 91 98
135.957 91.0314 99
135.884 91.0368 100
135.869 91.0657 101
135.795 91.1383 102
135.656 91.2292 103
135.608 91.2209 104
135.495 91.2355 105
135.286 91.2536 106
135.127 91.3682 107
134.802 91.4836 108
134.254 91.6901 109
133.812 91.7345 110
133.736 91.7613 111
133.531 91.8126 112
133.258 91.9645 113
132.843 92.1319 114
132.513 92.2575 115
132.186 92.2616 116
131.829 92.2972 117
131.46 92.556 118
130.851 92.8691 119
130.015 93.0816 120
129.317 93.1498 121
128.857 93.1269 122
128.355 93.2612 123
127.849 93.5464 124
127.244 93.7197 125
126.656 93.8004 126
126.043 93.7423 127
125.423 93.9061 128
124.708 94.2945 129
123.588 94.6891 130
122.464 94.8361 131
121.713 94.7731 132
121.103 94.9008 133
120.549 95.1928 134
119.917 95.474 135
119.308 95.707 136
118.727 95.7114 137
118.138 95.7354 138
117.52 96.0075 139
116.706 96.4787 140
115.603 96.7409 141
114.695 96.7238 142
114.124 96.6801 143
113.625 96.8402 144
113.163 97.083 145
112.626 97.3187 146
112.129 97.4613 147
111.502 97.4491 148
111.016 97.562 149
-------------
91 91 103
90.8809 91.0273 104
90.646 91.1916 105
90.3876 91.5536 106
90.0011 91.9739 107
89.7311 92.1551 108
89.6088 92.2585 109
89.4506 92.5585 110
89.2506 93.0207 111
89.1035 93.1667 112
88.9826 93.1595 113
88.7436 93.339 114
88.4104 93.8573 115
88.0035 94.4653 116
87.7736 94.7354 117
87.6717 94.9348 118
87.567 95.2246 119
87.4104 95.6896 120
87.2941 95.8808 121
87.1546 95.905 122
86.9293 96.1964 123
86.6571 96.7883 124
86.3322 97.2547 125
86.0476 97.5186 126
85.9132 97.6248 127
85.7755 97.8949 128
85.6255 98.44 129
85.4351 98.861 130
85.2068 99.0792 131
84.9515 99.2707 132
84.6087 99.7355 133
84.2024 100.235 134
83.8219 100.494 135
83.5693 100.564 136
83.2939 100.806 137
82.92 101.332 138
82.4871 101.772 139
81.9861 101.917 140
81.3959 102.195 141
80.7383 102.762 142
79.8221 103.392 143
78.8852 103.752 144
78.1953 103.895 145
77.5652 104.209 146
76.7762 104.885 147
75.8333 105.483 148
75.0563 105.623 149
74.2701 105.845 150
73.4157 106.428 151
72.3752 107.127 152
71.3344 107.459 153
70.543 107.553 154
69.8629 107.937 155
68.9849 108.537 156
68.1124 109.073 157
67.1255 109.19 158
66.248 109.502 159
65.2272 110.131 160
63.9168 110.937 161
-------------
133 88 107
132.649 88.1436 108
132.074 88.3655 109
131.582 88.4074 110
131.299 88.4218 111
130.974 88.541 112
130.648 88.7567 113
130.248 88.9479 114
129.919 89.0781 115
129.578 89.0724 116
129.155 89.1244 117
128.702 89.4248 118
128.071 89.7527 119
127.206 89.9653 120
126.495 90.0177 121
125.996 89.9856 122
125.469 90.1698 123
124.951 90.4776 124
124.376 90.6741 125
123.774 90.742 126
123.118 90.6789 127
122.447 90.8725 128
121.668 91.2745 129
120.547 91.6706 130
119.465 91.7909 131
118.758 91.664 132
118.141 91.8057 133
117.548 92.1485 134
116.905 92.4594 135
116.31 92.703 136
115.721 92.7033 137
115.081 92.7522 138
114.423 93.0469 139
113.592 93.5391 140
112.492 93.803 141
111.655 93.7783 142
111.089 93.7271 143
110.584 93.8985 144
110.094 94.1766 145
109.553 94.4356 146
109.047 94.5827 147
108.418 94.5709 148
107.917 94.6898 149
107.24 95.0273 150
106.417 95.3555 151
105.388 95.698 152
104.641 95.6796 153
103.967 95.701 154
103.448 95.919 155
102.79 96.1894 156
102.137 96.4593 157
101.399 96.5403 158
100.652 96.5881 159
99.9862 96.7734 160
99.1179 97.2649 161
98.0061 97.7167 162
97.0678 97.8855 163
96.4109 97.8253 164
95.7104 97.9932 165
95.0392 98.329 166
-------------
85 94 116
84.8137 94.2698 117
84.7372 94.4632 118
84.653 94.7477 119
84.5436 95.1624 120
84.445 95.3443 121
84.3116 95.3537 122
84.1212 95.6229 123
83.8783 96.204 124
83.5964 96.6613 125
83.3235 96.9224 126
83.2041 97.0297 127
83.0816 97.295 128
82.9533 97.8292 129
82.7797 98.2443 130
82.572 98.4484 131
82.3204 98.6114 132
81.9838 99.0709 133
81.5829 99.5634 134
81.2061 99.8199 135
80.9557 99.8942 136
80.6889 100.126 137
80.3173 100.651 138
79.8942 101.076 139
79.4176 101.154 140
78.8359 101.394 141
78.1856 101.957 142
77.2829 102.576 143
76.3567 102.932 144
75.7002 103.033 145
75.0776 103.347 146
74.3153 104.029 147
73.4485 104.586 148
72.7346 104.661 149
71.9549 104.869 150
71.1021 105.45 151
70.0759 106.152 152
69.0375 106.482 153
68.2498 106.563 154
67.5709 106.946 155
66.6946 107.549 156
65.8291 108.085 157
64.8364 108.173 158
63.9584 108.47 159
62.9399 109.101 160
61.6322 109.91 161
60.4488 110.232 162
59.4997 110.253 163
58.5793 110.517 164
57.7244 111.099 165
56.6178 111.514 166
-------------
85 97 116
84.7994 97.2392 117
84.706 97.4057 118
84.607 97.6798 119
84.4557 98.0264 120
84.3453 98.1711 121
84.2126 98.1936 122
84.0062 98.4561 123
83.7533 99.0216 124
83.4523 99.4511 125
83.1819 99.7114 126
83.0584 99.8137 127
82.9283 100.069 128
82.7836 100.596 129
82.5912 101.002 130
82.3719 101.225 131
82.1289 101.418 132
81.7922 101.881 133
81.3947 102.379 134
81.0168 102.642 135
80.7707 102.734 136
80.515 102.969 137
80.1438 103.493 138
79.7061 103.918 139
79.2048 104.065 140
78.6162 104.344 141
77.9585 104.911 142
77.0438 105.539 143
76.106 105.947 144
75.4615 106.155 145
74.8392 106.476 146
74.054 107.143 147
73.1049 107.738 148
72.2746 108.082 149
71.4975 108.317 150
70.644 108.899 151
69.5944 109.587 152
68.5445 109.976 153
67.7618 110.098 154
67.082 110.485 155
66.2051 111.086 156
65.329 111.634 157
64.366 111.897 158
63.5006 112.267 159
62.4816 112.898 160
61.1656 113.728 161
59.9823 114.254 162
59.0513 114.371 163
58.1297 114.635 164
57.2693 115.217 165
56.1604 115.628 166
55.2036 115.736 167
54.0469 115.906 168
-------------
124 94 123
123.507 94.2617 124
122.912 94.4447 125
122.324 94.5219 126
121.71 94.4941 127
121.08 94.659 128
120.412 94.9488 129
119.291 95.3393 130
118.242 95.4723 131
117.633 95.4059 132
117.046 95.5354 133
116.499 95.827 134
115.826 96.0999 135
115.204 96.3407 136
114.617 96.3509 137
114.021 96.3895 138
113.369 96.6732 139
112.54 97.1568 140
111.439 97.4194 141
110.584 97.4181 142
110.017 97.3716 143
109.511 97.5404 144
109.023 97.8081 145
108.456 98.0424 146
107.951 98.1897 147
107.324 98.1787 148
106.829 98.2922 149
106.153 98.6262 150
105.328 98.9512 151
104.23 99.28 152
103.462 99.2673 153
102.787 99.2884 154
102.264 99.5018 155
101.602 99.7656 156
100.932 100.026 157
100.193 100.106 158
99.445 100.152 159
98.7783 100.332 160
97.9108 100.822 161
96.7419 101.25 162
95.628 101.4 163
94.8684 101.318 164
94.1456 101.47 165
93.4667 101.801 166
92.7141 102.098 167
91.9472 102.347 168
91.137 102.388 169
90.3685 102.527 170
89.5556 102.947 171
88.4404 103.432 172
87.1303 103.794 173
86.0813 103.759 174
85.2704 103.788 175
84.3982 104.099 176
83.5479 104.408 177
-------------
82 103 129
81.7903 103.314 130
81.5708 103.521 131
81.3321 103.696 132
80.9976 104.095 133
80.6174 104.55 134
80.2352 104.797 135
79.9906 104.888 136
79.7472 105.108 137
79.3811 105.6 138
78.9097 105.99 139
78.4087 106.137 140
77.8221 106.414 141
77.1644 106.979 142
76.2448 107.602 143
75.3119 108.012 144
74.7252 108.242 145
74.1062 108.563 146
73.3121 109.216 147
72.3211 109.818 148
71.4903 110.164 149
70.7152 110.4 150
69.8613 110.981 151
68.8057 111.664 152
67.7652 112.073 153
66.9878 112.202 154
66.3149 112.59 155
65.4379 113.189 156
64.5585 113.738 157
63.625 114.048 158
62.7682 114.418 159
61.7523 115.05 160
60.4367 115.879 161
59.2882 116.442 162
58.4166 116.589 163
57.4995 116.845 164
56.6458 117.428 165
55.5606 117.814 166
54.7146 117.938 167
-------------
85 103 129
84.7728 103.358 130
84.5402 103.545 131
84.3047 103.702 132
83.9619 104.095 133
83.5574 104.578 134
83.167 104.826 135
82.9138 104.906 136
82.6451 105.116 137
82.2682 105.602 138
81.7981 106.013 139
81.2969 106.16 140
80.7081 106.439 141
80.0491 107.003 142
79.1251 107.623 143
78.1784 108.028 144
77.4892 108.179 145
76.8574 108.489 146
76.0607 109.153 147
75.074 109.749 148
74.2446 110.091 149
73.4683 110.325 150
72.6156 110.909 151
71.5599 111.596 152
70.5022 111.986 153
69.7208 112.105 154
69.0398 112.487 155
68.1617 113.087 156
67.2826 113.633 157
66.3604 113.899 158
65.5036 114.252 159
64.5061 114.856 160
-------------
118 88 130
116.94 88.1034 131
116.234 87.9584 132
115.615 88.1007 133
115.037 88.4375 134
114.476 88.7371 135
113.913 88.9613 136
113.324 88.959 137
112.681 89.0084 138
112.024 89.3036 139
111.205 89.7922 140
110.151 90.0699 141
109.345 90.0412 142
108.783 89.988 143
108.278 90.1617 144
107.812 90.4433 145
107.3 90.7079 146
106.794 90.8502 147
106.165 90.8388 148
105.663 90.9594 149
104.989 91.2974 150
104.192 91.625 151
103.241 91.9391 152
102.582 91.9165 153
101.935 91.938 154
101.44 92.1587 155
100.983 92.3861 156
100.492 92.6354 157
99.7955 92.7195 158
99.2188 92.7988 159
98.5664 92.9845 160
97.7232 93.4581 161
-------------
115 91 132
114.383 91.1407 133
113.805 91.4466 134
113.186 91.7269 135
112.595 91.958 136
112.012 91.9572 137
111.373 92.0048 138
110.717 92.291 139
109.902 92.7648 140
108.809 93.0264 141
107.982 93.0018 142
107.419 92.9496 143
106.912 93.1202 144
106.424 93.3925 145
105.899 93.6416 146
105.393 93.786 147
104.764 93.7744 148
104.261 93.8922 149
103.584 94.2285 150
102.768 94.5534 151
101.694 94.8836 152
100.966 94.8702 153
100.29 94.8912 154
99.7696 95.1065 155
99.1534 95.3768 156
98.5493 95.6346 157
97.8164 95.7133 158
97.0731 95.7593 159
96.407 95.942 160
95.54 96.4337 161
94.4833 96.879 162
93.5211 97.0329 163
92.8125 96.9599 164
92.1109 97.1224 165
91.4527 97.4611 166
90.8085 97.7802 167
90.0598 98.0316 168
89.2572 98.0772 169
88.4961 98.2228 170
87.6838 98.6447 171
86.5989 99.1406 172
-------------
112 94 136
111.423 94.003 137
110.821 94.0427 138
110.165 94.327 139
109.341 94.7987 140
108.244 95.0589 141
107.41 95.0415 142
106.851 94.9929 143
106.345 95.163 144
105.855 95.4274 145
105.308 95.666 146
104.803 95.8113 147
104.175 95.8008 148
103.673 95.9165 149
102.995 96.2521 150
102.174 96.5763 151
101.077 96.9053 152
100.338 96.8969 153
99.6618 96.9187 154
99.1395 97.1333 155
98.4858 97.401 156
97.841 97.6605 157
97.1058 97.7399 158
96.3585 97.7858 159
95.6905 97.9662 160
94.8221 98.4578 161
93.6908 98.8991 162
92.6545 99.0633 163
91.9044 98.9814 164
91.1828 99.1352 165
90.5125 99.4697 166
89.8063 99.784 167
89.0355 100.031 168
88.2275 100.072 169
87.4611 100.213 170
86.6479 100.634 171
85.5364 101.126 172
84.2683 101.501 173
83.2453 101.467 174
82.4283 101.493 175
81.5536 101.809 176
80.7141 102.125 177
79.6745 102.558 178
78.6357 102.773 179
77.6416 102.793 180
76.726 103.028 181
75.6174 103.516 182
-------------
112 97 136
111.471 97.0405 137
110.92 97.079 138
110.298 97.3279 139
109.49 97.7734 140
108.41 98.0294 141
107.573 98.0338 142
107.058 98.0089 143
106.556 98.1744 144
106.065 98.4367 145
105.504 98.6652 146
104.998 98.8126 147
104.373 98.8081 148
103.885 98.9165 149
103.208 99.2494 150
102.384 99.5733 151
101.285 99.9018 152
100.528 99.9128 153
99.8528 99.9357 154
99.329 100.148 155
98.6648 100.413 156
97.993 100.671 157
97.2556 100.753 158
96.5085 100.8 159
95.8415 100.979 160
94.9739 101.469 161
93.7999 101.894 162
92.6626 102.062 163
91.8989 101.984 164
91.1699 102.131 165
90.49 102.46 166
89.7427 102.759 167
88.9543 103.003 168
88.1449 103.043 169
87.3774 103.181 170
86.5643 103.602 171
85.4464 104.086 172
84.105 104.448 173
83.0389 104.421 174
82.2096 104.437 175
81.3325 104.75 176
80.4816 105.059 177
79.4122 105.486 178
78.3674 105.698 179
77.359 105.709 180
76.4272 105.934 181
75.2928 106.419 182
73.9614 106.852 183
72.5801 107.147 184
-------------
76 103 140
75.429 103.218 141
74.8445 103.692 142
74.0242 104.281 143
73.1593 104.615 144
72.5555 104.794 145
71.953 105.106 146
71.1973 105.744 147
70.3153 106.303 148
69.5773 106.516 149
68.801 106.742 150
67.9485 107.308 151
66.9372 107.977 152
65.9063 108.321 153
65.1258 108.414 154
64.4506 108.795 155
63.5798 109.385 156
62.7237 109.924 157
61.7637 110.137 158
60.9017 110.472 159
59.885 111.104 160
58.581 111.92 161
57.4207 112.319 162
56.5237 112.388 163
55.6032 112.651 164
54.7424 113.231 165
53.634 113.642 166
52.6245 113.654 167
51.4404 113.849 168
50.4609 114.35 169
49.0038 115.042 170
47.6681 115.396 171
46.4202 115.387 172
45.2982 115.642 173
44.1159 116.255 174
42.8233 116.78 175
41.4932 116.861 176
40.2488 117.007 177
38.9522 117.518 178
37.4314 118.247 179
36.0419 118.759 180
-------------
73 109 143
72.1118 109.407 144
71.589 109.659 145
71.0272 109.974 146
70.2791 110.589 147
69.3661 111.145 148
68.5423 111.494 149
67.7789 111.721 150
66.9666 112.204 151
65.9292 112.843 152
64.9371 113.249 153
64.2318 113.416 154
63.6018 113.804 155
62.7388 114.376 156
61.8597 114.916 157
60.9315 115.233 158
60.0874 115.61 159
59.0814 116.227 160
57.7713 117.053 161
56.6635 117.644 162
55.8643 117.81 163
54.9544 118.057 164
54.1013 118.631 165
53.0574 119.001 166
52.1151 119.171 167
50.9843 119.353 168
50.0318 119.846 169
48.5758 120.534 170
47.2618 120.961 171
46.1212 120.955 172
45.0106 121.204 173
43.8375 121.814 174
42.563 122.34 175
-------------
100 103 152
99.2726 103.043 153
98.6988 103.083 154
98.1779 103.291 155
97.5113 103.552 156
96.7618 103.8 157
96.0238 103.894 158
95.2781 103.941 159
94.6168 104.114 160
93.7629 104.6 161
92.5759 105.015 162
91.4202 105.192 163
90.6523 105.136 164
89.923 105.282 165
89.241 105.607 166
88.4446 105.883 167
87.6347 106.132 168
86.8259 106.173 169
86.0621 106.31 170
85.2531 106.73 171
84.1313 107.205 172
82.7579 107.556 173
81.6386 107.569 174
80.8086 107.584 175
79.9298 107.888 176
79.0778 108.194 177
77.9979 108.616 178
76.9534 108.828 179
75.9458 108.838 180
75.0145 109.06 181
73.8808 109.541 182
72.4478 109.937 183
71.002 110.227 184
69.9122 110.171 185
69.1222 110.189 186
-------------
100 106 154
99.4921 106.195 155
98.8202 106.436 156
98.0369 106.672 157
97.3221 106.81 158
96.5818 106.863 159
95.9765 107.008 160
95.2302 107.458 161
94.043 107.873 162
92.8828 108.059 163
92.0946 108.091 164
91.3677 108.226 165
90.6868 108.547 166
89.8634 108.809 167
89.0401 109.062 168
88.2592 109.113 169
87.5126 109.245 170
86.7316 109.662 171
85.6113 110.135 172
84.2353 110.485 173
83.0891 110.516 174
82.2587 110.532 175
81.3728 110.804 176
80.5212 111.11 177
79.3844 111.494 178
78.3446 111.708 179
77.3405 111.716 180
76.4139 111.935 181
75.2843 112.4 182
73.8414 112.787 183
72.3815 113.089 184
71.252 113.048 185
70.4624 113.066 186
-------------
100 103 156
99.2778 103.255 157
98.5407 103.339 158
97.7945 103.385 159
97.1329 103.561 160
96.2895 104.046 161
95.1042 104.462 162
93.9489 104.634 163
93.1622 104.559 164
92.4316 104.702 165
91.7513 105.026 166
90.9837 105.307 167
90.1902 105.551 168
89.3815 105.591 169
88.6165 105.726 170
87.8132 106.143 171
86.6919 106.618 172
85.3193 106.966 173
84.2077 106.96 174
83.3775 106.975 175
82.4995 107.28 176
81.6474 107.586 177
80.5691 107.998 178
79.5238 108.209 179
78.5152 108.219 180
77.5845 108.442 181
76.4491 108.92 182
75.0446 109.319 183
73.6075 109.61 184
-------------
94 100 157
93.2772 100.078 158
92.5355 100.125 159
91.8678 100.302 160
90.9994 100.787 161
89.8331 101.198 162
88.7017 101.361 163
87.9516 101.288 164
87.2275 101.431 165
86.5569 101.75 166
85.84 102.025 167
85.0652 102.252 168
84.2579 102.292 169
83.4932 102.429 170
82.6851 102.845 171
81.5724 103.327 172
80.228 103.68 173
79.1523 103.671 174
78.3247 103.684 175
77.4463 103.996 176
76.6093 104.302 177
75.5547 104.728 178
74.5121 104.938 179
73.5055 104.949 180
72.5766 105.172 181
71.4467 105.657 182
-------------
94 97 158
93.2667 97.0423 159
92.6018 97.2168 160
91.741 97.6974 161
90.7035 98.12 162
89.6339 98.2564 163
88.8888 98.1757 164
88.1815 98.3175 165
87.543 98.6446 166
86.8877 98.9427 167
86.1365 99.1687 168
85.3356 99.2078 169
84.5813 99.345 170
83.7712 99.7664 171
82.6979 100.264 172
81.4482 100.618 173
80.4461 100.596 174
79.6267 100.609 175
78.7534 100.924 176
77.9405 101.24 177
76.9917 101.648 178
75.9688 101.855 179
74.9815 101.874 180
74.0811 102.115 181
-------------
94 106 158
93.2602 106.051 159
92.6473 106.189 160
91.9094 106.541 161
90.7215 106.953 162
89.5732 107.132 163
88.8508 107.113 164
88.152 107.253 165
87.4707 107.575 166
86.6532 107.838 167
85.8286 108.093 168
85.0212 108.141 169
84.2693 108.277 170
83.4686 108.69 171
82.346 109.164 172
80.9714 109.514 173
79.8502 109.548 174
79.0219 109.564 175
78.1445 109.867 176
77.2919 110.173 177
76.198 110.591 178
75.1542 110.805 179
74.1484 110.816 180
73.218 111.036 181
72.0894 111.516 182
70.6464 111.906 183
69.1907 112.209 184
68.0882 112.169 185
67.2966 112.189 186
66.4961 112.335 187
65.5088 112.459 188
64.4086 112.599 189
63.4576 112.643 190
62.495 112.698 191
61.6285 112.887 192
60.2251 113.368 193
58.5033 113.752 194
-------------
52 112 162
51.389 112.086 163
50.5551 112.33 164
49.7097 112.838 165
48.6235 113.212 166
47.6464 113.223 167
46.4702 113.418 168
45.4917 113.904 169
44.0383 114.587 170
42.7093 114.93 171
41.4751 114.949 172
40.3562 115.202 173
39.1797 115.816 174
37.8911 116.338 175
36.5821 116.414 176
35.3426 116.562 177
34.0492 117.075 178
32.5289 117.815 179
31.1398 118.318 180
29.8385 118.371 181
28.6482 118.595 182
27.3569 119.276 183
25.9526 119.989 184
24.5507 120.204 185
23.1347 120.338 186
21.7221 120.95 187
19.9954 121.801 188
18.2854 122.347 189
16.9099 122.463 190
15.5222 122.754 191
14.091 123.395 192
12.496 124.201 193
10.928 124.507 194
-------------
52 115 162
51.3969 115.226 163
50.6041 115.468 164
49.7956 116.007 165
48.7584 116.405 166
47.783 116.517 167
46.6176 116.733 168
45.639 117.237 169
44.1821 117.93 170
42.8725 118.368 171
41.6653 118.456 172
40.5497 118.714 173
39.3672 119.325 174
38.0746 119.851 175
36.7733 120.008 176
35.5475 120.187 177
34.254 120.703 178
32.7292 121.444 179
31.3409 121.97 180
30.0475 122.178 181
28.8633 122.431 182
27.5712 123.113 183
26.1538 123.83 184
24.7424 124.106 185
23.3174 124.261 186
21.9018 124.871 187
20.1724 125.719 188
18.462 126.263 189
17.0585 126.404 190
15.6536 126.672 191
14.2223 127.309 192
12.6087 128.103 193
11.0052 128.414 194
9.46534 128.629 195
8.00213 129.256 196
6.32164 130.121 197
4.93364 130.414 198
-------------
46 118 165
45.2703 118.271 166
44.3804 118.423 167
43.2393 118.635 168
42.2915 119.125 169
40.8636 119.811 170
39.569 120.26 171
38.5237 120.434 172
37.4379 120.708 173
36.3323 121.264 174
35.0512 121.787 175
33.7816 121.968 176
32.5776 122.164 177
31.2984 122.685 178
29.778 123.428 179
28.3993 123.963 180
27.1531 124.198 181
26.0568 124.509 182
24.7748 125.192 183
23.3643 125.908 184
22.0386 126.251 185
20.6911 126.5 186
19.2852 127.113 187
17.5602 127.96 188
15.873 128.521 189
14.5561 128.727 190
13.2458 128.971 191
11.8474 129.619 192
10.2512 130.395 193
8.65028 130.712 194
7.12254 130.952 195
5.68464 131.586 196
4.04745 132.451 197
2.64515 132.754 198
1.59525 132.843 199
-------------
49 121 166
48.0759 121.186 167
46.9675 121.385 168
45.9975 121.867 169
44.5405 122.548 170
43.2431 122.996 171
42.2194 123.081 172
41.1325 123.331 173
39.9555 123.93 174
38.6607 124.444 175
37.3896 124.624 176
36.2716 124.786 177
35.0569 125.271 178
33.5341 126.01 179
32.1572 126.538 180
30.9554 126.705 181
29.9387 126.866 182
28.6883 127.506 183
27.2987 128.166 184
25.9872 128.446 185
24.7603 128.615 186
-------------
43 115 167
41.8615 115.184 168
40.9447 115.612 169
39.5306 116.264 170
38.2552 116.667 171
37.1967 116.755 172
36.1143 117.006 173
35.0591 117.488 174
33.8118 117.969 175
32.5402 118.087 176
31.326 118.26 177
30.0496 118.751 178
28.5341 119.491 179
27.1581 119.985 180
25.8932 120.123 181
24.7248 120.346 182
23.4406 121.014 183
22.0418 121.718 184
20.698 121.946 185
19.3099 122.1 186
17.9024 122.707 187
16.1787 123.544 188
14.4879 124.077 189
13.1405 124.134 190
11.7705 124.349 191
10.3587 124.973 192
8.77747 125.732 193
7.1782 125.993 194
5.64472 126.163 195
4.20614 126.804 196
2.5472 127.74 197
1.16229 128.079 198
0.0992211 128.195 199
-------------
43 121 168
42.122 121.463 169
40.7063 122.131 170
39.4158 122.577 171
38.6318 122.745 172
37.5797 123.013 173
36.467 123.547 174
35.2048 124.038 175
33.9515 124.223 176
32.7644 124.412 177
31.5069 124.917 178
29.9839 125.655 179
28.6082 126.187 180
27.3807 126.407 181
26.3429 126.686 182
25.0814 127.353 183
23.6723 128.061 184
22.3549 128.397 185
21.0428 128.65 186
19.7148 129.207 187
18.0019 130.05 188
16.3308 130.615 189
15.0971 130.801 190
13.9641 130.991 191
12.6567 131.602 192
11.1088 132.337 193
9.53104 132.645 194
8.11674 132.894 195
6.79038 133.479 196
5.2137 134.317 197
3.81917 134.615 198
2.80823 134.703 199
-------------
88 112 169
87.3532 112.115 170
86.6685 112.52 171
85.5589 112.995 172
84.1823 113.346 173
82.9825 113.509 174
82.166 113.539 175
81.2839 113.771 176
80.4601 114.065 177
79.2106 114.396 178
78.1937 114.63 179
-------------
43 118 173
41.8164 118.613 174
40.5215 119.139 175
39.1818 119.24 176
37.9375 119.392 177
36.6405 119.905 178
35.1122 120.644 179
33.7193 121.16 180
32.4039 121.285 181
31.2052 121.519 182
29.911 122.201 183
28.4935 122.917 184
27.0756 123.154 185
25.6505 123.296 186
24.2353 123.895 187
22.507 124.736 188
20.797 125.276 189
-------------
79 112 174
78.2255 112.024 175
77.3813 112.298 176
76.529 112.604 177
75.2939 112.983 178
74.2524 113.204 179
73.2502 113.214 180
72.3216 113.429 181
71.2444 113.891 182
69.7992 114.279 183
68.3344 114.601 184
67.2198 114.587 185
66.4285 114.609 186
65.6059 114.752 187
64.6076 114.874 188
63.4585 115.06 189
62.5067 115.106 190
61.5443 115.16 191
60.6772 115.348 192
59.2667 115.829 193
57.4392 116.23 194
55.9414 116.34 195
54.8062 116.34 196
53.662 116.584 197
52.6269 116.824 198
51.3042 117.152 199
-------------
31 121 174
29.915 121.366 175
28.7967 121.489 176
27.6822 121.677 177
26.55 122.16 178
25.0643 122.904 179
23.7977 123.442 180
22.6282 123.653 181
21.6363 123.971 182
20.4593 124.632 183
19.1659 125.339 184
17.8758 125.678 185
16.5855 125.959 186
15.2242 126.592 187
13.5173 127.434 188
11.8449 127.996 189
10.5594 128.237 190
9.28919 128.538 191
7.96092 129.206 192
6.39181 129.958 193
4.79831 130.275 194
3.28436 130.55 195
1.86711 131.191 196
0.267851 132.091 197
-------------
28 124 177
26.9755 124.464 178
25.5062 125.194 179
24.1932 125.725 180
23.1362 125.931 181
22.253 126.231 182
21.1565 126.848 183
19.8289 127.54 184
18.5344 127.883 185
17.2519 128.15 186
15.9477 128.746 187
14.2411 129.571 188
12.5719 130.136 189
11.2966 130.375 190
10.0864 130.665 191
8.77299 131.311 192
7.1963 132.057 193
5.60591 132.375 194
4.09745 132.649 195
2.68278 133.286 196
1.11677 134.173 197
-0.281856 134.477 198
-------------
73 115 178
71.9917 115.231 179
71.1165 115.253 180
70.2436 115.407 181
69.4531 115.739 182
68.0239 116.101 183
66.559 116.426 184
65.4513 116.435 185
64.6708 116.461 186
63.8415 116.602 187
62.8384 116.726 188
61.6491 116.958 189
60.6978 117.008 190
59.7368 117.062 191
58.8697 117.25 192
57.4575 117.731 193
55.6198 118.134 194
54.0991 118.254 195
52.9655 118.253 196
51.8176 118.498 197
50.7821 118.739 198
49.4453 119.071 199
-------------
22 118 183
20.6687 118.608 184
19.3682 118.756 185
18.0613 118.856 186
16.704 119.415 187
15.0339 120.179 188
13.4539 120.663 189
12.1328 120.691 190
10.7961 120.891 191
9.41509 121.495 192
7.91657 122.212 193
6.3668 122.453 194
4.8838 122.617 195
3.4665 123.256 196
1.84226 124.211 197
-------------
19 121 183
17.7214 121.656 184
16.4618 121.886 185
15.201 122.103 186
13.9103 122.62 187
12.2138 123.418 188
10.5625 123.93 189
9.2424 123.988 190
7.93021 124.173 191
6.57569 124.733 192
5.0298 125.454 193
3.44369 125.705 194
1.92578 125.911 195
0.510327 126.551 196
-------------
16 124 184
14.8079 124.227 185
13.5626 124.45 186
12.3136 124.979 187
10.6715 125.755 188
9.03005 126.306 189
7.78176 126.449 190
6.52646 126.676 191
5.23767 127.311 192
3.72197 128.007 193
2.13171 128.296 194
0.62461 128.545 195
-------------
64 112 185
63.2112 112.024 186
62.4056 112.172 187
61.4184 112.296 188
60.2838 112.475 189
59.3321 112.521 190
58.3701 112.576 191
57.503 112.764 192
56.0916 113.249 193
54.3152 113.666 194
52.8254 113.779 195
51.6878 113.78 196
50.5423 114.029 197
49.5074 114.272 198
48.1759 114.614 199
-------------
13 127 186
11.9225 127.582 187
10.3543 128.354 188
8.78792 128.911 189
7.61472 129.145 190
6.43001 129.435 191
5.34293 130.067 192
3.85401 130.761 193
2.2679 131.072 194
0.770788 131.34 195
-------------
58 115 189
57.048 115.049 190
56.0871 115.103 191
55.2196 115.291 192
53.8058 115.773 193
51.9763 116.177 194
50.4779 116.296 195
49.3407 116.299 196
48.1941 116.547 197
47.1587 116.79 198
45.8201 117.129 199
-------------
58 118 189
57.061 118.061 190
56.1061 118.114 191
55.2393 118.302 192
53.8241 118.775 193
51.986 119.177 194
50.4806 119.311 195
49.3533 119.315 196
48.2063 119.562 197
47.1712 119.805 198
45.817 120.14 199
-------------
