136 64 61
135.713 64.3344 62
135.585 64.5829 63
135.415 64.5821 64
135.138 64.5496 65
134.853 64.8013 66
134.484 65.1902 67
134.062 65.3825 68
133.722 65.3831 69
133.41 65.4759 70
133.11 65.8846 71
132.88 66.2793 72
132.726 66.4741 73
132.479 66.4627 74
132.216 66.5002 75
131.852 66.8363 76
131.44 67.249 77
130.977 67.3671 78
130.643 67.3537 79
130.364 67.5128 80
130.062 67.9377 81
129.885 68.3721 82
129.722 68.5666 83
129.455 68.5448 84
129.122 68.6996 85
128.758 69.1564 86
128.35 69.5459 87
127.939 69.6424 88
127.644 69.6194 89
127.364 69.8224 90
127.116 70.3032 91
126.98 70.7397 92
126.732 70.8129 93
126.409 70.7672 94
126.022 71.0131 95
125.528 71.5385 96
125.038 71.8599 97
124.653 71.8802 98
124.35 71.9169 99
124.012 72.2739 100
123.776 72.856 101
123.523 73.1729 102
123.173 73.1513 103
122.767 73.1775 104
122.319 73.5281 105
121.854 73.9437 106
121.327 74.1862 107
120.979 74.108 108
120.622 74.2503 109
120.311 74.6072 110
120.048 75.1381 111
119.714 75.3801 112
119.292 75.3528 113
118.725 75.5636 114
118.127 76.0386 115
117.415 76.4888 116
116.744 76.5698 117
116.278 76.4715 118
115.885 76.7545 119
115.509 77.2836 120
115.22 77.7716 121
114.82 77.8818 122
114.335 77.8464 123
113.723 78.1902 124
113.042 78.7994 125
112.249 79.2072 126
111.634 79.2463 127
111.21 79.2449 128
110.787 79.5891 129
110.445 80.2471 130
110.187 80.6774 131
109.795 80.7681 132
109.301 80.7635 133
108.68 81.1567 134
107.908 81.7996 135
107.2 82.0864 136
106.676 82.0195 137
106.297 82.1925 138
105.937 82.6136 139
105.68 83.2774 140
-------------
133 73 72
132.734 73.1469 73
132.451 73.1752 74
132.289 73.2293 75
131.994 73.4211 76
131.647 73.7115 77
131.189 73.8263 78
130.935 73.8853 79
130.684 74.0404 80
130.358 74.3989 81
130.009 74.7047 82
129.738 74.8449 83
129.451 74.8679 84
129.23 74.9848 85
128.889 75.3342 86
128.503 75.6821 87
128.091 75.7782 88
127.797 75.7859 89
127.514 75.9824 90
127.177 76.3075 91
126.937 76.5203 92
126.619 76.5795 93
126.28 76.6402 94
125.927 76.8494 95
125.43 77.2589 96
124.979 77.5448 97
124.585 77.6767 98
124.28 77.741 99
123.905 78.0565 100
123.563 78.4805 101
123.208 78.7458 102
122.729 78.9499 103
122.304 79.0141 104
121.882 79.2476 105
121.432 79.6036 106
120.957 79.8748 107
120.596 80.0037 108
120.214 80.2031 109
119.879 80.4878 110
119.519 80.9056 111
119.154 81.1997 112
118.647 81.3374 113
118.068 81.5404 114
117.477 81.9325 115
116.867 82.3213 116
116.317 82.5574 117
115.856 82.5784 118
115.457 82.8537 119
115.036 83.2805 120
114.665 83.7097 121
114.207 83.9564 122
113.716 83.9935 123
113.101 84.3162 124
112.448 84.8722 125
111.812 85.2666 126
111.266 85.4968 127
110.835 85.5948 128
110.398 85.931 129
110.012 86.5122 130
109.644 86.9077 131
109.199 87.1515 132
108.703 87.1725 133
108.105 87.4787 134
107.418 87.9378 135
106.757 88.2275 136
106.183 88.3156 137
105.689 88.4784 138
105.306 88.8867 139
104.985 89.5132 140
104.638 89.9156 141
104.237 90.063 142
103.774 90.1775 143
103.23 90.6331 144
102.55 91.2297 145
101.895 91.4306 146
101.324 91.4804 147
100.865 91.7414 148
100.464 92.2258 149
100.116 92.8089 150
99.7751 93.1362 151
99.36 93.1449 152
98.8139 93.3607 153
98.0956 93.9895 154
97.2156 94.5789 155
96.4249 94.7527 156
95.8753 94.7615 157
95.4359 95.0561 158
95.0582 95.6096 159
94.8039 96.1538 160
94.4717 96.4305 161
94.1153 96.4588 162
93.6514 96.7474 163
93.0035 97.4422 164
92.2012 98.0312 165
91.4166 98.2085 166
90.8897 98.1687 167
90.4128 98.427 168
90.0071 99.0043 169
89.714 99.651 170
89.3572 99.9629 171
88.9377 99.9742 172
88.4505 100.201 173
87.8073 100.799 174
87.0131 101.397 175
86.0842 101.663 176
85.4388 101.712 177
84.9068 101.94 178
84.4256 102.556 179
83.9683 103.216 180
83.5638 103.632 181
83.117 103.678 182
82.5493 103.9 183
81.8575 104.494 184
80.9649 105.236 185
80.0178 105.555 186
79.2341 105.644 187
78.6553 105.817 188
78.131 106.326 189
77.6374 107.048 190
77.209 107.517 191
76.7273 107.523 192
76.1234 107.729 193
75.3738 108.405 194
74.4927 109.228 195
73.5101 109.623 196
72.6815 109.706 197
72.0095 109.852 198
71.4056 110.278 199
-------------
127 79 87
126.655 79.0555 88
126.523 79.0969 89
126.259 79.2671 90
125.977 79.4688 91
125.746 79.6028 92
125.427 79.6461 93
125.148 79.7548 94
124.864 79.9464 95
124.466 80.1796 96
124.06 80.3935 97
123.689 80.5318 98
123.491 80.6427 99
123.122 80.9359 100
122.782 81.2372 101
122.421 81.4687 102
121.942 81.7086 103
121.608 81.8598 104
121.269 82.0261 105
120.841 82.321 106
120.385 82.5991 107
120.058 82.7426 108
119.675 82.9524 109
119.323 83.1439 110
118.933 83.4412 111
118.57 83.7294 112
118.083 83.9801 113
117.562 84.1631 114
116.99 84.5258 115
116.426 84.8615 116
115.905 85.0966 117
115.447 85.1219 118
115.048 85.3948 119
114.594 85.6725 120
114.184 86.0153 121
113.719 86.2741 122
113.238 86.3372 123
112.623 86.6284 124
112.007 87.1072 125
111.436 87.4447 126
110.905 87.6895 127
110.491 87.8301 128
110.043 88.1543 129
109.637 88.6325 130
109.244 88.9806 131
108.786 89.2274 132
108.293 89.2664 133
107.696 89.5087 134
107.041 89.8458 135
106.403 90.1265 136
105.838 90.2166 137
105.335 90.3828 138
104.922 90.755 139
104.525 91.1559 140
104.171 91.5416 141
103.773 91.7229 142
103.318 91.8839 143
102.781 92.3334 144
102.11 92.9221 145
101.472 93.1376 146
100.929 93.2644 147
100.476 93.5312 148
100.06 94.0006 149
99.6718 94.527 150
99.2853 94.8093 151
98.8603 94.8591 152
98.3024 95.1147 153
97.6202 95.7122 154
96.8187 96.2915 155
96.049 96.474 156
95.5071 96.5061 157
95.068 96.801 158
94.6766 97.3468 159
94.4018 97.8689 160
94.0667 98.1456 161
93.7139 98.2 162
93.2525 98.4933 163
92.6062 99.1855 164
91.8377 99.7704 165
91.068 99.9904 166
90.5356 99.9656 167
90.0311 100.216 168
89.6158 100.773 169
89.2766 101.375 170
88.9146 101.698 171
88.487 101.77 172
88 101.995 173
87.3645 102.587 174
86.5791 103.184 175
85.6527 103.524 176
84.9955 103.594 177
84.4516 103.808 178
83.9726 104.408 179
83.5124 105.066 180
83.1121 105.521 181
82.6513 105.603 182
82.084 105.823 183
81.4032 106.417 184
80.5203 107.157 185
79.5726 107.492 186
78.7549 107.608 187
78.1697 107.774 188
77.6606 108.32 189
77.1398 109.048 190
76.6916 109.559 191
76.2053 109.6 192
75.6062 109.814 193
74.9205 110.448 194
74.0676 111.261 195
73.0844 111.665 196
72.2291 111.744 197
71.5398 111.904 198
70.9185 112.309 199
-------------
136 73 90
135.55 73.4401 91
135 73.7128 92
134.452 73.8653 93
134.013 73.902 94
133.582 74.1094 95
133.115 74.6114 96
132.702 74.9219 97
132.381 75.0753 98
132.075 75.1237 99
131.695 75.3803 100
131.284 75.889 101
130.811 76.2563 102
130.251 76.4831 103
129.789 76.5125 104
129.344 76.6651 105
128.933 77.036 106
128.555 77.3812 107
128.308 77.6725 108
127.975 77.8837 109
127.663 77.9739 110
127.307 78.1592 111
126.94 78.4851 112
126.417 78.901 113
125.837 79.1296 114
125.323 79.3405 115
124.922 79.4498 116
124.566 79.7406 117
124.28 80.079 118
124.028 80.3333 119
123.634 80.4361 120
123.209 80.6292 121
122.758 80.9636 122
122.126 81.3173 123
121.435 81.6246 124
120.791 81.7504 125
120.217 81.8877 126
119.707 82.237 127
119.246 82.6013 128
118.825 82.898 129
118.437 83.0629 130
118 83.2024 131
117.529 83.5391 132
116.885 83.9698 133
116.168 84.3683 134
115.411 84.6326 135
114.848 84.7214 136
114.373 84.9403 137
113.967 85.3639 138
113.658 85.7429 139
113.426 85.8771 140
113.071 85.9466 141
112.653 86.104 142
112.173 86.4523 143
111.589 86.9039 144
110.833 87.1941 145
110.257 87.3044 146
109.765 87.4454 147
109.355 87.8119 148
109.05 88.2784 149
108.813 88.591 150
108.477 88.7175 151
108.048 88.7371 152
107.529 89.0747 153
106.773 89.7113 154
105.734 90.1461 155
104.957 90.3081 156
104.512 90.4087 157
104.116 90.7314 158
103.769 91.2802 159
103.609 91.6067 160
103.321 91.7658 161
102.98 91.8212 162
102.523 92.1177 163
-------------
127 73 92
126.746 73.0706 93
126.433 73.0384 94
126.058 73.2763 95
125.565 73.7881 96
125.096 74.0954 97
124.697 74.1652 98
124.393 74.2051 99
124.037 74.542 100
123.752 75.0816 101
123.467 75.3772 102
123.1 75.3899 103
122.696 75.4205 104
122.252 75.7474 105
121.788 76.1521 106
121.272 76.4087 107
120.901 76.3817 108
120.526 76.552 109
120.2 76.8836 110
119.9 77.3929 111
119.544 77.6652 112
119.09 77.6777 113
118.519 77.8849 114
117.929 78.3464 115
117.229 78.7955 116
116.583 78.9252 117
116.1 78.8887 118
115.703 79.1669 119
115.321 79.6811 120
115.002 80.1591 121
114.586 80.2956 122
114.096 80.2728 123
113.484 80.6145 124
112.813 81.2184 125
112.082 81.6494 126
111.488 81.7444 127
111.05 81.7554 128
110.624 82.099 129
110.271 82.7477 130
109.964 83.1932 131
109.556 83.3012 132
109.062 83.2977 133
108.445 83.6926 134
107.688 84.3354 135
106.985 84.6186 136
106.423 84.5901 137
105.96 84.7304 138
105.596 85.1511 139
105.325 85.8184 140
105.017 86.2517 141
104.636 86.2439 142
104.194 86.2619 143
103.635 86.7218 144
102.897 87.3373 145
102.234 87.5374 146
101.661 87.5349 147
101.209 87.8029 148
100.83 88.3109 149
100.522 88.9282 150
100.208 89.2499 151
99.7995 89.2322 152
99.2792 89.4412 153
98.5587 90.0724 154
97.5439 90.5977 155
96.7438 90.7662 156
96.2078 90.7615 157
95.7776 91.0595 158
95.4167 91.6208 159
95.1948 92.1838 160
94.8672 92.4559 161
94.5233 92.4624 162
94.06 92.7506 163
93.4072 93.4459 164
92.579 94.0576 165
91.8039 94.1871 166
91.3083 94.1305 167
90.8591 94.3793 168
90.4673 94.9315 169
90.199 95.5485 170
89.8713 95.7833 171
89.468 95.7753 172
88.9799 96.0061 173
88.3269 96.6038 174
87.5297 97.2017 175
86.6478 97.4504 176
86.0632 97.4857 177
85.5518 97.6816 178
85.0757 98.2339 179
84.6565 98.8458 180
84.2734 99.2238 181
83.8415 99.2538 182
83.2733 99.4761 183
82.5732 100.049 184
81.6684 100.786 185
80.7288 101.085 186
80.0448 101.132 187
79.4911 101.287 188
79.0517 101.759 189
78.6451 102.395 190
78.2962 102.803 191
77.8492 102.853 192
77.246 103.056 193
76.4851 103.683 194
75.6369 104.472 195
74.7399 104.901 196
74.0549 105.022 197
73.5706 105.13 198
73.2329 105.415 199
-------------
133 79 99
132.594 79.2592 100
132.177 79.7516 101
131.744 80.1119 102
131.213 80.4012 103
130.746 80.4368 104
130.309 80.5384 105
129.904 80.8804 106
129.521 81.2221 107
129.181 81.6292 108
128.89 81.9524 109
128.588 82.0243 110
128.308 82.1666 111
127.966 82.5009 112
127.607 83.0146 113
127.089 83.2652 114
126.528 83.3853 115
126.145 83.4716 116
125.791 83.7658 117
125.482 84.1717 118
125.237 84.4697 119
124.854 84.5617 120
124.436 84.7443 121
124.019 85.1074 122
123.438 85.5353 123
122.792 85.8747 124
122.155 85.9818 125
121.593 86.1172 126
121.096 86.4959 127
120.645 86.9185 128
120.206 87.2188 129
119.831 87.3419 130
119.412 87.4629 131
118.969 87.8365 132
118.379 88.329 133
117.664 88.7275 134
116.906 88.9898 135
116.347 89.0793 136
115.86 89.3133 137
115.427 89.7742 138
115.072 90.1569 139
114.842 90.2898 140
114.534 90.3541 141
114.138 90.5521 142
113.674 90.9319 143
113.091 91.3844 144
112.324 91.688 145
111.742 91.8074 146
111.238 91.9743 147
110.799 92.3625 148
110.459 92.8244 149
110.187 93.1458 150
109.826 93.3043 151
109.415 93.3419 152
108.894 93.6836 153
108.138 94.3199 154
107.082 94.7305 155
106.285 94.8979 156
105.77 94.9825 157
105.343 95.3131 158
104.986 95.8524 159
104.793 96.1803 160
104.473 96.3587 161
104.143 96.4178 162
103.72 96.7059 163
103.088 97.3503 164
102.278 97.8691 165
101.439 98.1317 166
100.932 98.1615 167
100.449 98.355 168
100.024 98.822 169
99.6809 99.262 170
99.3678 99.504 171
98.9361 99.5461 172
-------------
133 79 104
132.55 79.0905 105
132.14 79.4273 106
131.763 79.7743 107
131.444 80.139 108
131.241 80.3571 109
131.06 80.3603 110
130.795 80.476 111
130.434 80.81 112
129.928 81.2735 113
129.357 81.5021 114
128.816 81.5802 115
128.434 81.6618 116
128.079 81.9522 117
127.787 82.2973 118
127.591 82.5234 119
127.32 82.575 120
126.901 82.7558 121
126.452 83.097 122
125.816 83.462 123
125.124 83.7686 124
124.49 83.8743 125
123.925 84.0089 126
123.416 84.3589 127
122.954 84.725 128
122.544 85.0008 129
122.194 85.117 130
121.798 85.2174 131
121.366 85.5549 132
120.723 85.9852 133
120.006 86.3809 134
119.267 86.6223 135
118.744 86.7054 136
118.305 86.9265 137
117.893 87.3488 138
117.622 87.6569 139
117.409 87.7689 140
117.166 87.7998 141
116.789 87.978 142
116.316 88.319 143
115.733 88.7646 144
-------------
115 82 113
114.61 82.1419 114
114.081 82.4792 115
113.497 82.8133 116
112.952 83.0005 117
112.498 83.0075 118
112.098 83.2801 119
111.685 83.6839 120
111.3 84.0784 121
110.874 84.2682 122
110.415 84.2981 123
109.868 84.6029 124
109.236 85.1311 125
108.606 85.5368 126
108.059 85.6927 127
107.644 85.7385 128
107.213 86.0764 129
106.828 86.6541 130
106.468 87.0299 131
106.052 87.1659 132
105.585 87.1824 133
105.026 87.4842 134
104.341 87.9905 135
103.685 88.2847 136
103.112 88.3157 137
102.615 88.4216 138
102.227 88.8184 139
101.897 89.4244 140
101.576 89.8403 141
101.149 89.9464 142
100.69 90.0102 143
100.15 90.4621 144
99.4699 91.0862 145
98.8206 91.2982 146
98.255 91.3154 147
97.7728 91.5256 148
97.3656 92.0086 149
97.011 92.602 150
96.6685 92.9197 151
96.2532 92.9165 152
95.7181 93.1066 153
95.0285 93.705 154
94.2221 94.3526 155
93.4642 94.5664 156
92.922 94.5573 157
92.4866 94.8315 158
92.1008 95.3742 159
91.8597 95.9475 160
91.5274 96.2246 161
91.1716 96.2469 162
90.7075 96.5261 163
90.0579 97.2162 164
89.274 97.8379 165
88.5186 98.0022 166
88.008 97.9522 167
87.5608 98.2171 168
87.1732 98.8191 169
86.8902 99.4657 170
86.5354 99.7363 171
86.1268 99.7445 172
85.6405 99.9735 173
84.9886 100.58 174
84.1937 101.178 175
83.3148 101.383 176
82.6974 101.397 177
82.1814 101.642 178
81.728 102.308 179
81.3072 103 180
80.8995 103.404 181
80.4469 103.423 182
79.8813 103.649 183
79.1891 104.282 184
78.283 105.03 185
77.3666 105.342 186
76.6966 105.362 187
76.1396 105.555 188
75.6596 106.162 189
75.1959 106.925 190
74.7634 107.395 191
74.2821 107.388 192
73.6814 107.606 193
72.918 108.314 194
71.9745 109.132 195
70.9697 109.443 196
70.228 109.444 197
69.5621 109.632 198
68.9628 110.199 199
-------------
124 76 116
123.641 76.2813 117
123.375 76.5944 118
123.121 76.8419 119
122.724 76.9517 120
122.298 77.1448 121
121.83 77.441 122
121.197 77.7655 123
120.506 78.0711 124
119.859 78.2079 125
119.318 78.3178 126
118.807 78.645 127
118.352 79.0005 128
117.976 79.2725 129
117.604 79.4365 130
117.167 79.5753 131
116.69 79.9028 132
116.044 80.3306 133
115.337 80.7339 134
114.595 80.9918 135
114.111 81.0707 136
113.701 81.2776 137
113.347 81.6754 138
113.12 82.022 139
112.915 82.1202 140
112.552 82.1664 141
112.125 82.2987 142
111.648 82.6446 143
111.066 83.0936 144
110.336 83.3391 145
109.828 83.384 146
109.452 83.5153 147
109.074 83.8629 148
108.873 84.2441 149
108.743 84.4527 150
108.52 84.5044 151
108.123 84.5334 152
107.622 84.8555 153
-------------
124 94 116
123.778 94.3411 117
123.49 94.7978 118
123.135 95.1548 119
122.724 95.2798 120
122.483 95.345 121
122.214 95.6892 122
122.042 96.164 123
121.943 96.356 124
121.785 96.4649 125
121.502 96.6816 126
121.202 97.1989 127
120.788 97.7332 128
120.322 98.0339 129
120.053 98.0896 130
119.782 98.2128 131
119.535 98.6644 132
119.374 99.0589 133
119.341 99.2245 134
119.184 99.3551 135
118.888 99.6382 136
118.58 100.223 137
118.121 100.751 138
117.684 101.06 139
117.414 101.143 140
117.093 101.306 141
116.774 101.734 142
116.513 102.177 143
116.417 102.387 144
116.19 102.529 145
115.949 102.815 146
115.514 103.483 147
115.002 103.984 148
114.447 104.277 149
113.982 104.406 150
113.593 104.661 151
113.196 105.163 152
112.761 105.569 153
112.338 105.779 154
111.676 106.015 155
111.03 106.457 156
110.179 107.142 157
109.119 107.578 158
108.217 107.819 159
107.611 108.018 160
107.029 108.354 161
106.413 108.783 162
105.95 109.094 163
105.386 109.336 164
104.771 109.772 165
104.028 110.432 166
103.262 111.055 167
102.478 111.421 168
101.916 111.64 169
101.424 111.976 170
100.871 112.579 171
100.372 113.048 172
100.027 113.24 173
99.5617 113.524 174
99.0129 114.092 175
98.2392 115.026 176
97.3765 115.511 177
96.5532 115.719 178
95.9066 115.974 179
95.3019 116.434 180
94.5834 117.191 181
94.0223 117.547 182
93.4436 117.774 183
92.7884 118.109 184
92.0592 118.774 185
91.0039 119.572 186
89.812 119.979 187
88.9621 120.079 188
88.2456 120.303 189
87.4869 120.947 190
86.7866 121.62 191
86.2312 121.875 192
85.5424 122.074 193
84.9161 122.495 194
84.1623 123.289 195
83.0944 124.069 196
81.9689 124.388 197
81.1869 124.513 198
80.4914 124.818 199
-------------
112 91 117
111.921 91.029 118
111.559 91.2569 119
111.183 91.4264 120
110.813 91.6532 121
110.39 91.9106 122
110.171 92.0428 123
110.01 92.1115 124
109.566 92.3889 125
109.077 92.6471 126
108.625 92.864 127
108.366 93.024 128
107.892 93.3174 129
107.462 93.617 130
107.094 93.8714 131
106.706 94.1435 132
106.43 94.278 133
106.145 94.3585 134
105.611 94.6648 135
105 94.9343 136
104.486 95.0801 137
104.014 95.3064 138
103.574 95.6448 139
103.209 95.8792 140
102.861 96.2288 141
102.507 96.4403 142
102.155 96.6769 143
101.741 97.0404 144
101.181 97.5818 145
100.562 97.8009 146
100.028 97.9609 147
99.5853 98.2269 148
99.1116 98.6149 149
98.6857 99.009 150
98.2964 99.2843 151
97.9171 99.3885 152
97.3737 99.6171 153
96.7891 100.123 154
96.1322 100.702 155
95.5313 100.957 156
94.9861 101.028 157
94.5555 101.305 158
94.087 101.712 159
93.6918 102.076 160
93.3584 102.349 161
93.0478 102.489 162
92.6021 102.782 163
92.0126 103.427 164
91.344 104.016 165
90.6429 104.286 166
90.0465 104.325 167
89.4662 104.556 168
89.0176 104.971 169
88.6113 105.516 170
88.2314 105.889 171
87.8317 106.016 172
87.347 106.221 173
86.7472 106.781 174
86.0842 107.389 175
85.2674 107.794 176
-------------
121 97 118
120.649 97.353 119
120.205 97.4922 120
119.935 97.5616 121
119.663 97.8994 122
119.493 98.3613 123
119.448 98.4973 124
119.377 98.6053 125
119.221 98.7698 126
118.94 99.2694 127
118.529 99.8023 128
118.06 100.105 129
117.704 100.232 130
117.389 100.34 131
117.139 100.754 132
116.978 101.12 133
116.936 101.287 134
116.911 101.367 135
116.682 101.604 136
116.426 102.174 137
115.989 102.691 138
115.557 103.003 139
115.27 103.092 140
114.947 103.252 141
114.62 103.601 142
114.358 104.044 143
114.267 104.265 144
114.045 104.411 145
113.878 104.648 146
113.482 105.304 147
112.969 105.803 148
112.413 106.098 149
111.923 106.234 150
111.53 106.485 151
111.148 106.939 152
110.713 107.344 153
110.294 107.555 154
109.63 107.787 155
109.056 108.216 156
108.285 108.891 157
107.263 109.357 158
106.361 109.597 159
105.744 109.788 160
105.174 110.11 161
104.55 110.532 162
104.089 110.845 163
103.579 111.084 164
103.01 111.527 165
102.283 112.203 166
101.516 112.824 167
100.751 113.195 168
100.188 113.414 169
99.6932 113.754 170
99.1585 114.347 171
98.6528 114.817 172
98.3191 115.01 173
97.8596 115.293 174
97.3258 115.87 175
96.5863 116.797 176
95.7241 117.282 177
94.8994 117.491 178
94.2485 117.75 179
93.6474 118.206 180
92.9312 118.961 181
92.3666 119.32 182
91.7887 119.549 183
91.1325 119.89 184
90.4118 120.552 185
89.3627 121.358 186
88.1738 121.765 187
87.3109 121.873 188
86.5908 122.087 189
85.8321 122.727 190
85.1327 123.398 191
84.5777 123.654 192
83.889 123.853 193
83.2396 124.316 194
82.4966 125.093 195
81.4345 125.887 196
80.3091 126.208 197
79.5122 126.348 198
78.8165 126.653 199
-------------
127 97 120
126.784 97.0434 121
126.598 97.376 122
126.463 97.8328 123
126.397 98.0092 124
126.275 98.0444 125
126.072 98.1577 126
125.803 98.6513 127
125.418 99.1571 128
124.956 99.4526 129
124.693 99.4949 130
124.496 99.5979 131
124.288 100.041 132
124.222 100.401 133
124.242 100.452 134
124.094 100.506 135
123.942 100.72 136
123.658 101.278 137
123.219 101.793 138
122.777 102.067 139
122.52 102.129 140
122.22 102.297 141
121.934 102.73 142
121.754 103.133 143
121.7 103.295 144
121.477 103.407 145
121.216 103.672 146
120.831 104.328 147
120.338 104.801 148
119.796 105.046 149
119.361 105.133 150
118.997 105.371 151
118.61 105.849 152
-------------
112 79 121
111.599 79.1154 122
111.133 79.094 123
110.533 79.4433 124
109.854 80.055 125
109.087 80.5262 126
108.485 80.5606 127
108.062 80.5506 128
107.638 80.896 129
107.296 81.557 130
107.016 82.0057 131
106.624 82.0864 132
106.139 82.0808 133
105.543 82.4797 134
104.777 83.1272 135
104.074 83.4233 136
103.53 83.3318 137
103.094 83.3745 138
102.73 83.7939 139
102.473 84.4641 140
102.252 84.8564 141
101.875 84.8449 142
101.433 84.8625 143
100.884 85.3216 144
100.17 85.9456 145
99.5068 86.1477 146
98.9442 86.0799 147
98.5009 86.2756 148
98.1273 86.7876 149
97.8786 87.4557 150
97.6159 87.7893 151
97.2083 87.7682 152
96.6868 87.9532 153
95.974 88.5838 154
95.0457 89.1938 155
94.2456 89.3638 156
93.7607 89.3231 157
93.3818 89.6011 158
93.0286 90.1687 159
92.8479 90.7474 160
92.5399 91.0297 161
92.1898 91.0109 162
91.7258 91.2934 163
91.0711 91.9887 164
90.2516 92.6065 165
89.4827 92.7254 166
89.0202 92.6532 167
88.5947 92.9271 168
88.2481 93.5763 169
88.0479 94.2262 170
87.7546 94.42 171
87.3664 94.3964 172
86.881 94.6286 173
86.2143 95.2565 174
85.4198 95.8409 175
84.5737 95.995 176
84.0566 96.017 177
83.577 96.2376 178
83.1384 96.8731 179
82.8345 97.4808 180
82.5673 97.7348 181
82.14 97.7522 182
81.5759 97.9783 183
80.8792 98.5595 184
79.9673 99.3011 185
79.0665 99.5826 186
78.4891 99.5537 187
77.9748 99.7204 188
77.5466 100.195 189
77.1934 100.756 190
76.8862 101.057 191
76.5188 101.091 192
-------------
121 85 122
120.482 85.3437 123
119.847 85.6666 124
119.176 85.8411 125
118.584 86.0142 126
118.1 86.4009 127
117.656 86.7718 128
117.205 87.0849 129
116.741 87.3192 130
116.312 87.46 131
115.851 87.8109 132
115.272 88.2839 133
114.562 88.6803 134
113.804 88.9475 135
113.241 89.0378 136
112.749 89.2648 137
112.324 89.7286 138
111.964 90.1229 139
111.722 90.2785 140
111.373 90.3688 141
110.974 90.5429 142
110.525 90.9231 143
109.944 91.3841 144
109.172 91.6967 145
108.586 91.8225 146
108.062 91.9814 147
107.626 92.3599 148
107.281 92.8467 149
106.977 93.2164 150
106.607 93.3801 151
106.176 93.4032 152
105.655 93.7442 153
104.901 94.3843 154
103.845 94.8009 155
103.046 94.9697 156
102.5 95.0301 157
102.07 95.3656 158
101.703 95.9216 159
101.487 96.2926 160
101.146 96.4855 161
100.8 96.5415 162
100.34 96.8418 163
99.6928 97.533 164
98.8701 98.0736 165
98.0339 98.3272 166
97.4641 98.3334 167
96.955 98.5526 168
96.5145 99.0648 169
96.1684 99.5524 170
95.8349 99.8174 171
95.3984 99.8583 172
94.9159 100.069 173
94.2883 100.646 174
93.5039 101.243 175
92.5842 101.643 176
91.9103 101.707 177
91.3717 101.882 178
90.8952 102.406 179
90.4161 103.008 180
90.0291 103.433 181
89.6122 103.521 182
89.0472 103.737 183
88.3598 104.279 184
87.5096 105.009 185
86.5295 105.383 186
85.6675 105.545 187
85.0825 105.671 188
84.5666 106.12 189
84.0317 106.756 190
83.6263 107.219 191
83.1753 107.298 192
82.5775 107.494 193
81.8863 108.05 194
81.0823 108.859 195
80.1016 109.32 196
79.3007 109.498 197
78.8005 109.58 198
78.2956 109.923 199
-------------
109 88 124
108.464 88.3973 125
107.916 88.7151 126
107.392 88.9206 127
107 89.0138 128
106.55 89.3238 129
106.135 89.7571 130
105.746 90.0822 131
105.308 90.297 132
104.871 90.3372 133
104.376 90.5173 134
103.773 90.8429 135
103.149 91.1223 136
102.585 91.197 137
102.085 91.3471 138
101.658 91.6991 139
101.27 92.0831 140
100.917 92.4531 141
100.496 92.5905 142
100.04 92.7111 143
99.5324 93.1314 144
98.8825 93.7347 145
98.2615 93.9519 146
97.7234 94.0579 147
97.2761 94.3084 148
96.8594 94.7778 149
96.4725 95.317 150
96.0876 95.6014 151
95.65 95.6443 152
95.0833 95.8562 153
94.4061 96.4221 154
93.6902 97.0509 155
93.0505 97.3114 156
92.5285 97.3497 157
92.0952 97.6348 158
91.6895 98.154 159
91.3744 98.6862 160
91.0358 98.9622 161
90.6777 99.0113 162
90.2136 99.2874 163
89.5691 99.9639 164
88.8734 100.573 165
88.1749 100.823 166
87.6596 100.795 167
87.2039 101.059 168
86.7992 101.637 169
86.4032 102.226 170
85.9786 102.553 171
85.5504 102.642 172
85.0623 102.867 173
84.4217 103.45 174
83.6985 104.042 175
82.8899 104.375 176
82.2594 104.448 177
81.7396 104.678 178
81.2565 105.283 179
80.7738 105.938 180
80.3197 106.375 181
79.8333 106.444 182
79.2652 106.665 183
78.5815 107.262 184
77.7041 108.008 185
76.8194 108.393 186
76.1211 108.494 187
75.5584 108.676 188
75.0608 109.239 189
74.5495 109.963 190
74.0876 110.475 191
73.5937 110.487 192
72.9966 110.705 193
72.3057 111.35 194
71.4009 112.153 195
70.42 112.483 196
69.642 112.496 197
68.9644 112.678 198
68.3594 113.225 199
-------------
118 91 127
117.587 91.5138 128
117.125 91.8239 129
116.629 92.0675 130
116.203 92.2268 131
115.813 92.5966 132
115.378 93.0981 133
114.682 93.4993 134
113.927 93.7748 135
113.349 93.9392 136
112.87 94.1773 137
112.433 94.6863 138
112.062 95.0707 139
111.813 95.2252 140
111.444 95.3831 141
111.072 95.6134 142
110.703 96.0683 143
110.163 96.5686 144
109.384 96.9395 145
108.765 97.1088 146
108.223 97.2899 147
107.793 97.729 148
107.414 98.2305 149
107.078 98.6075 150
106.687 98.8419 151
106.285 98.9311 152
105.777 99.3113 153
105.037 99.968 154
103.982 100.377 155
103.178 100.549 156
102.579 100.632 157
102.008 101.061 158
101.636 101.62 159
101.371 101.998 160
101.021 102.194 161
100.637 102.311 162
100.18 102.625 163
99.5591 103.321 164
98.7705 103.884 165
97.8972 104.209 166
97.2534 104.26 167
96.6506 104.504 168
96.1927 105.009 169
95.8046 105.541 170
95.4294 105.88 171
-------------
121 100 127
120.588 100.536 128
120.123 100.837 129
119.837 100.916 130
119.588 101.015 131
119.363 101.457 132
119.206 101.833 133
119.163 101.987 134
119.125 102.041 135
118.912 102.292 136
118.63 102.879 137
118.19 103.41 138
117.754 103.711 139
117.495 103.778 140
117.177 103.94 141
116.882 104.374 142
116.621 104.817 143
116.544 105.026 144
116.335 105.157 145
116.165 105.406 146
115.764 106.086 147
115.252 106.587 148
114.697 106.876 149
114.234 106.975 150
113.846 107.228 151
113.473 107.733 152
113.038 108.138 153
112.621 108.347 154
111.963 108.582 155
111.389 109.026 156
110.589 109.75 157
109.495 110.171 158
108.591 110.411 159
107.979 110.594 160
107.41 110.932 161
106.794 111.368 162
106.332 111.677 163
105.826 111.849 164
105.249 112.242 165
104.54 112.921 166
103.775 113.545 167
102.992 113.911 168
102.435 114.108 169
101.946 114.432 170
101.412 115.042 171
100.919 115.525 172
100.591 115.704 173
100.125 115.962 174
99.5932 116.526 175
98.8365 117.47 176
97.9754 117.956 177
97.151 118.163 178
96.4961 118.414 179
95.8938 118.87 180
95.1885 119.628 181
94.6253 119.987 182
94.0463 120.213 183
93.373 120.525 184
92.6532 121.167 185
91.6019 121.969 186
90.4112 122.376 187
89.548 122.474 188
88.8324 122.686 189
88.0715 123.316 190
87.3723 123.987 191
86.8178 124.241 192
86.1309 124.437 193
85.4737 124.816 194
84.7291 125.564 195
83.6787 126.362 196
82.5538 126.683 197
81.7679 126.816 198
81.0731 127.119 199
-------------
121 103 128
120.556 103.29 129
120.283 103.354 130
120.038 103.452 131
119.838 103.879 132
119.694 104.224 133
119.652 104.357 134
119.633 104.397 135
119.473 104.61 136
119.201 105.192 137
118.764 105.722 138
118.336 106.004 139
118.082 106.072 140
117.766 106.234 141
117.498 106.678 142
117.238 107.12 143
117.161 107.333 144
117.027 107.426 145
116.871 107.657 146
116.481 108.341 147
115.97 108.841 148
115.422 109.122 149
114.967 109.21 150
114.582 109.461 151
114.246 109.973 152
113.811 110.377 153
113.4 110.583 154
112.908 110.708 155
112.384 111.122 156
111.626 111.854 157
110.509 112.262 158
109.593 112.462 159
108.98 112.554 160
108.426 112.897 161
107.821 113.339 162
107.36 113.647 163
106.872 113.793 164
106.321 114.134 165
105.673 114.828 166
104.913 115.454 167
104.127 115.815 168
103.591 115.965 169
103.105 116.28 170
102.631 116.897 171
102.198 117.385 172
101.871 117.562 173
101.431 117.732 174
100.952 118.252 175
100.27 119.196 176
99.4094 119.682 177
98.5848 119.887 178
97.9476 120.068 179
97.3573 120.513 180
96.7193 121.258 181
96.1757 121.619 182
95.5977 121.844 183
94.9325 122.07 184
94.2647 122.654 185
93.2495 123.464 186
92.0587 123.87 187
91.1909 123.967 188
90.477 124.172 189
89.7262 124.779 190
89.0616 125.431 191
88.5085 125.685 192
87.8546 125.869 193
87.2745 126.147 194
86.548 126.856 195
85.5133 127.635 196
84.3902 127.955 197
83.6125 128.078 198
82.9202 128.375 199
-------------
103 97 132
102.799 97.1092 133
102.678 97.1602 134
102.265 97.3733 135
101.803 97.5706 136
101.399 97.6691 137
101.148 97.8217 138
100.724 98.1376 139
100.416 98.3261 140
100.083 98.5889 141
99.7284 98.7704 142
99.4561 99.0124 143
99.2154 99.2328 144
98.7008 99.5891 145
98.0957 99.8002 146
97.6176 99.9534 147
97.2356 100.198 148
96.7717 100.576 149
96.3355 100.847 150
95.9435 101.115 151
95.5779 101.222 152
95.1877 101.442 153
94.6478 101.867 154
94.0094 102.439 155
93.4167 102.694 156
92.9233 102.791 157
92.5106 103.061 158
92.0486 103.434 159
91.6459 103.802 160
91.3151 104.074 161
91.0088 104.22 162
90.5972 104.435 163
90.0404 104.975 164
89.3849 105.566 165
88.7136 105.85 166
-------------
124 97 133
124.014 97.0428 134
123.831 97.1157 135
123.529 97.3917 136
123.139 97.9313 137
122.674 98.4567 138
122.234 98.7434 139
121.975 98.8126 140
121.673 98.981 141
121.343 99.4091 142
121.101 99.8151 143
120.988 99.9833 144
120.762 100.107 145
120.478 100.385 146
120.028 101.05 147
119.515 101.55 148
118.984 101.805 149
118.589 101.908 150
118.212 102.16 151
117.795 102.665 152
117.385 103.055 153
116.995 103.241 154
116.461 103.404 155
115.808 103.833 156
114.956 104.503 157
113.858 104.9 158
113.071 105.068 159
-------------
121 94 134
120.686 94.1535 135
120.358 94.4345 136
119.942 94.9644 137
119.48 95.491 138
119.045 95.8194 139
118.765 95.929 140
118.465 96.0985 141
118.135 96.5249 142
117.852 96.9721 143
117.719 97.1688 144
117.496 97.2995 145
117.192 97.5915 146
116.742 98.2491 147
116.231 98.7516 148
115.691 99.0665 149
115.257 99.2064 150
114.875 99.4619 151
114.462 99.9676 152
114.023 100.375 153
113.645 100.567 154
113.094 100.711 155
112.426 101.135 156
111.634 101.796 157
110.856 102.233 158
110.213 102.474 159
109.648 102.683 160
109.061 103.03 161
108.488 103.455 162
108.024 103.763 163
107.485 103.965 164
106.857 104.342 165
106.102 104.955 166
105.399 105.463 167
104.61 105.817 168
-------------
118 97 137
117.54 97.5255 138
117.103 97.8496 139
116.817 97.9581 140
116.509 98.1239 141
116.182 98.549 142
115.911 98.9998 143
115.755 99.2699 144
115.525 99.4098 145
115.229 99.7036 146
114.779 100.36 147
114.267 100.861 148
113.718 101.174 149
113.256 101.318 150
112.868 101.571 151
112.469 102.07 152
112.031 102.478 153
111.614 102.693 154
110.956 102.925 155
110.288 103.354 156
109.461 103.998 157
108.609 104.437 158
107.852 104.699 159
107.251 104.9 160
106.673 105.237 161
106.099 105.65 162
105.636 105.961 163
105.051 106.22 164
104.373 106.669 165
103.621 107.312 166
102.905 107.846 167
102.108 108.203 168
101.532 108.449 169
101.012 108.842 170
100.458 109.446 171
99.963 109.905 172
99.6175 110.097 173
99.1503 110.385 174
98.5646 110.965 175
97.7162 111.806 176
96.8561 112.283 177
96.041 112.499 178
95.4206 112.753 179
94.8165 113.217 180
94.1015 113.975 181
93.5449 114.324 182
92.9751 114.545 183
92.3395 114.876 184
91.6089 115.554 185
90.5841 116.223 186
89.3926 116.629 187
88.5529 116.761 188
87.9014 117.064 189
87.1773 117.709 190
86.4793 118.382 191
85.9545 118.612 192
85.3009 118.793 193
84.7491 119.271 194
84.0348 120.096 195
82.9932 120.702 196
81.8923 120.982 197
81.113 121.108 198
80.4273 121.411 199
-------------
115 106 137
114.596 106.516 138
114.19 106.813 139
113.956 106.877 140
113.66 107.017 141
113.347 107.368 142
113.08 107.8 143
112.99 108.012 144
112.889 108.107 145
112.766 108.297 146
112.397 108.963 147
111.894 109.462 148
111.355 109.759 149
110.906 109.857 150
110.519 110.107 151
110.174 110.558 152
109.74 110.961 153
109.331 111.169 154
108.829 111.37 155
108.306 111.794 156
107.618 112.514 157
106.677 113.047 158
105.801 113.283 159
105.205 113.361 160
104.665 113.671 161
104.059 114.102 162
103.603 114.42 163
103.179 114.638 164
102.709 115.091 165
102.062 115.784 166
101.301 116.409 167
100.584 116.786 168
100.054 116.981 169
99.5665 117.298 170
99.0772 117.888 171
98.5831 118.373 172
98.2824 118.571 173
97.899 118.792 174
97.4279 119.324 175
96.7638 120.266 176
95.9032 120.752 177
95.0784 120.962 178
94.4426 121.194 179
93.8584 121.631 180
93.2137 122.373 181
92.6472 122.752 182
92.0799 122.988 183
91.446 123.311 184
90.7548 123.959 185
89.7554 124.795 186
88.5675 125.203 187
87.6978 125.303 188
86.9772 125.507 189
86.2243 126.146 190
85.5317 126.811 191
84.9788 127.066 192
84.3292 127.276 193
83.7203 127.676 194
82.9991 128.424 195
81.9721 129.249 196
80.8465 129.571 197
80.0425 129.707 198
79.3398 129.996 199
-------------
109 91 138
108.631 91.392 139
108.33 91.6169 140
107.97 91.8619 141
107.594 92.0642 142
107.169 92.3808 143
106.622 92.8453 144
105.861 93.2096 145
105.217 93.4065 146
104.68 93.5543 147
104.258 93.9069 148
103.872 94.3924 149
103.53 94.7856 150
103.142 94.9979 151
102.717 95.0308 152
102.19 95.3691 153
101.446 96.0095 154
100.436 96.4504 155
99.6382 96.6207 156
99.091 96.6725 157
98.6581 97.0018 158
98.2888 97.5594 159
98.0192 97.9568 160
97.6757 98.1544 161
97.3198 98.2053 162
96.8585 98.5037 163
96.2183 99.1994 164
95.4142 99.7519 165
94.5912 99.9946 166
94.0038 99.9903 167
93.4822 100.22 168
93.0499 100.745 169
92.6842 101.278 170
92.3332 101.571 171
91.894 101.613 172
91.4113 101.824 173
90.7857 102.41 174
89.9989 103.008 175
89.0459 103.405 176
88.3763 103.46 177
87.8256 103.645 178
87.343 104.175 179
86.8601 104.791 180
86.4638 105.24 181
86.0412 105.328 182
85.4747 105.546 183
84.8017 106.094 184
83.9647 106.831 185
82.9893 107.203 186
82.1085 107.349 187
81.5122 107.484 188
80.9896 107.943 189
80.4382 108.622 190
80.0048 109.124 191
79.5422 109.201 192
78.9399 109.4 193
78.265 109.98 194
77.461 110.799 195
76.4825 111.251 196
75.6201 111.374 197
74.9945 111.483 198
74.4109 111.864 199
-------------
109 94 138
108.609 94.3769 139
108.292 94.5712 140
107.912 94.7722 141
107.545 94.9934 142
107.176 95.374 143
106.665 95.84 144
105.888 96.2244 145
105.249 96.4345 146
104.717 96.6046 147
104.327 96.9577 148
103.913 97.4211 149
103.575 97.8037 150
103.171 98.0458 151
102.756 98.1285 152
102.243 98.4903 153
101.511 99.1375 154
100.458 99.5486 155
99.6555 99.7341 156
99.1148 99.8029 157
98.6975 100.126 158
98.3268 100.683 159
98.0599 101.063 160
97.7035 101.268 161
97.2959 101.365 162
96.8389 101.674 163
96.2176 102.374 164
95.4333 102.936 165
94.5848 103.223 166
93.9649 103.268 167
93.4033 103.509 168
92.9764 104.029 169
92.5985 104.565 170
92.2287 104.898 171
91.7682 104.964 172
91.2861 105.171 173
90.6818 105.752 174
90.0023 106.417 175
89.0336 106.837 176
88.2133 106.936 177
87.6505 107.116 178
87.1652 107.64 179
86.6709 108.247 180
86.2776 108.722 181
85.8231 108.827 182
85.2552 109.042 183
84.6056 109.557 184
83.8119 110.31 185
82.8214 110.726 186
81.8039 110.911 187
81.1923 111.036 188
80.6707 111.496 189
80.099 112.177 190
79.6459 112.709 191
79.168 112.812 192
78.5523 112.996 193
77.9466 113.523 194
77.1791 114.381 195
76.1931 114.849 196
75.2338 115.007 197
74.5486 115.11 198
73.9171 115.47 199
-------------
103 109 139
102.934 109.087 140
102.87 109.137 141
102.771 109.223 142
102.559 109.466 143
102.437 109.638 144
102.359 109.743 145
102.326 109.803 146
102.21 109.896 147
102.108 110.041 148
101.69 110.372 149
101.344 110.536 150
101.147 110.686 151
100.917 110.845 152
100.661 111.072 153
100.246 111.335 154
99.966 111.595 155
99.8266 111.665 156
99.4968 111.847 157
99.1405 112.113 158
98.6961 112.442 159
98.2961 112.692 160
97.9739 112.877 161
97.603 113.069 162
97.2028 113.364 163
96.8121 113.614 164
96.3678 114.133 165
95.7976 114.535 166
95.1358 114.785 167
94.5466 115.024 168
94.1129 115.295 169
93.6549 115.658 170
93.1146 116.172 171
92.5743 116.537 172
92.3139 116.74 173
91.958 117.009 174
91.4997 117.545 175
90.8706 118.199 176
90.003 118.65 177
89.2043 118.85 178
88.7209 119.195 179
88.1666 119.611 180
87.4844 120.178 181
86.9217 120.52 182
86.4058 120.78 183
85.9237 121.144 184
85.2621 121.801 185
84.4387 122.468 186
83.2531 122.872 187
82.3867 122.995 188
81.7121 123.222 189
80.9621 123.851 190
80.2466 124.458 191
79.7033 124.727 192
79.0574 124.946 193
78.4972 125.437 194
77.8177 126.213 195
76.799 126.971 196
75.5817 127.284 197
74.7723 127.427 198
74.0453 127.716 199
-------------
109 85 143
108.421 85.4504 144
107.669 85.7504 145
107.08 85.8531 146
106.581 85.9512 147
106.189 86.292 148
105.96 86.7211 149
105.752 87.0227 150
105.442 87.1251 151
105.014 87.1416 152
104.503 87.4639 153
103.749 88.098 154
102.721 88.5483 155
101.924 88.7162 156
101.443 88.8198 157
101.035 89.1502 158
100.701 89.7061 159
100.512 90.0807 160
100.187 90.2722 161
99.8443 90.3315 162
99.3834 90.6302 163
98.7339 91.321 164
97.9248 91.8432 165
97.1355 92.0152 166
96.6687 92.0238 167
96.2764 92.2053 168
95.8802 92.6797 169
95.5973 93.1123 170
95.3536 93.2961 171
94.9479 93.341 172
-------------
97 88 144
96.3234 88.6328 145
95.6711 88.8398 146
95.1026 88.7817 147
94.6181 88.9632 148
94.2266 89.4603 149
94.0128 90.1155 150
93.749 90.4395 151
93.3397 90.4242 152
92.8163 90.6086 153
92.1302 91.2286 154
91.3034 91.9078 155
90.5217 92.1141 156
89.9972 92.0576 157
89.5666 92.3134 158
89.2107 92.8823 159
89.0194 93.4549 160
88.7088 93.7335 161
88.3585 93.7248 162
87.8959 94.0047 163
87.2418 94.7003 164
86.4485 95.35 165
85.6918 95.4853 166
85.2128 95.3891 167
84.7764 95.6588 168
84.4343 96.3196 169
84.2403 96.973 170
83.9109 97.1618 171
83.5184 97.149 172
83.033 97.383 173
82.3653 98.013 174
81.5665 98.6159 175
80.7013 98.7861 176
80.1231 98.7347 177
79.6252 98.9937 178
79.2008 99.7226 179
78.9146 100.416 180
78.5807 100.703 181
78.1316 100.707 182
77.569 100.937 183
76.8713 101.579 184
75.9567 102.327 185
75.0491 102.623 186
74.4527 102.552 187
73.9268 102.753 188
73.4665 103.386 189
73.148 104.13 190
72.799 104.478 191
72.3182 104.449 192
71.72 104.671 193
70.9461 105.386 194
69.9748 106.186 195
68.969 106.469 196
68.2964 106.436 197
67.6952 106.657 198
67.1615 107.277 199
-------------
106 100 146
105.47 100.175 147
105.069 100.505 148
104.603 100.906 149
104.236 101.216 150
103.837 101.466 151
103.428 101.558 152
102.944 101.915 153
102.251 102.533 154
101.206 102.942 155
100.403 103.131 156
99.8593 103.277 157
99.4495 103.573 158
99.0602 104.09 159
98.7511 104.432 160
98.3309 104.675 161
97.8994 104.814 162
97.4429 105.125 163
96.952 105.75 164
96.2162 106.331 165
95.3312 106.668 166
94.617 106.843 167
94.0254 107.077 168
93.6195 107.522 169
93.2387 108.052 170
92.8513 108.426 171
92.2918 108.654 172
91.821 108.848 173
91.2909 109.406 174
90.6882 110.071 175
89.6642 110.583 176
88.6624 110.821 177
88.0446 111.005 178
87.5517 111.458 179
87.057 112.064 180
86.6766 112.558 181
86.1368 112.789 182
85.5662 113.003 183
84.954 113.481 184
84.2413 114.236 185
83.2299 114.795 186
82.0536 115.092 187
81.4003 115.211 188
80.8838 115.664 189
80.3026 116.34 190
79.8224 116.926 191
79.2539 117.148 192
78.5802 117.325 193
77.9863 117.85 194
77.277 118.728 195
76.3221 119.296 196
75.0908 119.589 197
74.3118 119.708 198
73.6451 120.042 199
-------------
94 97 149
93.594 97.4083 150
93.2074 97.6846 151
92.8133 97.7545 152
92.3029 97.9538 153
91.7044 98.4074 154
91.0365 98.9913 155
90.4269 99.23 156
89.9162 99.2636 157
89.5112 99.5137 158
89.0609 99.9054 159
88.6813 100.323 160
88.3425 100.596 161
88.01 100.681 162
87.5577 100.932 163
86.9465 101.531 164
86.277 102.119 165
85.5778 102.337 166
85.0705 102.303 167
84.6306 102.565 168
84.2273 103.085 169
83.8247 103.635 170
83.3775 103.962 171
82.9508 104.036 172
82.4641 104.254 173
81.8276 104.819 174
81.1596 105.416 175
80.4324 105.746 176
79.8315 105.824 177
79.3172 106.046 178
78.8301 106.619 179
78.281 107.217 180
77.7416 107.618 181
77.2358 107.701 182
76.6603 107.914 183
75.9733 108.494 184
75.1438 109.256 185
74.3519 109.68 186
73.7384 109.823 187
73.2114 110.02 188
72.7329 110.606 189
72.1921 111.297 190
71.6973 111.791 191
71.1887 111.874 192
70.6235 112.115 193
69.965 112.764 194
69.2414 113.587 195
68.4904 114.027 196
67.7319 114.047 197
67.0568 114.235 198
66.4543 114.802 199
-------------
97 103 149
96.5819 103.228 150
96.1924 103.486 151
95.8361 103.596 152
95.5375 103.832 153
95.1066 104.156 154
94.5701 104.62 155
94.002 104.847 156
93.4919 104.976 157
93.1037 105.236 158
92.6462 105.596 159
92.2484 105.904 160
91.9263 106.16 161
91.6271 106.306 162
91.2635 106.533 163
90.8673 106.896 164
90.2576 107.465 165
89.5857 107.754 166
88.8672 107.928 167
88.2672 108.159 168
87.8216 108.502 169
87.4051 108.972 170
87.0354 109.348 171
86.6746 109.539 172
86.2093 109.731 173
85.748 110.174 174
85.1391 110.765 175
-------------
103 91 150
102.634 91.2236 151
102.206 91.2352 152
101.678 91.5129 153
100.931 92.1492 154
99.8973 92.6139 155
99.0985 92.7824 156
98.5503 92.8115 157
98.1169 93.1301 158
97.7524 93.6888 159
97.5226 94.1006 160
97.1808 94.2975 161
96.8288 94.3333 162
96.366 94.6276 163
95.7164 95.3217 164
94.8877 95.8715 165
94.0848 96.059 166
93.5386 96.036 167
93.0536 96.2538 168
92.6365 96.7833 169
92.3088 97.2904 170
91.973 97.5374 171
91.5365 97.5715 172
91.0509 97.7873 173
90.4135 98.3717 174
89.6203 98.9702 175
88.7 99.3102 176
88.0604 99.3589 177
87.5293 99.5438 178
87.0515 100.08 179
86.6006 100.698 180
86.2076 101.112 181
85.7822 101.189 182
85.2137 101.41 183
84.5184 101.971 184
83.6296 102.706 185
82.674 103.029 186
81.8882 103.13 187
81.3164 103.279 188
80.8287 103.743 189
80.3543 104.406 190
79.9637 104.855 191
79.5082 104.925 192
78.9038 105.126 193
78.1656 105.715 194
77.3297 106.513 195
76.3726 106.963 196
75.6059 107.087 197
75.0851 107.207 198
74.6806 107.539 199
-------------
103 91 154
101.961 91.4472 155
101.163 91.6153 156
100.622 91.6594 157
100.196 91.9914 158
99.8372 92.5498 159
99.6294 92.9376 160
99.2896 93.1299 161
98.9394 93.1776 162
98.4768 93.4745 163
97.8269 94.1661 164
96.9966 94.7089 165
96.1864 94.9067 166
95.6434 94.8958 167
95.1795 95.1022 168
94.7551 95.6147 169
94.4347 96.1008 170
94.1109 96.3308 171
93.6753 96.3682 172
93.1917 96.5802 173
92.5611 97.1588 174
91.7749 97.7561 175
90.8737 98.1159 176
90.2474 98.1699 177
89.747 98.3391 178
89.2782 98.866 179
88.8326 99.4749 180
88.4579 99.8738 181
88.0387 99.9579 182
87.4708 100.178 183
86.7785 100.731 184
85.8984 101.46 185
84.9564 101.778 186
84.186 101.895 187
83.651 102.033 188
83.2128 102.457 189
82.7897 103.065 190
82.4307 103.497 191
82.0239 103.589 192
81.4245 103.78 193
80.6966 104.343 194
-------------
91 94 154
90.2846 94.6441 155
89.5448 94.8668 156
89.0115 94.8404 157
88.5842 95.0962 158
88.207 95.6205 159
87.9369 96.1106 160
87.6163 96.3741 161
87.2689 96.3788 162
86.8133 96.649 163
86.1747 97.3038 164
85.4011 97.9513 165
84.6628 98.1118 166
84.1652 98.033 167
83.7246 98.2984 168
83.3504 98.9128 169
83.0837 99.5239 170
82.7071 99.7416 171
82.3149 99.739 172
81.832 99.9691 173
81.167 100.584 174
80.3746 101.191 175
79.5197 101.393 176
78.9251 101.361 177
78.4196 101.611 178
77.9618 102.279 179
77.5938 102.984 180
77.1921 103.304 181
76.7423 103.313 182
76.1816 103.541 183
75.4844 104.178 184
74.5793 104.942 185
73.6894 105.277 186
73.0758 105.237 187
72.5482 105.437 188
72.0864 106.068 189
71.7018 106.826 190
71.2702 107.26 191
70.7878 107.233 192
70.1912 107.455 193
69.4198 108.171 194
68.4541 108.98 195
67.4453 109.274 196
66.7134 109.218 197
66.0578 109.419 198
65.5203 110.051 199
-------------
103 97 155
102.199 97.1699 156
101.648 97.2261 157
101.215 97.566 158
100.845 98.1238 159
100.607 98.4996 160
100.265 98.693 161
99.9096 98.7479 162
99.4507 99.054 163
98.8115 99.749 164
98.0006 100.297 165
97.1546 100.569 166
96.5422 100.588 167
95.9916 100.815 168
95.5514 101.332 169
95.1828 101.837 170
94.8393 102.131 171
94.402 102.173 172
93.9199 102.382 173
93.2949 102.96 174
92.5117 103.558 175
91.5621 103.976 176
90.8544 104.047 177
90.3015 104.221 178
89.8197 104.746 179
89.3261 105.348 180
88.9321 105.791 181
88.5148 105.881 182
87.9501 106.095 183
87.2696 106.624 184
86.4369 107.356 185
85.4438 107.745 186
84.5371 107.904 187
83.9377 108.029 188
83.4164 108.482 189
82.8555 109.149 190
82.4323 109.633 191
81.9718 109.712 192
81.3746 109.902 193
80.7218 110.448 194
79.9184 111.263 195
78.9227 111.729 196
78.0289 111.893 197
77.4312 111.981 198
76.846 112.342 199
-------------
115 106 155
114.348 106.438 156
113.492 107.125 157
112.371 107.524 158
111.477 107.738 159
110.876 107.927 160
110.283 108.266 161
109.668 108.695 162
109.202 108.998 163
108.664 109.164 164
108.066 109.524 165
107.349 110.168 166
106.583 110.79 167
105.787 111.153 168
105.297 111.289 169
104.803 111.619 170
104.249 112.22 171
103.755 112.682 172
103.419 112.864 173
102.983 113.069 174
102.468 113.558 175
101.701 114.473 176
100.84 114.958 177
100.025 115.161 178
99.4699 115.37 179
98.8638 115.829 180
-------------
100 106 156
99.471 106.175 157
99.0548 106.452 158
98.616 106.883 159
98.1964 107.171 160
97.733 107.435 161
97.2997 107.586 162
96.8493 107.894 163
96.4538 108.374 164
95.7701 108.95 165
94.9212 109.321 166
94.2183 109.538 167
93.6273 109.772 168
93.1923 110.101 169
92.764 110.56 170
92.236 111.08 171
91.6805 111.383 172
91.2609 111.568 173
90.8099 112.034 174
90.335 112.633 175
89.3296 113.148 176
88.3216 113.498 177
87.645 113.68 178
87.1537 114.051 179
86.639 114.617 180
-------------
100 109 158
99.5539 109.334 159
99.1277 109.61 160
98.658 109.867 161
98.2336 110.055 162
97.7839 110.365 163
97.3868 110.657 164
96.9044 111.187 165
96.1952 111.629 166
95.5233 111.871 167
94.9329 112.109 168
94.4918 112.388 169
94.0301 112.798 170
93.4755 113.337 171
92.9276 113.686 172
92.5816 113.882 173
92.1438 114.198 174
91.6566 114.785 175
90.9238 115.435 176
90.0365 115.874 177
89.2503 116.076 178
88.7619 116.435 179
88.2252 116.926 180
87.5694 117.518 181
87.0066 117.857 182
86.449 118.086 183
85.8838 118.475 184
85.2232 119.175 185
84.3097 119.798 186
83.1222 120.203 187
82.2732 120.334 188
81.7017 120.612 189
81.0191 121.247 190
80.3243 121.909 191
79.7651 122.172 192
79.0867 122.364 193
78.5084 122.873 194
77.7949 123.701 195
76.7808 124.412 196
75.5375 124.728 197
74.7288 124.872 198
74.0358 125.17 199
-------------
88 91 163
87.3494 91.6963 164
86.5568 92.3398 165
85.7992 92.4591 166
85.3625 92.3596 167
84.9784 92.6221 168
84.6474 93.2847 169
84.5187 93.8907 170
84.2515 94.0469 171
83.8693 94.0294 172
83.3885 94.2642 173
82.7222 94.8936 174
81.9245 95.4851 175
81.0815 95.6396 176
80.5929 95.5854 177
80.1253 95.8482 178
79.7152 96.5759 179
79.4958 97.2538 180
79.25 97.5095 181
78.8057 97.5126 182
78.2482 97.7429 183
77.5506 98.3837 184
76.636 99.1303 185
75.7313 99.4199 186
75.2108 99.3552 187
74.7311 99.5413 188
74.2757 100.163 189
73.9865 100.843 190
73.6883 101.153 191
73.2375 101.141 192
72.6561 101.359 193
71.8844 102.067 194
70.9286 102.847 195
69.9641 103.116 196
-------------
97 112 168
96.4998 112.248 169
96.0161 112.622 170
95.4606 113.163 171
94.9211 113.531 172
94.5841 113.723 173
94.1485 114.026 174
93.6443 114.621 175
92.9298 115.428 176
92.0461 115.891 177
91.234 116.099 178
90.6582 116.422 179
90.0829 116.892 180
89.4023 117.532 181
88.8386 117.881 182
88.2781 118.107 183
87.6817 118.482 184
86.9775 119.176 185
85.9785 119.868 186
84.7897 120.273 187
83.9333 120.4 188
83.2557 120.666 189
82.5484 121.307 190
81.8498 121.979 191
81.2881 122.24 192
80.6081 122.434 193
80.0143 122.943 194
79.2847 123.769 195
78.2559 124.512 196
77.0343 124.83 197
76.2265 124.974 198
75.5336 125.276 199
-------------
97 115 169
96.5002 115.345 170
95.9455 115.888 171
95.4061 116.303 172
95.1364 116.51 173
94.7364 116.787 174
94.2615 117.339 175
93.6012 118.143 176
92.7283 118.615 177
91.9033 118.823 178
91.2628 119.096 179
90.667 119.54 180
89.9546 120.181 181
89.3904 120.541 182
88.8694 120.801 183
88.2578 121.156 184
87.578 121.819 185
86.5693 122.611 186
85.3848 123.018 187
84.5158 123.138 188
83.7938 123.349 189
83.0358 123.987 190
82.3277 124.641 191
81.782 124.909 192
81.0951 125.113 193
80.4818 125.597 194
79.7683 126.374 195
78.7248 127.176 196
77.5988 127.498 197
76.7958 127.642 198
76.095 127.941 199
-------------
85 106 171
84.569 106.13 172
84.072 106.321 173
83.4464 106.851 174
82.7917 107.439 175
82.0813 107.799 176
81.4677 107.897 177
80.9302 108.099 178
80.4086 108.574 179
79.8447 109.15 180
79.2867 109.576 181
78.7862 109.67 182
78.2034 109.875 183
77.523 110.377 184
76.7134 111.126 185
75.9073 111.559 186
75.248 111.715 187
74.704 111.898 188
74.1861 112.348 189
73.6203 113.015 190
73.0985 113.547 191
72.6262 113.712 192
72.0823 113.952 193
71.4843 114.548 194
70.8337 115.343 195
70.0502 115.79 196
69.2534 115.832 197
68.5222 115.987 198
67.817 116.342 199
-------------
97 109 171
96.5447 109.38 172
96.198 109.573 173
95.6478 109.95 174
95.0286 110.577 175
94.0799 111.313 176
93.2224 111.699 177
92.4172 111.904 178
91.7829 112.193 179
91.2328 112.724 180
90.681 113.387 181
90.1662 113.699 182
89.5999 113.917 183
88.9735 114.256 184
88.2329 114.962 185
87.2087 115.582 186
86.0264 115.958 187
85.2197 116.079 188
84.6473 116.523 189
83.9752 117.203 190
83.3019 117.882 191
82.7416 118.138 192
82.0749 118.315 193
81.4805 118.834 194
80.7485 119.697 195
79.7197 120.339 196
78.6094 120.6 197
77.8156 120.737 198
77.1253 121.051 199
-------------
97 106 172
96.599 106.197 173
96.0111 106.737 174
95.3423 107.374 175
94.3922 107.894 176
93.5571 108.074 177
92.9524 108.255 178
92.3947 108.612 179
91.8862 109.198 180
91.452 109.783 181
91.041 109.895 182
90.5018 110.096 183
89.9191 110.474 184
89.1517 111.183 185
88.1513 111.628 186
87.0625 111.87 187
86.3694 112.004 188
85.8392 112.45 189
85.2521 113.112 190
84.773 113.651 191
84.3718 113.726 192
-------------
79 109 174
78.3419 109.567 175
77.6614 109.866 176
77.1017 109.96 177
76.6248 110.146 178
76.1372 110.587 179
75.5913 111.097 180
75.0322 111.507 181
74.5746 111.625 182
74.0702 111.822 183
73.4277 112.274 184
72.705 112.971 185
71.9805 113.384 186
71.4163 113.53 187
70.9219 113.705 188
70.4252 114.118 189
69.8373 114.711 190
69.2602 115.197 191
68.7527 115.361 192
68.2608 115.614 193
67.7527 116.118 194
67.1086 116.856 195
66.385 117.288 196
65.6409 117.308 197
64.956 117.482 198
-------------
88 109 174
87.3723 109.609 175
86.3623 110.105 176
85.3393 110.408 177
84.7158 110.595 178
84.2305 111.039 179
83.7061 111.628 180
83.3236 112.098 181
82.8406 112.23 182
82.2698 112.444 183
81.6422 112.944 184
80.9801 113.682 185
80.0186 114.179 186
78.9212 114.488 187
78.2828 114.627 188
77.7764 115.059 189
77.2005 115.723 190
76.7261 116.286 191
76.1965 116.474 192
75.5601 116.674 193
74.9794 117.203 194
74.3311 118.043 195
73.4227 118.571 196
72.2208 118.865 197
71.4412 119.004 198
70.7628 119.336 199
-------------
94 121 175
93.3765 121.9 176
92.5239 122.381 177
91.7062 122.591 178
91.1774 122.823 179
90.6251 123.217 180
89.9817 123.859 181
89.4188 124.245 182
88.9042 124.509 183
88.4436 124.849 184
87.8092 125.495 185
86.9119 126.306 186
85.729 126.714 187
84.859 126.836 188
84.1456 127.026 189
83.3928 127.66 190
82.7118 128.251 191
82.1751 128.526 192
81.6853 128.775 193
81.1786 129.144 194
80.5154 129.919 195
79.5125 130.756 196
78.3874 131.08 197
77.5793 131.221 198
76.8577 131.484 199
-------------
79 118 176
78.9178 118.06 177
78.72 118.177 178
78.2937 118.533 179
77.8606 118.916 180
77.4163 119.237 181
77.0835 119.376 182
76.7859 119.582 183
76.3095 119.924 184
75.8209 120.495 185
-------------
94 124 176
93.1553 124.486 177
92.3648 124.712 178
91.9077 124.943 179
91.36 125.345 180
90.7567 125.962 181
90.1946 126.348 182
89.6838 126.615 183
89.2604 126.884 184
88.6765 127.487 185
87.7768 128.311 186
86.5972 128.726 187
85.7381 128.85 188
85.0307 129.032 189
84.3084 129.664 190
83.6384 130.253 191
83.1096 130.533 192
82.6958 130.78 193
82.2705 131.042 194
81.6369 131.806 195
80.6478 132.638 196
79.532 132.961 197
78.7294 133.094 198
78.0194 133.329 199
-------------
97 124 176
96.1536 124.486 177
95.3369 124.703 178
94.7479 124.884 179
94.2082 125.29 180
93.6787 125.986 181
93.1207 126.37 182
92.6158 126.635 183
92.1826 126.828 184
91.635 127.388 185
90.7059 128.217 186
89.5207 128.625 187
88.6549 128.73 188
87.9553 128.905 189
87.2978 129.52 190
86.6803 130.119 191
86.1466 130.393 192
85.5439 130.597 193
85.0784 130.809 194
84.4144 131.529 195
83.4176 132.34 196
82.2931 132.661 197
81.4935 132.788 198
80.8019 133.022 199
-------------
79 112 177
78.501 112.189 178
78.0139 112.623 179
77.4555 113.135 180
76.9074 113.541 181
76.4845 113.678 182
76.0576 113.882 183
75.4607 114.324 184
74.7579 115.036 185
74.0346 115.456 186
73.461 115.638 187
72.9377 115.815 188
72.4306 116.22 189
71.8325 116.805 190
71.2711 117.34 191
70.7945 117.548 192
70.346 117.803 193
69.8343 118.318 194
69.226 119.083 195
68.5021 119.539 196
-------------
79 115 177
78.6399 115.144 178
78.2096 115.513 179
77.7198 115.918 180
77.2378 116.292 181
76.8464 116.44 182
76.475 116.66 183
75.9583 117.023 184
75.367 117.643 185
74.7011 118.009 186
-------------
88 121 177
87.2682 121.182 178
86.8108 121.524 179
86.3046 121.893 180
85.8705 122.236 181
85.3175 122.576 182
84.8074 122.837 183
84.3627 123.187 184
83.7511 123.807 185
82.9571 124.48 186
81.7744 124.885 187
80.9061 125.007 188
80.2172 125.221 189
79.4696 125.817 190
78.7708 126.382 191
78.2419 126.657 192
77.8215 126.886 193
77.3434 127.331 194
76.7039 128.07 195
75.7954 128.845 196
74.6161 129.16 197
73.804 129.302 198
73.0465 129.57 199
-------------
73 115 183
72.4754 115.345 184
71.875 115.869 185
71.2161 116.185 186
70.7118 116.331 187
70.2201 116.502 188
69.7383 116.866 189
69.146 117.417 190
68.5571 117.905 191
68.0826 118.111 192
67.6398 118.356 193
67.136 118.826 194
66.4914 119.488 195
65.7517 119.88 196
65.0445 119.954 197
64.3681 120.114 198
63.6501 120.432 199
-------------
88 130 185
87.1674 130.767 186
86.0303 131.172 187
85.2174 131.307 188
84.5611 131.483 189
83.9442 132.072 190
83.3306 132.603 191
82.8084 132.879 192
82.4661 133.093 193
82.1393 133.315 194
81.5745 134.038 195
80.6124 134.863 196
79.5492 135.191 197
78.7527 135.324 198
78.0577 135.554 199
-------------
73 121 187
72.7802 121.115 188
72.2772 121.444 189
71.7113 121.968 190
71.1253 122.462 191
70.6632 122.669 192
70.3442 122.889 193
69.8689 123.293 194
69.3153 123.966 195
68.6768 124.357 196
-------------
82 130 188
81.3738 130.175 189
80.6416 130.782 190
79.9644 131.358 191
79.4388 131.638 192
79.065 131.868 193
78.657 132.215 194
78.085 132.947 195
77.1556 133.766 196
76.1241 134.143 197
75.3421 134.295 198
74.6165 134.539 199
-------------
