172 43 0
171.663 43.1743 1
171.351 43.3542 2
170.985 43.4811 3
170.554 43.5722 4
170.262 43.6151 5
170.047 43.7432 6
169.892 43.8666 7
169.754 43.9261 8
169.547 43.9923 9
169.242 44.0733 10
168.912 44.2292 11
168.574 44.3999 12
168.171 44.5296 13
167.829 44.55 14
167.635 44.6503 15
167.483 44.7806 16
167.35 44.9266 17
167.197 44.9806 18
166.964 44.9819 19
166.656 45.0887 20
166.337 45.3411 21
165.939 45.5694 22
165.487 45.7241 23
165.105 45.7617 24
164.845 45.8664 25
164.658 46.0309 26
164.497 46.1855 27
164.363 46.2782 28
-------------
163 46 0
162.664 46.2582 1
162.349 46.1996 2
162.024 46.2174 3
161.777 46.4495 4
161.569 46.8114 5
161.393 47.0194 6
161.202 47.0122 7
161.031 47.0308 8
160.793 47.2178 9
160.47 47.5018 10
160.114 47.6145 11
159.831 47.485 12
159.539 47.6253 13
159.34 47.8745 14
159.233 48.1676 15
159.118 48.1773 16
158.969 48.1584 17
158.799 48.2573 18
158.486 48.5663 19
158.158 48.7377 20
157.849 48.6767 21
157.562 48.6368 22
157.299 48.8948 23
157.097 49.2743 24
156.962 49.5127 25
156.835 49.484 26
156.618 49.5255 27
156.38 49.7268 28
156.077 49.9853 29
155.756 50.0759 30
155.467 50.0048 31
155.131 50.1637 32
154.812 50.4932 33
154.617 50.7811 34
154.415 50.8762 35
154.161 50.7917 36
153.892 51.0176 37
153.638 51.2439 38
153.241 51.5093 39
152.904 51.5581 40
152.584 51.6319 41
152.219 51.9022 42
151.89 52.2101 43
-------------
166 46 0
165.657 46.2446 1
165.317 46.2298 2
164.973 46.2928 3
164.708 46.5242 4
164.486 46.8754 5
164.298 47.0829 6
164.108 47.0697 7
163.938 47.0859 8
163.696 47.2685 9
163.366 47.5474 10
163.009 47.6685 11
162.694 47.5874 12
162.381 47.7283 13
162.163 47.9714 14
162.033 48.2595 15
161.913 48.3012 16
161.764 48.2844 17
161.593 48.3807 18
161.27 48.662 19
160.939 48.8266 20
160.612 48.8413 21
160.306 48.8808 22
159.991 49.123 23
-------------
172 46 0
171.658 46.186 1
171.324 46.3912 2
170.946 46.5178 3
170.502 46.6031 4
170.152 46.643 5
169.912 46.7934 6
169.744 46.9468 7
169.6 47.012 8
169.38 47.0852 9
169.07 47.1735 10
168.735 47.3357 11
168.372 47.5093 12
167.946 47.6345 13
167.581 47.6459 14
167.33 47.7443 15
167.168 47.8767 16
167.018 48.0327 17
166.849 48.1091 18
166.599 48.1257 19
166.284 48.2387 20
165.939 48.4979 21
165.51 48.7373 22
165.04 48.894 23
164.635 48.9323 24
164.319 49.0574 25
164.095 49.2299 26
163.882 49.3989 27
163.688 49.5093 28
163.429 49.5255 29
163.113 49.6201 30
162.789 49.8543 31
162.373 50.1134 32
161.905 50.2624 33
161.609 50.2986 34
161.387 50.3635 35
161.16 50.5365 36
160.915 50.7838 37
160.791 50.87 38
160.582 50.9192 39
160.326 51.0091 40
160.018 51.2928 41
159.652 51.5583 42
159.307 51.7106 43
159.152 51.6561 44
158.932 51.7894 45
158.775 51.9777 46
158.667 52.1721 47
158.631 52.1844 48
158.574 52.2077 49
158.342 52.2825 50
158.05 52.6131 51
-------------
175 46 0
174.668 46.1798 1
174.338 46.3932 2
173.957 46.5398 3
173.512 46.6233 4
173.166 46.6526 5
172.923 46.7964 6
172.745 46.9517 7
172.603 47.0195 8
172.412 47.0829 9
172.116 47.1635 10
171.783 47.3295 11
171.42 47.5058 12
170.992 47.6317 13
170.633 47.6418 14
170.388 47.7362 15
170.224 47.8691 16
170.069 48.026 17
169.937 48.0898 18
169.706 48.1045 19
169.404 48.2129 20
169.059 48.4742 21
168.631 48.7155 22
168.165 48.8727 23
167.801 48.905 24
-------------
163 49 0
162.664 49.2596 1
162.317 49.2551 2
161.97 49.3189 3
161.708 49.5286 4
161.489 49.8763 5
161.295 50.0712 6
161.069 50.1332 7
160.898 50.1516 8
160.656 50.3299 9
160.333 50.6085 10
159.977 50.732 11
159.668 50.6633 12
159.355 50.7965 13
159.147 51.0304 14
159.025 51.3038 15
158.881 51.3595 16
158.714 51.3537 17
158.544 51.4492 18
158.229 51.7549 19
157.901 51.9252 20
157.574 51.9031 21
157.242 51.9016 22
156.957 52.128 23
156.741 52.4929 24
156.574 52.7634 25
156.376 52.8006 26
156.15 52.8454 27
155.908 53.0361 28
155.605 53.2952 29
155.285 53.3865 30
154.967 53.3411 31
154.601 53.5042 32
154.269 53.8113 33
154.072 54.1165 34
153.847 54.2074 35
153.564 54.1363 36
153.296 54.3648 37
153.039 54.6004 38
152.632 54.9105 39
152.295 54.9639 40
151.918 55.0115 41
151.551 55.2872 42
151.224 55.622 43
151.015 55.8496 44
150.727 55.9382 45
150.454 55.9311 46
150.207 56.1831 47
149.888 56.4548 48
149.469 56.6611 49
149.128 56.6151 50
148.835 56.7596 51
148.446 57.0952 52
148.229 57.5456 53
-------------
166 49 0
165.666 49.2617 1
165.319 49.341 2
164.968 49.4204 3
164.677 49.6274 4
164.42 49.9321 5
164.215 50.135 6
163.98 50.2268 7
163.808 50.2467 8
163.562 50.411 9
163.236 50.6829 10
162.884 50.825 11
162.555 50.7971 12
162.2 50.9259 13
161.959 51.144 14
161.816 51.4129 15
161.653 51.5277 16
161.483 51.554 17
161.312 51.6484 18
160.997 51.9486 19
160.667 52.1159 20
160.314 52.1781 21
-------------
172 49 0
171.665 49.2134 1
171.323 49.4426 2
170.945 49.5682 3
170.5 49.6463 4
170.142 49.6821 5
169.896 49.8456 6
169.719 50.0323 7
169.574 50.1022 8
169.35 50.1802 9
169.049 50.2666 10
168.713 50.4335 11
168.351 50.6103 12
167.923 50.7346 13
167.553 50.7407 14
167.3 50.8387 15
167.135 50.974 16
166.982 51.1349 17
166.83 51.2148 18
166.579 51.2369 19
166.264 51.3494 20
165.919 51.612 21
165.492 51.8547 22
165.021 52.0111 23
164.611 52.0427 24
164.291 52.1686 25
164.065 52.3436 26
163.831 52.5174 27
163.617 52.6216 28
163.362 52.6448 29
163.047 52.7403 30
162.722 52.9769 31
162.306 53.2361 32
161.833 53.3849 33
161.485 53.424 34
161.23 53.4984 35
160.996 53.6768 36
160.749 53.9252 37
160.608 54.022 38
160.394 54.0821 39
160.115 54.1844 40
159.792 54.4812 41
159.417 54.7549 42
159.032 54.9329 43
158.757 54.8914 44
158.505 55.033 45
158.33 55.2434 46
158.188 55.5246 47
158.153 55.5516 48
157.938 55.587 49
157.643 55.6901 50
157.332 56.052 51
156.917 56.3768 52
156.491 56.5561 53
156.195 56.4578 54
155.889 56.5828 55
155.657 56.8853 56
155.472 57.2051 57
155.318 57.2974 58
155.156 57.2716 59
154.904 57.3789 60
154.586 57.7134 61
154.18 58.0037 62
153.822 58.0913 63
153.625 58.0373 64
-------------
175 49 0
174.683 49.1773 1
174.353 49.4072 2
173.974 49.5535 3
173.525 49.6305 4
173.168 49.6603 5
172.913 49.8069 6
172.732 49.9779 7
172.591 50.0488 8
172.422 50.1029 9
172.145 50.1623 10
171.811 50.3297 11
171.448 50.5072 12
171.019 50.6318 13
170.65 50.6355 14
170.397 50.7299 15
170.232 50.8636 16
170.076 51.022 17
169.951 51.0853 18
169.71 51.1043 19
169.405 51.2092 20
169.06 51.4718 21
168.632 51.7141 22
168.161 51.8692 23
167.768 51.8806 24
167.451 52.0017 25
167.224 52.1765 26
166.992 52.3496 27
166.799 52.4387 28
166.604 52.4396 29
-------------
163 52 0
162.676 52.2695 1
162.325 52.3534 2
161.977 52.4347 3
161.681 52.5963 4
161.417 52.8637 5
161.212 53.0556 6
160.993 53.1811 7
160.837 53.2132 8
160.596 53.3476 9
160.279 53.6181 10
159.932 53.7825 11
159.618 53.7789 12
159.294 53.9092 13
159.061 54.092 14
158.913 54.3154 15
158.756 54.4339 16
158.576 54.4659 17
158.406 54.5596 18
158.083 54.8402 19
157.755 55.0109 20
157.41 55.0626 21
157.055 55.1295 22
156.755 55.3418 23
-------------
169 52 0
168.687 52.2863 1
168.348 52.5339 2
167.981 52.6511 3
167.561 52.7216 4
167.26 52.8787 5
167.041 53.0748 6
166.859 53.2735 7
166.708 53.3399 8
166.484 53.4265 9
166.178 53.6497 10
165.845 53.853 11
165.49 54.0346 12
165.069 54.1574 13
164.7 54.1629 14
164.457 54.2834 15
164.294 54.421 16
164.135 54.5933 17
163.971 54.6853 18
163.705 54.7276 19
163.378 54.8678 20
163.044 55.1704 21
162.621 55.4229 22
162.151 55.5812 23
161.741 55.6029 24
161.427 55.7397 25
161.201 55.9228 26
160.95 56.1131 27
160.701 56.2283 28
160.425 56.2637 29
160.11 56.3592 30
159.771 56.6114 31
159.357 56.8738 32
158.884 57.0202 33
158.522 57.0637 34
158.267 57.1442 35
158.023 57.3332 36
157.776 57.5818 37
157.61 57.6891 38
157.343 57.7882 39
157.065 57.8905 40
156.739 58.2054 41
156.366 58.4819 42
155.982 58.6623 43
155.694 58.6242 44
155.405 58.7611 45
155.233 58.9788 46
155.09 59.2691 47
155.052 59.3326 48
154.806 59.3778 49
154.509 59.4827 50
154.209 59.8492 51
153.8 60.1751 52
153.372 60.3535 53
153.056 60.2511 54
152.736 60.369 55
152.513 60.6828 56
152.333 61.0082 57
152.147 61.0881 58
151.857 61.0787 59
151.599 61.1892 60
151.278 61.5279 61
150.874 61.8192 62
150.494 61.905 63
150.156 61.855 64
149.825 61.9864 65
149.559 62.3303 66
149.392 62.6444 67
149.232 62.6885 68
148.991 62.689 69
148.7 62.8421 70
148.347 63.246 71
147.898 63.5192 72
147.439 63.6162 73
147.056 63.6155 74
146.689 63.7484 75
146.333 64.1053 76
146.06 64.4284 77
145.751 64.5148 78
145.441 64.4971 79
145.094 64.6829 80
144.708 65.1034 81
144.163 65.4619 82
143.649 65.6039 83
143.251 65.5615 84
142.833 65.7267 85
142.488 66.1793 86
142.243 66.5164 87
141.993 66.5956 88
141.692 66.5798 89
141.342 66.7714 90
140.861 67.212 91
140.293 67.5129 92
139.708 67.6639 93
139.291 67.658 94
138.872 67.8114 95
138.409 68.3108 96
138.024 68.638 97
137.798 68.7534 98
137.577 68.7881 99
-------------
172 52 0
171.69 52.2372 1
171.352 52.4863 2
170.98 52.6164 3
170.545 52.6878 4
170.191 52.7464 5
169.943 52.9167 6
169.765 53.1138 7
169.629 53.1931 8
169.411 53.2719 9
169.112 53.3551 10
168.776 53.5419 11
168.419 53.7283 12
167.992 53.8526 13
167.621 53.8562 14
167.369 53.9524 15
167.205 54.0904 16
167.057 54.2732 17
166.949 54.3428 18
166.696 54.3649 19
166.382 54.4748 20
166.052 54.7802 21
165.632 55.0419 22
165.16 55.1977 23
164.742 55.2028 24
164.42 55.3263 25
164.193 55.5094 26
163.952 55.7028 27
163.736 55.797 28
163.515 55.7938 29
163.205 55.8888 30
162.876 56.1478 31
162.461 56.4084 32
161.988 56.555 33
161.626 56.5905 34
161.365 56.6633 35
161.127 56.8516 36
160.88 57.1007 37
160.749 57.1911 38
160.543 57.2499 39
160.266 57.3519 40
159.942 57.6514 41
159.566 57.9249 42
159.181 58.1014 43
158.893 58.0606 44
158.625 58.1984 45
158.45 58.4105 46
158.308 58.699 47
158.328 58.7202 48
158.107 58.751 49
157.812 58.8555 50
157.503 59.2187 51
157.087 59.5427 52
156.659 59.7199 53
156.341 59.6161 54
156.021 59.7354 55
155.788 60.042 56
155.604 60.3612 57
155.47 60.4406 58
155.241 60.4227 59
154.983 60.5328 60
154.661 60.8708 61
154.253 61.1602 62
153.874 61.2449 63
153.558 61.1989 64
153.247 61.33 65
152.98 61.671 66
152.817 61.9671 67
152.687 62.0037 68
152.521 62.0035 69
-------------
163 55 0
162.746 55.277 1
162.476 55.4048 2
162.143 55.4973 3
161.84 55.5914 4
161.623 55.7491 5
161.424 55.9288 6
161.21 56.0727 7
161.072 56.1205 8
160.882 56.2019 9
160.603 56.4607 10
160.283 56.6606 11
160.017 56.7473 12
159.638 56.8792 13
159.327 56.9369 14
159.164 57.0906 15
159.004 57.2105 16
158.842 57.3448 17
158.677 57.4342 18
158.387 57.627 19
158.067 57.8 20
157.751 57.9681 21
157.355 58.1615 22
156.974 58.3396 23
156.655 58.4898 24
156.393 58.6595 25
156.171 58.8191 26
155.931 58.9508 27
155.677 59.0727 28
155.393 59.2456 29
155.079 59.3477 30
154.745 59.4665 31
154.379 59.6512 32
153.961 59.802 33
153.649 59.9135 34
153.396 60.002 35
-------------
166 55 0
165.731 55.3056 1
165.415 55.5139 2
165.056 55.6274 3
164.637 55.6944 4
164.369 55.8228 5
164.16 56.0097 6
163.976 56.2044 7
163.836 56.2563 8
163.629 56.3339 9
163.353 56.5796 10
163.05 56.7934 11
162.708 56.9551 12
162.293 57.0788 13
161.925 57.092 14
161.7 57.2133 15
161.537 57.3487 16
161.375 57.5163 17
161.211 57.5992 18
160.958 57.6721 19
160.636 57.8425 20
160.308 58.1367 21
159.892 58.3924 22
159.427 58.5554 23
159.034 58.5807 24
158.742 58.7163 25
158.514 58.8971 26
158.26 59.0932 27
158.007 59.2069 28
157.732 59.3089 29
157.421 59.4131 30
157.053 59.6368 31
156.64 59.8969 32
156.167 60.0412 33
155.83 60.1098 34
155.576 60.1985 35
155.295 60.3913 36
155.032 60.6258 37
154.863 60.7133 38
154.566 60.8839 39
154.289 61.0021 40
153.949 61.3286 41
153.581 61.6116 42
153.235 61.8482 43
152.964 61.8289 44
152.667 61.967 45
152.493 62.1875 46
152.279 62.4505 47
152.163 62.5329 48
151.862 62.6011 49
151.563 62.7297 50
151.282 63.1448 51
150.879 63.4725 52
150.468 63.6612 53
150.226 63.6442 54
149.938 63.795 55
149.726 64.1421 56
149.553 64.4669 57
149.32 64.5466 58
149.022 64.5594 59
148.793 64.7024 60
148.491 65.0667 61
148.129 65.3584 62
147.753 65.4411 63
147.414 65.3926 64
147.079 65.529 65
146.833 65.8927 66
146.658 66.2059 67
146.425 66.2643 68
146.178 66.2755 69
145.886 66.4301 70
145.536 66.8335 71
145.09 67.1003 72
144.632 67.1956 73
144.249 67.1964 74
143.885 67.3258 75
143.53 67.6841 76
143.257 68.0042 77
142.919 68.0891 78
142.595 68.0845 79
142.253 68.2714 80
141.879 68.6906 81
141.347 69.0436 82
140.835 69.1859 83
140.412 69.1474 84
139.99 69.3125 85
139.639 69.7694 86
139.366 70.1105 87
139.067 70.1978 88
138.759 70.181 89
138.409 70.3733 90
137.956 70.8219 91
137.391 71.1138 92
136.809 71.2627 93
136.352 71.2656 94
135.899 71.4252 95
135.43 71.9305 96
135.026 72.2509 97
134.771 72.3728 98
134.472 72.4106 99
134.091 72.6542 100
133.68 73.162 101
133.176 73.5213 102
132.602 73.7487 103
132.14 73.7752 104
131.685 73.9244 105
131.274 74.3039 106
130.899 74.6522 107
130.673 74.9272 108
130.455 75.1186 109
130.155 75.1817 110
129.771 75.368 111
129.393 75.6965 112
128.843 76.1329 113
128.26 76.3649 114
127.807 76.535 115
127.439 76.6347 116
127.086 76.9253 117
126.804 77.262 118
126.588 77.502 119
126.217 77.591 120
125.792 77.783 121
125.323 78.1193 122
124.683 78.4823 123
123.991 78.7887 124
123.372 78.9026 125
122.846 79.0192 126
122.337 79.3676 127
121.88 79.7338 128
121.509 79.9903 129
121.157 80.1439 130
120.757 80.2575 131
120.286 80.5939 132
119.641 81.0241 133
118.927 81.4232 134
-------------
169 55 0
168.724 55.3124 1
168.388 55.5633 2
168.024 55.6794 3
167.604 55.7454 4
167.347 55.8671 5
167.133 56.0608 6
166.951 56.2605 7
166.811 56.3235 8
166.61 56.4018 9
166.349 56.5919 10
166.027 56.808 11
165.676 56.993 12
165.259 57.1156 13
164.892 57.1203 14
164.663 57.2341 15
164.499 57.3733 16
164.34 57.5552 17
164.2 57.6317 18
163.957 57.6772 19
163.643 57.831 20
163.314 58.1415 21
162.896 58.4089 22
162.425 58.5678 23
162.035 58.5621 24
161.728 58.6792 25
161.5 58.8633 26
161.248 59.064 27
161.003 59.1729 28
160.738 59.2136 29
160.428 59.308 30
160.07 59.5763 31
159.656 59.8423 32
159.183 59.9879 33
158.824 60.03 34
158.57 60.1169 35
158.325 60.3182 36
158.079 60.5666 37
157.925 60.6554 38
157.651 60.7586 39
157.374 60.8629 40
157.042 61.2007 41
156.672 61.4833 42
156.29 61.6666 43
156.003 61.6291 44
155.709 61.7659 45
155.539 61.9884 46
155.399 62.2836 47
155.412 62.3558 48
155.159 62.4037 49
154.864 62.519 50
154.585 62.935 51
154.178 63.2635 52
153.751 63.4421 53
153.433 63.3376 54
153.117 63.4601 55
152.9 63.8029 56
152.736 64.1305 57
152.65 64.1746 58
152.375 64.1605 59
152.136 64.2913 60
151.822 64.6445 61
151.43 64.9391 62
151.052 65.0226 63
150.711 64.9712 64
150.376 65.107 65
150.115 65.4568 66
149.948 65.7681 67
149.857 65.8043 68
149.66 65.8055 69
149.372 65.9619 70
149.02 66.3656 71
148.572 66.6348 72
148.112 66.7298 73
147.724 66.7293 74
147.353 66.8632 75
146.998 67.2197 76
146.725 67.5386 77
146.438 67.6176 78
146.13 67.6147 79
145.785 67.7998 80
145.404 68.2143 81
144.859 68.5668 82
144.345 68.7069 83
143.912 68.6655 84
143.488 68.8278 85
143.135 69.2803 86
142.872 69.6083 87
142.658 69.6772 88
142.363 69.6668 89
142.013 69.8582 90
141.53 70.2966 91
140.955 70.5894 92
140.369 70.7387 93
139.911 70.7426 94
139.499 70.8767 95
139.032 71.3767 96
138.637 71.6941 97
138.414 71.8027 98
138.176 71.8311 99
137.895 72.0014 100
137.485 72.4851 101
136.98 72.843 102
136.405 73.0717 103
135.946 73.0996 104
135.568 73.1958 105
-------------
166 58 0
165.799 58.3058 1
165.516 58.5354 2
165.155 58.6512 3
164.737 58.7195 4
164.54 58.8092 5
164.351 58.9861 6
164.167 59.1765 7
164.031 59.2315 8
163.857 59.298 9
163.673 59.5335 10
163.424 59.7687 11
163.105 59.9429 12
162.696 60.0706 13
162.329 60.0761 14
162.107 60.1876 15
161.944 60.3209 16
161.778 60.4929 17
161.642 60.5612 18
161.42 60.6231 19
161.171 60.7919 20
160.851 61.0995 21
160.435 61.3666 22
159.966 61.5249 23
159.582 61.5176 24
159.285 61.6275 25
159.055 61.8099 26
158.793 62.0163 27
158.549 62.1173 28
158.313 62.2102 29
158.011 62.3175 30
157.63 62.5881 31
157.216 62.852 32
156.743 62.9969 33
156.39 63.0404 34
156.136 63.1292 35
155.869 63.3412 36
155.622 63.582 37
155.46 63.6645 38
155.171 63.8436 39
154.899 63.968 40
154.557 64.3028 41
154.189 64.5882 42
153.849 64.8127 43
153.593 64.7952 44
153.298 64.9328 45
153.125 65.1547 46
152.957 65.4394 47
152.931 65.5289 48
152.685 65.6036 49
152.388 65.7345 50
152.109 66.1522 51
151.708 66.4797 52
151.297 66.6683 53
151.072 66.6605 54
150.789 66.8186 55
150.578 67.1677 56
150.448 67.4743 57
150.301 67.5562 58
150.031 67.5655 59
149.803 67.7119 60
149.505 68.0877 61
149.145 68.3806 62
148.782 68.4532 63
148.448 68.4044 64
148.169 68.6026 65
147.961 68.9688 66
147.804 69.2618 67
-------------
169 58 0
168.778 58.3205 1
168.486 58.5656 2
168.122 58.6807 3
167.702 58.7432 4
167.523 58.8127 5
167.33 59.0069 6
167.15 59.2102 7
167.016 59.2701 8
166.833 59.3426 9
166.641 59.5501 10
166.349 59.7805 11
166.008 59.9614 12
165.593 60.0824 13
165.228 60.0851 14
165.006 60.1952 15
164.844 60.3374 16
164.683 60.5224 17
164.57 60.5749 18
164.355 60.6202 19
164.089 60.7886 20
163.762 61.0994 21
163.345 61.3673 22
162.875 61.5254 23
162.492 61.512 24
162.194 61.6211 25
161.967 61.8078 26
161.713 62.0122 27
161.474 62.1126 28
161.257 62.1722 29
160.959 62.2687 30
160.59 62.5413 31
160.18 62.8072 32
159.706 62.9517 33
159.351 62.9923 34
159.098 63.08 35
158.849 63.2878 36
158.604 63.5278 37
158.476 63.6021 38
-------------
166 61 0
165.814 61.3021 1
165.58 61.5169 2
165.228 61.6271 3
164.839 61.6884 4
164.691 61.7607 5
164.527 61.9455 6
164.35 62.1491 7
164.219 62.2145 8
164.08 62.2707 9
163.924 62.5012 10
163.707 62.7474 11
163.392 62.9205 12
162.995 63.0677 13
162.643 63.0694 14
162.428 63.1785 15
162.279 63.316 16
162.118 63.5066 17
161.996 63.5721 18
161.821 63.6307 19
161.611 63.8121 20
161.295 64.1243 21
160.882 64.3907 22
160.413 64.5488 23
160.035 64.5371 24
159.742 64.6452 25
159.525 64.8461 26
159.264 65.0748 27
159.021 65.1743 28
158.845 65.269 29
158.575 65.3798 30
158.19 65.6501 31
157.775 65.9114 32
157.3 66.0546 33
156.95 66.0953 34
156.696 66.1836 35
156.442 66.406 36
156.197 66.6484 37
156.036 66.7282 38
155.805 66.8862 39
155.563 67.0035 40
155.218 67.3352 41
154.85 67.6206 42
154.516 67.8319 43
154.267 67.8169 44
153.984 67.9574 45
153.823 68.1813 46
153.677 68.4635 47
153.66 68.5669 48
153.465 68.6594 49
153.172 68.7984 50
152.894 69.2156 51
152.497 69.5398 52
152.095 69.7248 53
151.873 69.7224 54
151.62 69.8981 55
151.411 70.247 56
151.306 70.501 57
151.25 70.5353 58
151.053 70.5616 59
150.845 70.7248 60
150.547 71.1009 61
150.19 71.3899 62
149.907 71.4628 63
-------------
166 64 2
165.662 64.1047 3
165.308 64.1488 4
165.183 64.2142 5
165.033 64.3951 6
164.86 64.5972 7
164.733 64.6652 8
164.648 64.6939 9
164.53 64.8507 10
164.315 65.0925 11
164.015 65.2564 12
163.627 65.402 13
163.291 65.3963 14
163.106 65.5046 15
162.97 65.6485 16
162.824 65.847 17
162.704 65.912 18
162.59 65.9513 19
162.411 66.1066 20
162.104 66.417 21
161.693 66.6802 22
161.231 66.8279 23
160.858 66.8094 24
160.573 66.9176 25
160.372 67.1263 26
160.113 67.3568 27
159.869 67.4548 28
159.76 67.4861 29
159.512 67.5875 30
159.131 67.8549 31
158.717 68.1134 32
158.241 68.2534 33
157.893 68.2884 34
157.647 68.3757 35
157.423 68.6088 36
157.189 68.8518 37
157.047 68.9234 38
-------------
157 55 6
156.825 55.1061 7
156.716 55.1317 8
156.536 55.207 9
156.276 55.4101 10
155.984 55.5336 11
155.754 55.5602 12
155.435 55.6899 13
155.297 55.7648 14
155.174 55.8944 15
155.032 55.9862 16
154.892 56.0528 17
154.749 56.1251 18
154.516 56.2651 19
154.197 56.4273 20
153.895 56.4692 21
153.552 56.5248 22
153.263 56.7046 23
153.037 56.8775 24
152.853 57.0285 25
152.652 57.1583 26
152.455 57.2232 27
152.248 57.3517 28
151.966 57.5672 29
151.65 57.6601 30
151.301 57.6909 31
150.941 57.851 32
150.609 58.0735 33
150.381 58.3047 34
150.144 58.3926 35
149.847 58.3581 36
149.58 58.5858 37
149.298 58.7636 38
148.892 59.0725 39
148.551 59.1394 40
148.17 59.1823 41
147.805 59.4588 42
147.505 59.7857 43
147.281 59.9847 44
146.981 60.0979 45
146.694 60.0899 46
146.445 60.335 47
146.123 60.6043 48
145.705 60.8173 49
145.35 60.801 50
145.04 60.8856 51
144.676 61.2206 52
144.46 61.6796 53
144.365 61.8464 54
144.078 61.8625 55
143.822 61.9588 56
143.581 62.2908 57
143.206 62.5441 58
142.779 62.6059 59
142.49 62.6034 60
142.168 62.9154 61
141.864 63.2863 62
141.692 63.6323 63
141.446 63.6391 64
141.137 63.6058 65
140.82 63.9065 66
140.454 64.3214 67
140.033 64.5092 68
139.695 64.4948 69
139.376 64.6098 70
139.068 65.0265 71
138.802 65.4836 72
138.585 65.7335 73
138.258 65.7332 74
137.926 65.7912 75
137.558 66.1465 76
137.148 66.5597 77
136.691 66.6716 78
136.348 66.6516 79
136.044 66.8307 80
135.722 67.2678 81
135.456 67.7567 82
135.217 67.9801 83
134.929 67.9533 84
134.543 68.1206 85
134.184 68.5806 86
133.779 68.9715 87
133.371 69.0638 88
133.062 69.0378 89
132.749 69.2405 90
132.422 69.7416 91
132.224 70.2184 92
-------------
157 49 10
156.647 49.1163 11
156.387 49.0042 12
156.08 49.1346 13
155.896 49.3627 14
155.825 49.6185 15
155.717 49.6397 16
155.57 49.6281 17
155.401 49.7243 18
155.092 50.0301 19
154.765 50.2019 20
154.464 50.1414 21
154.175 50.0952 22
153.929 50.322 23
153.744 50.6956 24
153.612 50.9562 25
153.5 50.9277 26
153.281 50.9701 27
153.047 51.1689 28
152.747 51.432 29
152.426 51.5227 30
152.144 51.4409 31
151.808 51.5638 32
151.506 51.8988 33
151.317 52.2076 34
151.112 52.2983 35
150.85 52.2165 36
150.581 52.443 37
150.324 52.6804 38
149.916 52.9941 39
149.577 53.0413 40
149.22 53.0399 41
148.863 53.3103 42
148.565 53.6634 43
148.371 53.8986 44
148.093 53.9634 45
147.812 53.9478 46
147.561 54.194 47
147.242 54.4658 48
146.821 54.6773 49
146.491 54.6012 50
146.253 54.6365 51
145.929 54.9764 52
145.751 55.442 53
145.68 55.6067 54
145.388 55.6086 55
145.133 55.7017 56
144.892 56.0361 57
144.519 56.299 58
144.099 56.3318 59
143.886 56.3416 60
143.62 56.6146 61
143.331 56.9736 62
143.211 57.3063 63
142.995 57.3046 64
142.693 57.2705 65
142.382 57.569 66
142.016 57.9849 67
141.626 58.132 68
141.333 58.1175 69
141.154 58.1985 70
140.902 58.5824 71
-------------
157 52 10
156.654 52.1253 11
156.367 52.0893 12
156.054 52.2201 13
155.853 52.4177 14
155.722 52.6502 15
155.602 52.7213 16
155.444 52.7392 17
155.285 52.8241 18
154.991 53.1074 19
154.664 53.278 20
154.339 53.2585 21
154.013 53.2512 22
153.745 53.4589 23
153.537 53.8061 24
153.378 54.0503 25
153.223 54.0978 26
153.004 54.1401 27
152.768 54.3282 28
152.466 54.5871 29
152.147 54.6778 30
151.813 54.6448 31
151.451 54.7942 32
151.155 55.094 33
150.957 55.3884 34
150.744 55.4768 35
150.459 55.4069 36
150.19 55.6338 37
149.927 55.8631 38
149.519 56.1756 39
149.179 56.2271 40
148.807 56.2383 41
148.443 56.5136 42
148.144 56.8495 43
147.939 57.0769 44
147.65 57.1621 45
147.368 57.1475 46
147.118 57.3946 47
146.799 57.6672 48
146.379 57.8782 49
146.036 57.8255 50
145.738 57.8869 51
145.381 58.2286 52
145.185 58.7006 53
145.101 58.8747 54
144.813 58.8833 55
144.557 58.9781 56
144.319 59.3137 57
143.946 59.5771 58
143.517 59.6193 59
143.238 59.6268 60
142.923 59.9403 61
142.628 60.3284 62
142.476 60.6858 63
142.237 60.6815 64
141.929 60.6449 65
141.613 60.9517 66
141.247 61.3712 67
140.821 61.5545 68
140.487 61.5363 69
140.187 61.6497 70
139.884 62.0723 71
139.613 62.5296 72
139.403 62.7793 73
139.086 62.7646 74
138.758 62.8296 75
138.389 63.1859 76
137.977 63.6001 77
137.521 63.7102 78
137.198 63.6803 79
136.905 63.8545 80
136.591 64.2834 81
-------------
154 61 23
153.814 61.0762 24
153.646 61.157 25
153.42 61.3145 26
153.204 61.457 27
152.966 61.5586 28
152.754 61.694 29
152.472 61.7893 30
152.194 61.9091 31
151.856 62.0826 32
151.524 62.2042 33
151.265 62.301 34
151.008 62.3862 35
150.715 62.4918 36
150.467 62.7262 37
150.248 62.8131 38
149.88 63.0974 39
149.588 63.2176 40
149.245 63.4923 41
148.88 63.7724 42
148.58 64.0222 43
148.329 64.1164 44
148.016 64.2531 45
147.767 64.3161 46
147.534 64.5593 47
147.232 64.772 48
146.829 64.9921 49
146.517 65.1171 50
146.202 65.3819 51
145.809 65.706 52
145.448 65.9622 53
145.272 66.0578 54
144.998 66.1887 55
144.759 66.3687 56
144.525 66.6805 57
144.17 66.9081 58
143.756 66.9894 59
143.502 67.109 60
143.17 67.44 61
142.822 67.7421 62
142.544 67.9504 63
142.298 67.9629 64
-------------
157 64 23
156.66 64.0381 24
156.395 64.1275 25
156.175 64.2934 26
155.915 64.5174 27
155.673 64.6173 28
155.514 64.7408 29
155.274 64.8474 30
154.935 65.0757 31
154.527 65.3321 32
154.076 65.4787 33
153.732 65.5222 34
153.474 65.6081 35
153.188 65.812 36
152.944 66.0545 37
152.779 66.1372 38
152.486 66.3657 39
152.251 66.4941 40
151.905 66.8248 41
151.538 67.1115 42
151.23 67.3414 43
150.984 67.3419 44
150.682 67.4825 45
150.507 67.7017 46
150.325 67.9703 47
150.203 68.0925 48
149.983 68.2362 49
149.686 68.382 50
149.41 68.7995 51
149.013 69.1227 52
148.614 69.3117 53
148.392 69.311 54
148.114 69.4735 55
147.903 69.8225 56
147.779 70.0921 57
147.632 70.1765 58
147.37 70.2656 59
147.164 70.4476 60
146.864 70.8249 61
146.507 71.1105 62
146.221 71.1709 63
146.002 71.1884 64
145.775 71.4112 65
145.582 71.7744 66
145.46 71.9849 67
145.244 72.0585 68
145.07 72.2291 69
144.764 72.4829 70
144.4 72.8796 71
143.95 73.1058 72
143.528 73.1735 73
143.172 73.222 74
142.865 73.3865 75
142.56 73.7306 76
142.341 73.9919 77
142.013 74.0815 78
141.706 74.2429 79
141.35 74.4968 80
140.991 74.9012 81
140.493 75.2191 82
140.004 75.3521 83
139.552 75.3482 84
139.114 75.5218 85
138.774 75.9158 86
138.409 76.207 87
138.003 76.3073 88
137.664 76.3922 89
137.278 76.6055 90
136.804 77.0327 91
136.272 77.2629 92
135.752 77.4197 93
135.326 77.4608 94
134.939 77.667 95
134.508 78.1224 96
134.104 78.4279 97
133.806 78.6412 98
-------------
157 67 23
156.715 67.0606 24
156.507 67.1683 25
156.305 67.3687 26
156.045 67.5983 27
155.803 67.6981 28
155.691 67.7997 29
155.498 67.911 30
155.16 68.1547 31
154.755 68.4112 32
154.292 68.5689 33
154.002 68.5938 34
153.748 68.6808 35
153.484 68.9032 36
153.24 69.1475 37
153.079 69.2272 38
152.869 69.4505 39
152.665 69.5885 40
152.357 69.9169 41
152.003 70.2049 42
151.735 70.4334 43
151.504 70.4359 44
151.237 70.5895 45
151.081 70.8164 46
150.927 71.0557 47
150.832 71.1582 48
150.655 71.2852 49
150.372 71.4507 50
150.101 71.8679 51
149.707 72.1877 52
149.312 72.3725 53
149.091 72.3718 54
148.831 72.5631 55
148.634 72.9127 56
148.53 73.1468 57
148.474 73.1935 58
148.298 73.2946 59
148.109 73.4848 60
147.81 73.8626 61
147.455 74.1407 62
147.189 74.1973 63
147.048 74.2087 64
146.852 74.4523 65
146.668 74.8112 66
146.546 74.9871 67
146.416 75.0272 68
146.26 75.2003 69
145.969 75.4931 70
145.593 75.8838 71
145.154 76.0885 72
144.824 76.1166 73
144.496 76.18 74
144.209 76.3695 75
143.915 76.6798 76
143.715 76.8828 77
143.401 76.9776 78
143.12 77.1875 79
142.763 77.4479 80
142.382 77.8251 81
141.886 78.072 82
141.39 78.1891 83
140.934 78.2278 84
140.462 78.4074 85
140.126 78.7394 86
139.812 78.9507 87
-------------
160 49 29
159.681 49.0927 30
159.382 49.2583 31
158.996 49.4748 32
158.533 49.6279 33
158.226 49.6787 34
158.021 49.7387 35
157.813 49.8801 36
157.57 50.1257 37
157.449 50.2167 38
157.18 50.2981 39
156.893 50.3861 40
156.63 50.6296 41
156.262 50.8996 42
155.89 51.073 43
155.674 51.0437 44
155.449 51.1779 45
155.319 51.3484 46
155.217 51.5738 47
155.163 51.5936 48
154.924 51.64 49
154.638 51.7327 50
154.376 52.0647 51
-------------
148 61 34
147.76 61.0719 35
147.484 61.0952 36
147.326 61.2428 37
147.097 61.3295 38
146.715 61.6051 39
146.39 61.6801 40
146.035 61.7532 41
145.672 62.02 42
145.384 62.2725 43
145.141 62.4062 44
144.841 62.5318 45
144.577 62.5576 46
144.338 62.785 47
144.003 62.9881 48
143.588 63.2001 49
143.23 63.2141 50
142.913 63.3111 51
142.548 63.637 52
142.259 63.9574 53
142.118 64.0776 54
141.847 64.1556 55
141.598 64.2567 56
141.353 64.5771 57
140.975 64.8178 58
140.543 64.883 59
140.249 64.8898 60
139.927 65.196 61
139.624 65.554 62
139.413 65.8428 63
139.172 65.8537 64
138.862 65.8309 65
138.547 66.1243 66
138.18 66.5364 67
137.759 66.7285 68
137.414 66.7394 69
137.088 66.8529 70
136.785 67.2672 71
136.525 67.7174 72
136.295 67.9396 73
135.98 67.9415 74
135.653 67.9943 75
135.284 68.3459 76
134.873 68.7598 77
134.416 68.8795 78
134.074 68.8693 79
133.793 69.041 80
133.483 69.4748 81
133.239 69.9407 82
133.001 70.155 83
132.697 70.1385 84
132.319 70.2948 85
131.957 70.7516 86
131.551 71.1418 87
131.142 71.237 88
130.83 71.2161 89
130.544 71.4193 90
130.263 71.9068 91
130.067 72.3616 92
129.75 72.4506 93
129.358 72.4456 94
128.94 72.6882 95
128.452 73.2009 96
127.988 73.5147 97
127.602 73.6125 98
127.295 73.6542 99
126.936 73.9865 100
126.631 74.5508 101
126.276 74.906 102
125.824 74.9606 103
125.385 74.9927 104
124.939 75.3126 105
124.484 75.7241 106
123.999 75.9857 107
-------------
145 55 42
144.758 55.3263 43
144.576 55.554 44
144.304 55.6185 45
144.028 55.6024 46
143.78 55.8483 47
143.461 56.1207 48
143.04 56.3347 49
142.713 56.2596 50
142.468 56.2631 51
142.145 56.5873 52
141.969 57.0573 53
141.901 57.2278 54
141.612 57.2317 55
141.358 57.3251 56
141.117 57.6604 57
140.744 57.9264 58
140.311 57.968 59
140.069 57.9042 60
139.77 58.1908 61
139.51 58.5846 62
139.391 58.9398 63
139.164 58.9338 64
138.856 58.8968 65
138.538 59.1972 66
138.168 59.6174 67
137.739 59.8085 68
137.403 59.7864 69
137.143 59.8373 70
136.886 60.2656 71
136.703 60.7601 72
136.588 61.0071 73
136.277 60.9898 74
135.948 61.0499 75
135.576 61.4058 76
135.16 61.8219 77
134.698 61.9379 78
134.408 61.8841 79
134.142 62.0455 80
133.882 62.4826 81
133.741 62.9675 82
133.579 63.1656 83
133.299 63.1353 84
132.945 63.3002 85
132.58 63.7585 86
132.167 64.1448 87
131.758 64.2403 88
131.648 64.1839 89
131.513 64.3554 90
131.277 64.8157 91
131.162 65.2707 92
130.952 65.367 93
130.583 65.3047 94
130.159 65.5465 95
129.656 66.0747 96
129.144 66.3964 97
-------------
151 73 42
150.844 73.1934 43
150.701 73.1896 44
150.526 73.3426 45
150.382 73.5767 46
150.235 73.7957 47
150.136 73.8699 48
150.062 73.9615 49
149.852 74.143 50
149.584 74.5561 51
149.213 74.841 52
148.843 75.0364 53
148.63 75.0374 54
148.411 75.2508 55
148.221 75.5923 56
148.093 75.7979 57
148.076 75.8325 58
147.985 75.9111 59
147.807 76.1035 60
147.511 76.4821 61
147.156 76.7575 62
146.893 76.8168 63
146.753 76.829 64
146.634 77.0813 65
146.471 77.4357 66
146.348 77.613 67
146.269 77.6363 68
146.132 77.8041 69
145.852 78.109 70
145.472 78.4937 71
145.031 78.6933 72
144.708 78.7079 73
144.39 78.7739 74
144.162 78.9954 75
143.892 79.2755 76
143.71 79.4609 77
143.407 79.5516 78
143.136 79.7636 79
142.79 80.034 80
142.405 80.3869 81
141.911 80.5889 82
141.46 80.6235 83
141.088 80.7021 84
140.659 80.9217 85
140.323 81.2412 86
140.031 81.4313 87
139.654 81.5344 88
139.367 81.6809 89
138.868 81.8955 90
138.313 82.09 91
137.939 82.1433 92
137.592 82.2214 93
137.216 82.3484 94
136.856 82.5667 95
136.505 82.7573 96
136.232 82.8472 97
135.947 83.0787 98
-------------
142 58 47
141.697 58.2553 48
141.277 58.469 49
140.958 58.4076 50
140.684 58.4388 51
140.339 58.7605 52
140.173 59.1648 53
140.149 59.2645 54
139.867 59.2729 55
139.62 59.3618 56
139.381 59.6955 57
139.015 59.9557 58
138.585 60.0038 59
138.334 59.9471 60
138.028 60.2279 61
137.765 60.6125 62
137.638 60.9545 63
137.411 60.9541 64
137.117 60.9136 65
136.803 61.2112 66
136.434 61.6318 67
136.009 61.8252 68
135.674 61.804 69
135.39 61.8625 70
135.106 62.2844 71
134.91 62.7683 72
134.774 63.0143 73
134.47 62.9967 74
134.143 63.0563 75
133.772 63.4121 76
133.357 63.8289 77
132.893 63.9455 78
132.592 63.8862 79
132.315 64.0447 80
132.039 64.482 81
131.902 64.9719 82
131.731 65.1772 83
131.45 65.1461 84
131.094 65.3105 85
130.729 65.7703 86
130.317 66.1589 87
129.905 66.2546 88
129.744 66.1512 89
129.569 66.3354 90
129.344 66.8356 91
129.25 67.3067 92
129.012 67.3907 93
128.635 67.3194 94
128.212 67.5681 95
127.71 68.0979 96
127.19 68.4219 97
126.807 68.4412 98
126.541 68.471 99
126.24 68.8342 100
126.036 69.428 101
125.871 69.7371 102
125.535 69.7243 103
125.104 69.7391 104
124.654 70.09 105
124.189 70.5058 106
123.653 70.734 107
-------------
154 55 48
153.73 55.0506 49
153.428 55.1397 50
153.145 55.4598 51
152.732 55.7822 52
152.307 55.9613 53
152.002 55.8619 54
151.689 55.9686 55
151.487 56.2524 56
151.304 56.5757 57
151.071 56.6814 58
150.758 56.6755 59
150.495 56.7797 60
150.172 57.1142 61
149.768 57.4061 62
149.387 57.4963 63
149.071 57.4475 64
148.815 57.5586 65
148.554 57.902 66
148.392 58.2164 67
148.21 58.2651 68
147.922 58.2495 69
147.631 58.4003 70
147.281 58.8067 71
146.832 59.0812 72
146.377 59.1832 73
146.017 59.1795 74
145.715 59.3355 75
145.388 59.6918 76
145.124 60.0208 77
144.845 60.1082 78
144.518 60.0946 79
144.174 60.281 80
143.798 60.7069 81
143.265 61.068 82
142.773 61.22 83
-------------
142 67 49
141.736 67.0627 50
141.491 67.183 51
141.158 67.4622 52
140.9 67.6917 53
140.745 67.7562 54
140.467 67.8805 55
140.244 68.0096 56
140.029 68.2049 57
139.665 68.4022 58
139.251 68.4803 59
139.028 68.5236 60
138.733 68.7901 61
138.416 69.0771 62
138.186 69.2842 63
137.946 69.2988 64
137.671 69.3422 65
137.39 69.5961 66
137.042 69.908 67
136.621 70.096 68
136.288 70.1562 69
135.963 70.2749 70
135.673 70.649 71
135.356 70.9411 72
135.089 71.1062 73
134.802 71.1306 74
134.554 71.1831 75
134.189 71.4964 76
133.779 71.8977 77
133.319 72.0184 78
132.98 72.04 79
132.704 72.2095 80
132.393 72.6111 81
132.063 72.9797 82
131.799 73.1474 83
131.484 73.1506 84
131.136 73.2901 85
130.771 73.7157 86
130.368 74.1006 87
129.956 74.1978 88
129.649 74.1996 89
129.365 74.4016 90
129.077 74.856 91
-------------
157 61 50
156.705 61.3888 51
156.291 61.7131 52
155.863 61.8905 53
155.543 61.7856 54
155.222 61.9044 55
154.992 62.2249 56
154.812 62.5427 57
154.752 62.5894 58
154.52 62.5656 59
154.273 62.6758 60
153.953 63.0158 61
153.545 63.3051 62
153.165 63.3883 63
152.825 63.3371 64
152.496 63.469 65
152.229 63.8114 66
152.062 64.1172 67
151.948 64.1508 68
151.757 64.1562 69
151.479 64.3031 70
151.126 64.7063 71
150.676 64.9757 72
150.217 65.0711 73
149.833 65.0708 74
149.466 65.2033 75
149.108 65.5572 76
148.841 65.8637 77
148.576 65.937 78
148.301 65.9269 79
147.97 66.1091 80
147.58 66.5191 81
147.035 66.8629 82
146.521 67.0031 83
-------------
145 73 52
144.663 73.2197 53
144.476 73.2167 54
144.208 73.3605 55
143.986 73.6253 56
143.835 73.7914 57
143.807 73.8417 58
143.711 73.93 59
143.559 74.0927 60
143.263 74.4676 61
142.908 74.7457 62
142.631 74.8125 63
142.487 74.8227 64
142.308 75.0071 65
142.134 75.2756 66
141.99 75.4776 67
141.809 75.5469 68
141.597 75.6923 69
141.269 75.9519 70
140.875 76.3245 71
140.421 76.54 72
140.074 76.5779 73
139.753 76.6313 74
139.511 76.7726 75
139.255 77.0441 76
139.069 77.2738 77
138.768 77.3594 78
138.464 77.5457 79
138.103 77.8015 80
137.724 78.158 81
137.235 78.4185 82
136.877 78.5293 83
136.549 78.5757 84
136.21 78.7862 85
135.903 79.1178 86
135.59 79.334 87
135.184 79.4333 88
134.826 79.5331 89
134.327 79.7495 90
133.765 79.9357 91
133.387 79.9945 92
133.03 80.0491 93
132.649 80.2202 94
132.302 80.4666 95
131.986 80.6976 96
131.653 80.8504 97
131.331 81.0876 98
130.967 81.486 99
130.559 81.7824 100
130.19 82.0458 101
129.844 82.2829 102
129.346 82.5974 103
128.938 82.8549 104
128.559 82.9998 105
128.201 83.2121 106
127.809 83.5257 107
127.413 83.9932 108
127.011 84.3893 109
126.654 84.529 110
126.357 84.6359 111
126.041 84.9366 112
125.716 85.4484 113
125.357 85.7109 114
124.818 85.8654 115
124.444 85.9649 116
124.104 86.2737 117
123.776 86.7038 118
123.511 87.019 119
-------------
145 76 52
144.692 76.2165 53
144.596 76.2455 54
144.364 76.4338 55
144.17 76.7211 56
144.041 76.8493 57
144.02 76.8882 58
143.945 76.9687 59
143.808 77.1236 60
143.529 77.4973 61
143.18 77.7757 62
142.922 77.8449 63
142.783 77.8566 64
142.628 78.0661 65
142.461 78.3702 66
142.331 78.5525 67
142.309 78.5714 68
142.176 78.716 69
141.897 79.013 70
141.513 79.3925 71
141.067 79.5958 72
140.743 79.6107 73
140.432 79.6732 74
140.217 79.8244 75
139.963 80.0641 76
139.808 80.2618 77
139.604 80.3322 78
139.34 80.5415 79
138.994 80.8113 80
138.614 81.1634 81
138.125 81.3837 82
137.711 81.4307 83
137.364 81.5059 84
137.034 81.7571 85
136.72 82.0824 86
136.452 82.2693 87
136.063 82.3663 88
135.723 82.5022 89
135.223 82.7204 90
134.656 82.8981 91
134.285 82.9484 92
133.963 83.0008 93
133.624 83.21 94
133.287 83.4603 95
132.965 83.6684 96
132.663 83.7937 97
132.349 84.0338 98
131.989 84.4358 99
131.582 84.7578 100
131.227 84.9929 101
130.922 85.1776 102
130.476 85.5626 103
130.108 85.8753 104
129.806 85.985 105
129.457 86.149 106
129.1 86.4504 107
128.703 86.9214 108
128.274 87.3331 109
127.917 87.4726 110
127.673 87.5578 111
127.446 87.796 112
127.129 88.3095 113
126.837 88.5818 114
-------------
142 70 58
141.672 70.1026 59
141.482 70.2233 60
141.168 70.5362 61
140.825 70.8132 62
140.59 70.9403 63
140.355 70.9545 64
140.143 71.0998 65
139.866 71.3705 66
139.565 71.6887 67
139.182 71.8604 68
138.854 71.9451 69
138.507 72.1206 70
138.126 72.4961 71
137.726 72.758 72
137.458 72.9136 73
137.169 72.9415 74
136.938 73.0187 75
136.621 73.3222 76
136.296 73.7066 77
135.883 73.8334 78
135.512 73.938 79
135.15 74.1818 80
134.801 74.5606 81
134.351 74.8795 82
134.077 75.0429 83
133.766 75.0692 84
133.424 75.2233 85
133.082 75.6282 86
132.686 76.0108 87
132.278 76.1103 88
131.949 76.1411 89
-------------
148 61 59
147.729 61.0879 60
147.409 61.4134 61
147.011 61.7117 62
146.63 61.8026 63
146.293 61.7556 64
145.948 61.8337 65
145.672 62.173 66
145.504 62.4924 67
145.234 62.5514 68
144.933 62.5431 69
144.634 62.6843 70
144.286 63.0877 71
143.839 63.3625 72
143.38 63.4611 73
143 63.4591 74
142.639 63.5739 75
142.283 63.9317 76
142.007 64.2599 77
141.645 64.3395 78
141.31 64.3216 79
140.965 64.5042 80
140.589 64.9235 81
140.048 65.2824 82
139.535 65.4228 83
139.196 65.3537 84
138.796 65.5066 85
138.46 65.9666 86
138.209 66.3232 87
137.904 66.3926 88
137.596 66.3661 89
137.246 66.5561 90
136.799 67.0011 91
136.233 67.3015 92
135.651 67.4497 93
135.212 67.4151 94
134.761 67.5747 95
134.292 68.081 96
133.898 68.4127 97
133.622 68.5123 98
133.315 68.5496 99
132.933 68.7929 100
132.522 69.2998 101
132.02 69.6591 102
131.451 69.8752 103
130.998 69.8966 104
130.598 70.0639 105
130.21 70.4647 106
129.857 70.8196 107
129.687 71.067 108
129.528 71.2508 109
129.203 71.3205 110
128.82 71.5041 111
128.441 71.8319 112
127.901 72.2662 113
127.32 72.4998 114
126.983 72.6305 115
126.756 72.7152 116
126.471 72.9958 117
126.244 73.3068 118
126.069 73.528 119
125.764 73.6192 120
125.344 73.8113 121
124.878 74.1455 122
-------------
145 79 63
144.86 79.0126 64
144.727 79.2483 65
144.561 79.5753 66
144.436 79.7479 67
144.414 79.7641 68
144.295 79.9109 69
144.019 80.2126 70
143.638 80.5945 71
143.198 80.7947 72
142.88 80.8081 73
142.57 80.884 74
142.364 81.1044 75
142.109 81.3615 76
141.941 81.5492 77
141.797 81.6061 78
141.54 81.8205 79
141.196 82.0929 80
140.812 82.4445 81
140.321 82.6331 82
139.899 82.651 83
139.563 82.7399 84
139.225 83.0117 85
138.902 83.3322 86
138.628 83.5115 87
138.253 83.6095 88
137.946 83.7826 89
137.445 83.9995 90
136.877 84.1749 91
136.505 84.2182 92
136.183 84.2832 93
135.897 84.5165 94
135.624 84.7583 95
135.286 84.9471 96
135.03 85.0227 97
134.722 85.2587 98
134.375 85.6478 99
133.973 85.9611 100
133.631 86.1603 101
133.363 86.3126 102
132.977 86.6966 103
132.616 86.9891 104
132.228 87.0837 105
131.875 87.2321 106
-------------
148 73 71
147.569 73.2345 72
147.213 73.293 73
146.805 73.3144 74
146.422 73.4543 75
146.089 73.784 76
145.858 74.0277 77
145.604 74.122 78
145.492 74.2837 79
145.131 74.4878 80
144.772 74.8967 81
144.269 75.2194 82
143.764 75.3517 83
143.284 75.3151 84
142.806 75.4757 85
142.475 75.8919 86
142.21 76.1661 87
142.031 76.2318 88
141.935 76.2828 89
141.614 76.4677 90
141.176 76.9038 91
140.63 77.1636 92
140.051 77.3073 93
139.591 77.3141 94
139.138 77.4443 95
-------------
139 82 72
138.725 82.018 73
138.494 82.0797 74
138.323 82.194 75
138.085 82.3693 76
137.941 82.559 77
137.834 82.615 78
137.63 82.8034 79
137.29 83.0705 80
136.909 83.4178 81
136.427 83.6348 82
136.086 83.6703 83
135.781 83.738 84
135.483 83.9697 85
135.17 84.2839 86
134.923 84.4665 87
134.546 84.5593 88
134.234 84.7238 89
133.738 84.948 90
133.171 85.1243 91
132.809 85.1689 92
132.501 85.2152 93
132.193 85.4324 94
131.862 85.6855 95
131.562 85.8813 96
131.352 85.9798 97
131.054 86.2179 98
130.696 86.6191 99
130.294 86.9475 100
129.942 87.1954 101
129.638 87.3531 102
129.242 87.77 103
128.904 88.09 104
128.697 88.1999 105
128.357 88.3578 106
128.05 88.6449 107
127.661 89.1216 108
127.231 89.5338 109
126.874 89.6787 110
126.624 89.7509 111
126.415 89.9619 112
126.114 90.4682 113
125.833 90.7423 114
-------------
145 70 79
144.654 70.1858 80
144.281 70.6045 81
143.752 70.9515 82
143.24 71.0913 83
142.796 71.0513 84
142.362 71.2129 85
142.01 71.6681 86
141.728 71.9907 87
141.541 72.0565 88
141.256 72.0493 89
140.907 72.2407 90
140.432 72.6814 91
139.865 72.9571 92
139.28 73.1057 93
138.821 73.1109 94
138.37 73.2565 95
137.904 73.7544 96
137.499 74.0647 97
137.252 74.1879 98
136.999 74.2195 99
136.639 74.4393 100
136.226 74.9412 101
135.721 75.2985 102
135.147 75.5276 103
134.679 75.5548 104
134.249 75.6508 105
133.837 76.0049 106
133.462 76.3506 107
133.227 76.6229 108
133.014 76.8093 109
132.875 76.7953 110
132.61 76.9213 111
132.233 77.2456 112
131.68 77.6814 113
131.104 77.9082 114
130.638 78.0085 115
130.315 78.0804 116
129.966 78.3642 117
129.685 78.691 118
129.497 78.8959 119
129.237 78.9309 120
128.842 79.1021 121
128.374 79.4356 122
127.735 79.7975 123
127.044 80.1012 124
-------------
136 88 85
135.694 88.2777 86
135.458 88.4236 87
135.252 88.4664 88
135.017 88.6172 89
134.542 88.8371 90
133.988 89.0114 91
133.734 89.0401 92
133.451 89.0941 93
133.217 89.322 94
132.927 89.568 95
132.793 89.6968 96
132.762 89.7232 97
132.501 89.965 98
132.155 90.3607 99
131.761 90.6806 100
131.422 90.8518 101
131.189 90.9101 102
130.944 91.3103 103
130.642 91.6305 104
130.484 91.7551 105
-------------
127 91 100
126.693 91.2369 101
126.464 91.3215 102
126.147 91.6916 103
125.837 91.9945 104
125.643 92.1176 105
125.571 92.1581 106
125.431 92.3499 107
125.102 92.7832 108
124.702 93.1839 109
124.365 93.3381 110
124.142 93.4288 111
123.928 93.604 112
123.655 94.044 113
123.386 94.2994 114
123.266 94.3845 115
-------------
82 121 166
81.933 121.031 167
81.9044 121.046 168
81.8855 121.073 169
81.7887 121.155 170
81.7055 121.227 171
81.4775 121.355 172
81.3843 121.412 173
81.092 121.56 174
80.9101 121.853 175
80.8608 121.925 176
80.8064 121.975 177
80.6731 122.091 178
80.2382 122.446 179
79.7975 122.806 180
-------------
79 124 173
78.8078 124.106 174
78.7354 124.226 175
78.6946 124.285 176
78.6438 124.333 177
78.5357 124.435 178
78.2786 124.747 179
78.024 125.002 180
77.8795 125.11 181
77.6433 125.244 182
77.3693 125.446 183
76.9432 125.762 184
76.6021 126.267 185
76.5324 126.38 186
-------------
76 121 175
75.961 121.047 176
75.9085 121.095 177
75.796 121.182 178
75.5856 121.429 179
75.3826 121.68 180
75.2352 121.753 181
74.9512 121.873 182
74.6696 122.073 183
74.2032 122.394 184
73.8329 122.941 185
-------------
73 127 182
72.8373 127.128 183
72.4672 127.417 184
72.2241 127.87 185
72.1971 127.913 186
72.132 127.991 187
72.0127 128.102 188
71.8016 128.349 189
71.3404 128.784 190
71.1871 128.918 191
70.8161 129.097 192
70.5333 129.296 193
70.1465 129.589 194
69.7655 130.139 195
69.6603 130.297 196
-------------
