4 133 55
5.6434 132.134 56
7.15668 132.117 57
8.46546 132.137 58
9.92273 131.459 59
11.0523 130.619 60
12.1681 129.772 61
13.2038 129.69 62
14.4676 129.792 63
16.0512 129.109 64
17.3799 128.12 65
18.2639 127.436 66
-------------
4 136 55
5.65785 135.128 56
7.17648 135.107 57
8.59481 135.066 58
10.1394 134.412 59
11.4874 133.542 60
12.6129 132.688 61
13.6689 132.606 62
14.9488 132.711 63
16.5964 132.012 64
18.0979 131.015 65
19.0695 130.31 66
19.9952 130.185 67
20.8062 130.14 68
21.7775 129.723 69
22.3431 129.295 70
-------------
7 136 55
8.65593 135.126 56
10.173 135.105 57
11.5748 135.069 58
13.1062 134.435 59
14.4335 133.648 60
15.5564 132.8 61
16.5951 132.73 62
17.8734 132.842 63
19.4839 132.185 64
20.9786 131.186 65
21.9367 130.485 66
22.8571 130.359 67
23.6845 130.322 68
24.6721 129.896 69
25.2471 129.455 70
26.0826 128.711 71
26.6182 128.528 72
27.5815 128.619 73
28.8695 128.234 74
30.1207 127.509 75
31.0455 126.759 76
31.7359 126.534 77
32.4013 126.557 78
33.1527 126.17 79
33.8638 125.602 80
34.5424 124.892 81
35.1754 124.755 82
35.9334 124.878 83
37.1349 124.524 84
38.314 123.889 85
39.2608 123.364 86
40.1103 123.196 87
40.9455 123.225 88
41.8262 122.84 89
42.7329 122.396 90
-------------
4 139 55
5.65605 138.13 56
7.1735 138.109 57
8.59173 138.069 58
10.1567 137.429 59
11.5547 136.615 60
12.6808 135.76 61
13.755 135.663 62
15.0374 135.768 63
16.6913 135.066 64
18.3276 134.128 65
19.3378 133.434 66
20.2662 133.306 67
21.0951 133.267 68
22.0892 132.848 69
22.6734 132.439 70
23.5067 131.704 71
24.0342 131.526 72
24.986 131.615 73
26.273 131.233 74
27.5422 130.551 75
28.4736 129.814 76
29.1627 129.587 77
29.8113 129.602 78
30.5584 129.217 79
31.2961 128.7 80
-------------
7 139 55
8.65526 138.13 56
10.1716 138.11 57
11.5676 138.075 58
13.1091 137.438 59
14.4789 136.638 60
15.6048 135.785 61
16.6783 135.688 62
17.9611 135.797 63
19.6045 135.107 64
21.2465 134.172 65
22.2569 133.479 66
23.1846 133.352 67
24.0143 133.313 68
25.0104 132.894 69
25.6049 132.484 70
26.4397 131.749 71
26.9731 131.565 72
27.9354 131.655 73
29.223 131.271 74
30.5029 130.574 75
31.4351 129.828 76
32.1241 129.6 77
32.783 129.617 78
33.5316 129.229 79
34.2843 128.7 80
34.9631 127.992 81
35.5882 127.845 82
36.336 127.957 83
37.4815 127.6 84
38.6594 126.968 85
39.6106 126.44 86
40.4512 126.263 87
41.2201 126.237 88
42.094 125.852 89
42.9783 125.419 90
-------------
4 142 55
5.65355 141.134 56
7.16738 141.114 57
8.58414 141.075 58
10.1754 140.452 59
11.5991 139.655 60
12.7278 138.8 61
13.8046 138.698 62
15.0867 138.803 63
16.7397 138.099 64
18.4011 137.165 65
19.4123 136.472 66
20.3417 136.342 67
21.1709 136.3 68
22.1662 135.88 69
22.7552 135.477 70
23.5824 134.754 71
24.0941 134.57 72
-------------
7 142 55
8.64688 141.14 56
10.1502 141.124 57
11.5463 141.088 58
13.1247 140.466 59
14.5389 139.684 60
15.6692 138.831 61
16.7471 138.73 62
18.0295 138.837 63
19.6796 138.134 64
21.3403 137.199 65
22.3504 136.506 66
23.2783 136.377 67
24.1086 136.337 68
25.1052 135.918 69
25.6967 135.516 70
26.5247 134.795 71
27.049 134.606 72
27.968 134.695 73
29.2537 134.311 74
30.5372 133.624 75
31.4543 132.885 76
32.1149 132.637 77
32.7234 132.62 78
33.4449 132.223 79
34.2004 131.712 80
34.8741 131.008 81
35.3839 130.794 82
36.0354 130.868 83
-------------
4 145 55
5.6355 144.147 56
7.09242 144.136 57
8.49827 144.101 58
10.09 143.482 59
11.529 142.7 60
12.6583 141.846 61
13.7346 141.743 62
15.0126 141.846 63
16.6599 141.139 64
18.3442 140.214 65
19.3524 139.521 66
20.2741 139.368 67
21.0965 139.305 68
22.0917 138.884 69
22.6467 138.5 70
23.4024 137.821 71
-------------
7 145 55
8.61158 144.158 56
10.0066 144.154 57
11.3532 144.113 58
12.945 143.497 59
14.381 142.739 60
15.5109 141.886 61
16.5879 141.785 62
17.8677 141.893 63
19.4918 141.188 64
21.1634 140.268 65
22.1665 139.583 66
23.0821 139.441 67
23.9051 139.392 68
24.9003 138.973 69
25.4821 138.584 70
26.2874 137.894 71
26.7703 137.693 72
-------------
4 148 55
5.54009 147.166 56
6.86019 147.12 57
8.22799 147.089 58
9.81506 146.473 59
11.3162 145.773 60
12.4443 144.92 61
13.4583 144.775 62
14.5722 144.891 63
16.1931 144.178 64
17.9211 143.272 65
18.9048 142.579 66
-------------
4 151 55
5.29154 150.185 56
6.54907 150.098 57
7.76495 150.055 58
9.30258 149.469 59
10.8622 149.133 60
11.9866 148.29 61
12.8535 148.149 62
13.7573 148.151 63
15.3583 147.457 64
17.1499 146.582 65
-------------
4 136 57
5.41999 135.958 58
6.99081 135.316 59
8.39015 134.491 60
9.51644 133.638 61
10.5782 133.546 62
11.8594 133.649 63
13.516 132.947 64
15.0323 132.055 65
15.9943 131.399 66
16.9194 131.276 67
-------------
13 139 57
14.2753 138.957 58
15.776 138.346 59
17.0223 137.784 60
18.1354 136.974 61
19.1843 136.888 62
20.4646 136.998 63
22.0764 136.319 64
23.6952 135.376 65
24.6933 134.679 66
25.6151 134.552 67
26.4446 134.514 68
27.4417 134.095 69
28.0411 133.692 70
28.8771 132.965 71
29.4124 132.779 72
30.3734 132.869 73
31.6611 132.485 74
32.954 131.784 75
33.8852 131.038 76
34.5457 130.803 77
35.1931 130.819 78
35.9371 130.431 79
36.6952 129.909 80
37.372 129.202 81
37.9943 129.05 82
38.7189 129.155 83
39.867 128.775 84
41.0468 128.138 85
41.9969 127.598 86
42.7984 127.38 87
43.5794 127.324 88
44.4506 126.932 89
45.3789 126.462 90
46.1355 125.775 91
46.6563 125.507 92
-------------
10 151 57
11.1278 150.984 58
12.6024 150.413 59
14.0466 150.191 60
15.1143 149.503 61
15.8885 149.392 62
16.8135 149.348 63
18.3119 148.691 64
-------------
4 139 58
5.58395 138.368 59
6.9995 137.562 60
8.12343 136.707 61
9.1931 136.603 62
10.4749 136.703 63
12.1316 135.999 64
13.68 135.157 65
14.6594 134.499 66
15.5873 134.372 67
16.4029 134.339 68
-------------
4 142 58
5.59038 141.375 59
7.01496 140.574 60
8.14197 139.718 61
9.21298 139.608 62
10.4914 139.7 63
12.1457 138.994 64
13.9082 138.107 65
14.9212 137.416 66
15.8493 137.284 67
16.6609 137.236 68
-------------
4 145 58
5.58993 144.378 59
7.05724 143.599 60
8.1825 142.743 61
9.20145 142.612 62
10.3987 142.662 63
12.0476 141.955 64
13.8487 141.077 65
14.8582 140.392 66
15.7627 140.246 67
-------------
4 148 58
5.57354 147.391 59
7.07503 146.663 60
8.19676 145.811 61
9.06441 145.656 62
10.0167 145.636 63
11.6499 144.932 64
13.4509 144.056 65
-------------
4 145 60
5.11959 144.149 61
5.98133 144.002 62
6.89863 143.984 63
8.53043 143.278 64
10.3317 142.401 65
10.8799 142.124 66
11.0837 142.095 67
-------------
4 148 60
5.11736 147.152 61
5.96667 147.007 62
6.82369 146.98 63
8.43953 146.277 64
10.2406 145.4 65
10.7859 145.136 66
10.9896 145.095 67
11.1348 145.075 68
11.2246 145.041 69
11.2638 145.038 70
-------------
7 151 60
8.11738 150.159 61
8.9603 150.017 62
9.81487 149.991 63
11.412 149.293 64
13.213 148.416 65
13.7799 148.146 66
14.0676 148.057 67
-------------
22 133 64
23.4343 132.061 65
24.3751 131.401 66
25.2865 131.279 67
26.1152 131.242 68
27.1089 130.822 69
27.6972 130.399 70
28.5294 129.657 71
29.066 129.472 72
30.0301 129.562 73
31.3185 129.178 74
32.5889 128.452 75
33.5253 127.7 76
34.2133 127.475 77
34.8786 127.499 78
35.6275 127.111 79
36.3621 126.555 80
37.0407 125.845 81
37.6726 125.706 82
38.4288 125.829 83
39.6298 125.468 84
40.8115 124.828 85
41.7663 124.285 86
42.6177 124.113 87
43.4549 124.133 88
44.3354 123.746 89
45.2779 123.269 90
46.0993 122.571 91
-------------
25 127 67
25.8141 126.969 68
26.7315 126.519 69
27.2831 126.057 70
28.1148 125.305 71
28.6501 125.123 72
29.6123 125.215 73
30.8946 124.817 74
31.9925 123.892 75
32.8364 123.053 76
33.5248 122.828 77
34.1906 122.851 78
34.9366 122.462 79
35.6096 121.851 80
36.29 121.138 81
36.9253 121.005 82
37.6848 121.13 83
38.89 120.77 84
40.0474 120.114 85
40.9281 119.547 86
41.7785 119.384 87
42.6187 119.421 88
43.4979 119.035 89
44.4184 118.551 90
-------------
28 133 67
28.8263 132.966 68
29.8116 132.56 69
30.3937 132.167 70
31.2269 131.435 71
31.7634 131.249 72
32.7268 131.336 73
34.0159 130.951 74
35.3108 130.243 75
36.2495 129.494 76
36.9332 129.27 77
37.594 129.294 78
38.34 128.909 79
39.1054 128.388 80
39.7843 127.681 81
40.4118 127.539 82
41.1415 127.659 83
42.3159 127.288 84
43.5014 126.65 85
44.4549 126.107 86
45.2891 125.917 87
46.0851 125.903 88
46.9574 125.516 89
47.9028 125.043 90
48.7095 124.339 91
49.5795 124.14 92
50.4732 124.288 93
51.8449 123.934 94
53.1646 123.302 95
54.1905 122.718 96
54.9332 122.512 97
-------------
28 136 67
28.8204 135.959 68
29.8062 135.553 69
30.3948 135.192 70
31.2303 134.479 71
31.7639 134.292 72
32.69 134.378 73
33.9793 133.995 74
35.277 133.314 75
36.2044 132.575 76
36.8195 132.353 77
37.3965 132.364 78
38.1167 131.981 79
38.8944 131.503 80
39.5668 130.808 81
40.1733 130.659 82
40.8097 130.737 83
41.8554 130.35 84
43.0349 129.718 85
43.9344 129.195 86
44.6691 128.962 87
45.2227 128.83 88
46.0534 128.446 89
46.9796 128.004 90
47.6964 127.359 91
48.2094 127.089 92
-------------
28 127 68
28.8927 126.581 69
29.4493 126.139 70
30.2797 125.391 71
30.8154 125.208 72
31.7769 125.301 73
33.0568 124.906 74
34.1445 123.985 75
34.9899 123.145 76
35.6777 122.92 77
36.3434 122.944 78
37.0822 122.551 79
37.7557 121.941 80
38.4341 121.228 81
39.0691 121.094 82
39.8286 121.219 83
41.0332 120.857 84
42.1724 120.167 85
43.0721 119.569 86
43.9228 119.406 87
44.7626 119.443 88
45.6407 119.055 89
46.5685 118.558 90
47.3965 117.853 91
48.3368 117.738 92
49.2913 117.887 93
50.6839 117.535 94
52.0129 116.902 95
53.0369 116.324 96
53.8617 116.198 97
54.7127 116.276 98
55.5931 116.019 99
56.4913 115.567 100
-------------
34 133 72
34.9078 133.075 73
36.1956 132.692 74
37.4834 132.015 75
38.4105 131.286 76
39.0209 131.082 77
39.5358 131.1 78
40.2254 130.73 79
41.0047 130.263 80
41.6805 129.574 81
42.2908 129.438 82
42.9891 129.564 83
44.0333 129.215 84
45.2258 128.604 85
46.1679 128.07 86
46.94 127.863 87
47.5116 127.749 88
48.2472 127.375 89
49.1937 126.929 90
49.9728 126.247 91
-------------
34 124 73
35.2563 123.598 74
36.2996 122.728 75
37.1408 121.922 76
37.8269 121.698 77
38.4923 121.721 78
39.2146 121.326 79
39.8668 120.711 80
40.5431 119.998 81
41.178 119.865 82
41.9375 119.991 83
43.1414 119.628 84
44.2068 118.869 85
45.0778 118.239 86
45.9264 118.076 87
46.7653 118.115 88
47.6358 117.721 89
48.5294 117.194 90
49.358 116.488 91
50.2981 116.376 92
51.2533 116.525 93
52.6462 116.172 94
53.9675 115.526 95
54.9898 114.934 96
55.8154 114.803 97
56.6669 114.882 98
57.5469 114.619 99
58.4455 114.158 100
59.3125 113.449 101
60.1147 113.341 102
61.0696 113.507 103
62.4479 113.222 104
63.8472 112.749 105
65.0552 112.142 106
65.9679 111.979 107
66.7961 112.033 108
67.8477 111.687 109
68.8966 111.213 110
-------------
34 127 73
35.2862 126.614 74
36.439 125.81 75
37.359 125.047 76
38.0465 124.824 77
38.7118 124.848 78
39.4456 124.458 79
40.1117 123.855 80
40.7873 123.144 81
41.4229 123.01 82
42.1824 123.138 83
43.3874 122.775 84
44.5716 122.123 85
45.5298 121.564 86
46.3822 121.4 87
47.2211 121.437 88
48.0997 121.049 89
49.0407 120.563 90
49.8653 119.858 91
50.8036 119.742 92
51.7567 119.892 93
53.1476 119.539 94
54.4746 118.904 95
55.5146 118.317 96
56.3378 118.181 97
57.1864 118.249 98
58.0665 117.983 99
58.9711 117.525 100
59.8375 116.815 101
60.5967 116.66 102
61.4818 116.794 103
62.8045 116.504 104
64.2258 116.038 105
65.4372 115.448 106
66.3446 115.283 107
67.135 115.269 108
68.1649 114.928 109
-------------
40 121 77
40.6445 121.009 78
41.3188 120.651 79
41.9611 120.054 80
42.6307 119.351 81
43.2635 119.219 82
44.0227 119.344 83
45.2257 118.982 84
46.2557 118.215 85
47.1029 117.576 86
47.9516 117.415 87
48.7901 117.454 88
49.6498 117.056 89
50.487 116.5 90
51.315 115.794 91
52.2544 115.683 92
53.21 115.832 93
54.6025 115.478 94
55.8691 114.786 95
56.881 114.182 96
57.7048 114.051 97
58.5555 114.13 98
59.4337 113.864 99
60.325 113.396 100
61.203 112.682 101
62.0082 112.576 102
62.9646 112.745 103
64.3526 112.462 104
65.7636 111.964 105
66.9724 111.341 106
67.8923 111.189 107
68.7251 111.261 108
69.7791 110.914 109
70.8313 110.433 110
71.7856 109.767 111
72.698 109.674 112
73.6658 109.858 113
75.0524 109.561 114
76.4925 108.978 115
-------------
40 127 77
40.6445 127.032 78
41.3639 126.659 79
42.0685 126.142 80
42.7421 125.445 81
43.3763 125.31 82
44.1258 125.443 83
45.3297 125.08 84
46.5198 124.434 85
47.4818 123.887 86
48.3314 123.719 87
49.1237 123.743 88
49.9929 123.357 89
50.943 122.884 90
51.7593 122.183 91
52.6952 122.071 92
53.6369 122.225 93
54.9893 121.869 94
56.3147 121.236 95
57.3511 120.648 96
58.1058 120.454 97
58.9051 120.488 98
59.7805 120.221 99
60.6826 119.765 100
61.5341 119.054 101
62.2564 118.854 102
63.0248 118.992 103
64.2866 118.657 104
65.6787 118.19 105
66.8648 117.582 106
67.6791 117.387 107
-------------
46 121 84
47.0445 120.259 85
47.9181 119.652 86
48.769 119.492 87
49.6078 119.532 88
50.4786 119.146 89
51.3626 118.623 90
52.1894 117.918 91
53.1292 117.806 92
54.0852 117.957 93
55.4776 117.603 94
56.8004 116.964 95
57.8448 116.378 96
58.6685 116.244 97
59.5188 116.324 98
60.3979 116.058 99
61.3027 115.598 100
62.1753 114.885 101
62.979 114.776 102
63.9166 114.938 103
65.2875 114.643 104
66.7148 114.15 105
67.9278 113.524 106
68.84 113.355 107
69.6693 113.402 108
70.7228 113.054 109
71.7791 112.574 110
72.7333 111.907 111
73.6159 111.805 112
74.5565 111.979 113
75.9396 111.676 114
77.3788 111.093 115
78.4934 110.407 116
79.284 110.191 117
79.8993 110.192 118
80.7264 109.784 119
-------------
46 115 85
46.76 114.348 86
47.5715 114.181 87
48.401 114.221 88
49.2031 113.811 89
50.0066 113.239 90
50.8345 112.533 91
51.7735 112.423 92
52.7275 112.573 93
54.1135 112.208 94
55.3005 111.458 95
56.1572 110.791 96
56.9786 110.662 97
57.8281 110.742 98
58.6889 110.464 99
59.5019 109.94 100
60.3821 109.225 101
61.1883 109.122 102
62.1448 109.294 103
63.534 109.013 104
64.8824 108.483 105
65.8734 107.851 106
66.7907 107.707 107
67.6199 107.785 108
68.6724 107.442 109
69.6981 106.963 110
70.6279 106.321 111
71.5499 106.253 112
72.54 106.445 113
73.9246 106.154 114
-------------
52 118 87
52.8298 118.04 88
53.6689 117.662 89
54.4253 117.16 90
55.2465 116.459 91
56.1847 116.348 92
57.1407 116.498 93
58.5295 116.146 94
59.7454 115.472 95
60.7698 114.902 96
61.5908 114.77 97
62.435 114.852 98
63.3099 114.582 99
64.2166 114.122 100
65.0954 113.409 101
65.9005 113.305 102
66.8564 113.478 103
68.2452 113.197 104
69.6714 112.694 105
70.8853 112.066 106
71.8033 111.915 107
72.6089 111.992 108
73.6621 111.645 109
74.7188 111.168 110
75.6713 110.501 111
76.5968 110.429 112
77.5685 110.618 113
78.946 110.321 114
80.3862 109.736 115
81.5042 109.047 116
82.3002 108.833 117
82.9859 108.875 118
83.8276 108.471 119
84.694 108.079 120
85.418 107.469 121
-------------
52 121 88
52.8364 120.633 89
53.7127 120.173 90
54.5352 119.479 91
55.472 119.37 92
56.4275 119.521 93
57.8068 119.167 94
59.1235 118.531 95
60.1676 117.947 96
60.9809 117.803 97
61.7672 117.881 98
62.6409 117.619 99
63.5516 117.17 100
64.426 116.459 101
65.2294 116.353 102
66.1364 116.513 103
67.3775 116.176 104
68.8051 115.683 105
70.0118 115.054 106
70.8775 114.863 107
71.6359 114.891 108
72.6847 114.541 109
73.7412 114.073 110
74.6931 113.406 111
75.5782 113.292 112
76.4882 113.478 113
77.8593 113.168 114
79.2989 112.584 115
80.4116 111.894 116
81.1549 111.627 117
81.7439 111.594 118
82.5532 111.158 119
83.376 110.765 120
-------------
52 112 89
52.6942 111.498 90
53.4749 110.881 91
54.4121 110.773 92
55.365 110.926 93
56.7227 110.544 94
57.8452 109.783 95
58.6641 109.092 96
59.466 108.949 97
60.3125 109.029 98
61.082 108.667 99
61.862 108.118 100
62.7426 107.402 101
63.5481 107.3 102
64.504 107.474 103
65.8916 107.191 104
67.1196 106.498 105
68.1108 105.745 106
69.03 105.603 107
69.8581 105.683 108
70.9051 105.334 109
71.8852 104.815 110
72.8357 104.149 111
73.7618 104.082 112
74.7533 104.276 113
76.1406 103.985 114
77.4428 103.367 115
-------------
58 112 95
58.8847 111.326 96
59.7036 111.193 97
60.5529 111.273 98
61.3566 110.928 99
62.171 110.391 100
63.0509 109.675 101
63.8565 109.571 102
64.8136 109.744 103
66.2032 109.462 104
67.5485 108.877 105
68.6992 108.209 106
69.6196 108.064 107
70.4478 108.143 108
71.5011 107.796 109
72.5405 107.305 110
73.4929 106.638 111
74.4186 106.567 112
75.4103 106.76 113
76.7985 106.467 114
78.1938 105.852 115
79.2655 105.163 116
80.0804 104.988 117
80.7904 105.091 118
81.6373 104.705 119
82.4881 104.313 120
83.1956 103.723 121
83.8552 103.568 122
84.5055 103.719 123
85.532 103.483 124
86.5809 103.022 125
87.4596 102.472 126
-------------
61 112 95
61.8711 111.39 96
62.6804 111.252 97
63.5278 111.329 98
64.2882 110.98 99
65.0717 110.434 100
65.9515 109.719 101
66.7569 109.617 102
67.7138 109.79 103
69.1045 109.51 104
70.4204 108.906 105
71.6075 108.255 106
72.5294 108.112 107
73.3549 108.191 108
74.4063 107.841 109
75.4468 107.348 110
76.398 106.681 111
77.3241 106.611 112
78.3165 106.806 113
79.703 106.513 114
81.1251 105.91 115
82.2376 105.218 116
83.0534 105.043 117
83.7616 105.145 118
84.6062 104.757 119
85.4689 104.359 120
86.1955 103.745 121
86.8885 103.583 122
87.5456 103.741 123
88.5723 103.498 124
89.6232 103.031 125
90.5227 102.449 126
91.146 102.251 127
91.7395 102.352 128
92.3222 102.089 129
92.9538 101.788 130
93.6121 101.249 131
94.2175 101.037 132
94.8421 101.257 133
95.7272 101.058 134
96.7476 100.589 135
97.4953 100.028 136
97.8633 99.8372 137
-------------
61 106 96
61.6969 105.888 97
62.4557 105.977 98
63.1011 105.643 99
63.8256 105.094 100
64.7 104.4 101
65.5028 104.303 102
66.4566 104.479 103
67.8261 104.193 104
68.9546 103.479 105
69.8862 102.742 106
70.803 102.598 107
71.6292 102.679 108
72.58 102.282 109
73.4632 101.708 110
74.4081 101.039 111
75.3309 100.975 112
76.3193 101.17 113
77.6892 100.897 114
78.8849 100.139 115
79.7607 99.4027 116
80.5592 99.2559 117
81.267 99.3627 118
-------------
67 106 101
67.803 105.899 102
68.7571 106.074 103
70.1338 105.789 104
71.3049 105.085 105
72.3018 104.32 106
73.2204 104.176 107
74.0473 104.256 108
75.0407 103.865 109
75.9454 103.29 110
76.895 102.621 111
77.8212 102.553 112
78.8143 102.749 113
80.1988 102.455 114
81.4459 101.675 115
82.4406 100.907 116
83.2561 100.736 117
83.9651 100.841 118
84.801 100.45 119
85.5302 99.9345 120
86.2565 99.3085 121
86.9528 99.1519 122
87.6217 99.319 123
88.6488 99.0742 124
89.6597 98.5739 125
90.5095 97.9744 126
91.1366 97.7787 127
91.7582 97.9132 128
92.3415 97.6524 129
92.9761 97.3335 130
93.6223 96.7934 131
94.2408 96.5824 132
94.911 96.8314 133
95.8164 96.6386 134
96.8369 96.167 135
97.4868 95.5898 136
97.8622 95.4001 137
98.2666 95.477 138
98.6015 95.3573 139
98.9272 95.0754 140
99.2526 94.8107 141
-------------
70 109 102
70.9467 109.165 103
72.3365 108.889 104
73.605 108.317 105
74.7921 107.706 106
75.7129 107.566 107
76.532 107.645 108
77.555 107.282 109
78.4528 106.771 110
79.3979 106.103 111
80.3231 106.035 112
81.3177 106.232 113
82.7024 105.94 114
84.0443 105.265 115
85.1683 104.581 116
85.984 104.409 117
86.6849 104.511 118
87.5262 104.123 119
88.392 103.726 120
89.1186 103.111 121
89.8138 102.95 122
90.4722 103.115 123
91.4989 102.87 124
92.551 102.402 125
93.4605 101.819 126
94.0835 101.621 127
94.6398 101.715 128
95.2184 101.452 129
95.8575 101.137 130
96.5133 100.595 131
97.1304 100.379 132
97.7539 100.617 133
98.6338 100.406 134
99.6548 99.9321 135
100.407 99.3575 136
100.795 99.1514 137
101.18 99.1871 138
101.514 99.064 139
101.858 98.7718 140
102.216 98.4394 141
102.528 98.181 142
102.8 98.2786 143
103.35 98.2186 144
103.923 97.8824 145
104.415 97.3656 146
104.733 97.0814 147
104.84 97.0909 148
104.99 97.0549 149
105.233 96.8598 150
-------------
73 100 106
73.8735 99.87 107
74.671 99.9526 108
75.4686 99.5874 109
76.2881 99.0292 110
77.2224 98.3897 111
78.1464 98.3274 112
79.1326 98.5237 113
80.5062 98.2309 114
81.6544 97.4466 115
82.5014 96.7014 116
83.3139 96.5322 117
84.0208 96.6367 118
84.7504 96.2685 119
85.4183 95.7491 120
86.1327 95.1288 121
86.8217 94.9766 122
87.4912 95.1448 123
-------------
76 103 107
76.8142 103.07 108
77.7573 102.683 109
78.6295 102.124 110
79.5758 101.459 111
80.5014 101.392 112
81.4943 101.588 113
82.8771 101.294 114
84.107 100.517 115
85.1076 99.7426 116
85.9231 99.5706 117
86.6313 99.6739 118
87.4271 99.2729 119
88.1255 98.7442 120
88.8501 98.1162 121
89.5463 97.9581 122
90.2137 98.1253 123
91.2386 97.8715 124
92.1841 97.3239 125
92.9825 96.6543 126
93.6103 96.4586 127
94.2307 96.5957 128
94.8116 96.3322 129
95.417 95.9605 130
96.0669 95.4036 131
96.6874 95.1935 132
97.3608 95.4512 133
98.2667 95.2583 134
99.2724 94.7582 135
99.9647 94.1435 136
100.357 93.938 137
100.767 94.0149 138
101.102 93.893 139
101.446 93.592 140
101.834 93.2119 141
102.192 92.9645 142
102.558 93.084 143
103.179 93.0284 144
103.797 92.6455 145
104.303 92.1004 146
104.645 91.8067 147
104.788 91.8438 148
105.015 91.799 149
105.267 91.6042 150
-------------
76 112 108
77.0434 111.655 109
78.0874 111.226 110
79.0413 110.564 111
79.967 110.498 112
80.8903 110.671 113
82.1149 110.426 114
83.5627 109.849 115
84.6918 109.173 116
85.3437 108.965 117
86.003 109.04 118
86.8202 108.651 119
87.7119 108.315 120
88.4331 107.706 121
89.088 107.51 122
89.6785 107.656 123
90.6088 107.399 124
91.6579 106.931 125
92.5479 106.348 126
93.0675 106.109 127
93.5202 106.09 128
94.081 105.821 129
94.6809 105.511 130
95.3341 104.98 131
95.8177 104.739 132
96.3282 104.961 133
-------------
85 97 115
85.8065 96.3207 116
86.5726 96.1654 117
87.241 96.2703 118
87.9289 95.9203 119
88.5942 95.3952 120
89.3016 94.8006 121
89.9972 94.6455 122
90.666 94.8137 123
91.6848 94.5499 124
92.5957 93.9931 125
93.2898 93.2988 126
93.9156 93.1024 127
94.5368 93.2399 128
95.108 92.9692 129
95.6796 92.5718 130
96.3253 92.0053 131
96.9466 91.7997 132
97.6207 92.0585 133
98.525 91.8648 134
99.4301 91.2831 135
99.9987 90.618 136
100.378 90.4068 137
100.786 90.4987 138
101.106 90.3817 139
101.41 90.0501 140
101.77 89.5959 141
102.126 89.3477 142
102.513 89.477 143
103.134 89.421 144
103.731 89.0345 145
104.18 88.4762 146
-------------
88 100 116
88.8136 99.8276 117
89.5142 99.918 118
90.2914 99.5287 119
90.9804 99.0108 120
91.7022 98.3855 121
92.3979 98.2262 122
93.0634 98.3885 123
94.0895 98.135 124
95.0361 97.5921 125
95.9518 96.9999 126
96.5815 96.8055 127
97.1974 96.9374 128
97.7724 96.6672 129
98.3611 96.2921 130
99.006 95.7304 131
99.6252 95.5185 132
100.296 95.7783 133
101.202 95.5849 134
102.164 95.054 135
102.892 94.4306 136
103.287 94.2244 137
103.696 94.2954 138
104.023 94.1671 139
104.366 93.8616 140
104.76 93.4651 141
105.117 93.2171 142
105.49 93.3403 143
106.108 93.2848 144
106.722 92.8926 145
107.223 92.3302 146
107.572 92.0232 147
107.716 92.0583 148
107.944 92.0116 149
108.195 91.8136 150
108.485 91.4058 151
108.855 91.0333 152
109.184 91.1293 153
109.717 91.2218 154
110.483 90.9338 155
111.063 90.4714 156
111.497 90.1 157
111.754 90.1057 158
112.034 90.1407 159
112.385 89.8822 160
112.749 89.5973 161
113.147 89.2391 162
-------------
91 103 120
91.715 102.389 121
92.4103 102.229 122
93.0651 102.395 123
94.0901 102.148 124
95.1373 101.675 125
96.0563 101.095 126
96.6834 100.902 127
97.2163 101.009 128
97.7931 100.748 129
98.4336 100.436 130
99.0892 99.8936 131
99.7087 99.6802 132
100.277 99.93 133
101.157 99.7259 134
102.18 99.253 135
102.944 98.6768 136
103.305 98.4651 137
103.697 98.511 138
104.021 98.3888 139
104.366 98.0942 140
104.753 97.7408 141
105.099 97.4907 142
105.423 97.6029 143
105.939 97.5289 144
106.542 97.1445 145
107.034 96.5931 146
107.343 96.2909 147
107.469 96.3132 148
107.683 96.2655 149
107.929 96.0691 150
108.206 95.6746 151
108.563 95.3097 152
-------------
94 94 124
94.8795 93.4632 125
95.5243 92.801 126
96.1487 92.6053 127
96.7694 92.7421 128
97.3376 92.4697 129
97.9034 92.073 130
98.5492 91.5073 131
99.1706 91.2999 132
99.8447 91.5584 133
100.749 91.3641 134
101.638 90.7692 135
102.26 90.0586 136
102.641 89.8343 137
103.048 89.9226 138
103.369 89.7909 139
103.68 89.4401 140
104.064 88.9497 141
104.422 88.7005 142
104.809 88.8298 143
105.431 88.7725 144
106.033 88.3639 145
106.48 87.74 146
106.818 87.4252 147
106.964 87.4682 148
107.191 87.4196 149
107.436 87.2053 150
107.73 86.7702 151
108.098 86.3937 152
108.448 86.5127 153
109.004 86.6076 154
109.768 86.3165 155
110.329 85.8278 156
110.737 85.4559 157
111.032 85.4901 158
111.327 85.5461 159
111.68 85.287 160
112.049 84.9839 161
112.461 84.6252 162
112.916 84.5724 163
113.444 84.7214 164
114.257 84.431 165
114.93 84.149 166
-------------
100 97 127
100.592 97.1164 128
101.157 96.8511 129
101.676 96.5129 130
102.269 96.0017 131
102.885 95.7899 132
103.544 96.0472 133
104.436 95.8655 134
105.369 95.3211 135
106.145 94.7382 136
106.539 94.5388 137
106.94 94.6015 138
107.261 94.4689 139
107.592 94.1601 140
107.972 93.7783 141
108.328 93.532 142
108.675 93.6475 143
109.24 93.6199 144
109.852 93.2258 145
110.351 92.6596 146
110.704 92.3525 147
110.847 92.3852 148
111.074 92.3379 149
111.324 92.1388 150
111.609 91.7313 151
111.978 91.3592 152
112.294 91.4599 153
112.813 91.5523 154
113.574 91.2589 155
114.15 90.7866 156
114.583 90.4106 157
-------------
100 91 130
100.64 90.4706 131
101.257 90.2742 132
101.93 90.5322 133
102.833 90.3384 134
103.701 89.7491 135
104.307 89.0691 136
104.686 88.8418 137
105.091 88.928 138
105.41 88.7922 139
105.718 88.438 140
106.102 87.9475 141
106.46 87.6989 142
106.848 87.8278 143
107.469 87.7687 144
108.058 87.3446 145
108.505 86.7162 146
108.844 86.3955 147
108.991 86.4377 148
109.217 86.3861 149
109.44 86.1174 150
109.73 85.6624 151
110.097 85.284 152
110.449 85.4064 153
111.007 85.503 154
111.769 85.2081 155
112.297 84.6657 156
112.726 84.2759 157
113.027 84.3087 158
113.323 84.3651 159
113.67 84.0886 160
114.049 83.7581 161
114.463 83.3886 162
114.952 83.3421 163
115.505 83.5045 164
116.319 83.211 165
117.025 82.891 166
117.565 82.4481 167
117.915 82.3949 168
118.227 82.4544 169
118.544 82.2555 170
118.907 82.0341 171
119.377 81.5587 172
-------------
106 91 135
106.668 90.3808 136
107.054 90.1645 137
107.461 90.2323 138
107.782 90.0954 139
108.094 89.746 140
108.475 89.2622 141
108.833 89.0139 142
109.22 89.14 143
109.84 89.0803 144
110.435 88.662 145
110.896 88.0409 146
111.252 87.7311 147
111.4 87.7677 148
111.628 87.7178 149
111.863 87.4687 150
112.149 87.0161 151
112.515 86.6391 152
112.851 86.7471 153
113.406 86.8445 154
114.167 86.5477 155
114.705 86.0346 156
115.147 85.6484 157
115.447 85.6791 158
115.741 85.7325 159
116.084 85.4609 160
116.457 85.1476 161
116.872 84.7786 162
117.346 84.7088 163
117.859 84.8493 164
118.672 84.5552 165
119.417 84.2456 166
119.986 83.7949 167
120.332 83.7387 168
120.642 83.7959 169
120.961 83.5934 170
121.324 83.3754 171
121.796 82.8993 172
122.209 82.7872 173
122.65 82.9201 174
123.337 82.7173 175
124.017 82.3328 176
124.496 81.8552 177
124.843 81.7265 178
125.133 81.7554 179
125.424 81.5996 180
125.815 81.3677 181
126.304 80.9209 182
126.656 80.7726 183
127.124 80.9646 184
127.8 80.8214 185
128.656 80.5089 186
129.234 80.0921 187
129.638 79.9018 188
129.938 79.9399 189
130.214 79.8078 190
130.634 79.5181 191
131.036 79.0755 192
-------------
106 85 139
106.212 84.723 140
106.594 84.2346 141
106.943 84.0086 142
107.327 84.1394 143
107.947 84.0848 144
108.51 83.6637 145
108.925 83.0431 146
109.179 82.7249 147
109.324 82.7696 148
109.544 82.7209 149
109.749 82.4399 150
110.039 81.9828 151
110.409 81.6052 152
110.763 81.7281 153
111.321 81.8249 154
112.029 81.5032 155
112.51 80.9284 156
112.889 80.511 157
113.187 80.5498 158
113.481 80.6079 159
113.783 80.2951 160
114.145 79.8909 161
114.55 79.511 162
115.046 79.4878 163
115.602 79.6561 164
116.38 79.3433 165
-------------
109 85 141
109.34 84.7772 142
109.722 84.9011 143
110.329 84.8433 144
110.903 84.4245 145
111.318 83.8332 146
111.597 83.522 147
111.743 83.5599 148
111.968 83.5091 149
112.183 83.2324 150
112.472 82.7759 151
112.841 82.3976 152
113.195 82.5173 153
113.753 82.6139 154
114.476 82.2715 155
114.961 81.6999 156
115.374 81.2911 157
115.675 81.3214 158
115.971 81.3766 159
116.279 81.0508 160
116.643 80.6481 161
117.053 80.2694 162
117.55 80.2366 163
118.106 80.4034 164
118.875 80.0676 165
119.451 79.5702 166
119.967 79.0573 167
120.318 79.0058 168
120.63 79.0682 169
120.938 78.8537 170
121.282 78.5881 171
121.75 78.107 172
122.165 77.9961 173
122.647 78.1729 174
123.347 77.9724 175
123.969 77.5377 176
124.425 77.0458 177
124.794 76.9418 178
125.149 77.0468 179
125.441 76.8906 180
125.83 76.6546 181
126.306 76.1956 182
126.728 76.0532 183
127.219 76.2762 184
128.055 76.1741 185
128.912 75.8516 186
129.48 75.4241 187
129.89 75.249 188
130.247 75.3665 189
130.564 75.2386 190
130.977 74.9421 191
131.398 74.4718 192
-------------
115 85 151
115.364 84.6285 152
115.704 84.7327 153
116.257 84.8285 154
117.009 84.526 155
117.523 84.0006 156
117.973 83.6224 157
118.275 83.6525 158
118.57 83.7059 159
118.891 83.4042 160
119.261 83.0173 161
119.669 82.642 162
120.143 82.5725 163
120.698 82.7368 164
121.503 82.4388 165
122.116 81.9789 166
122.689 81.5183 167
123.039 81.4683 168
123.351 81.5264 169
123.666 81.3185 170
124.021 81.0888 171
124.489 80.6105 172
124.903 80.4992 173
125.358 80.6685 174
126.057 80.4682 175
126.71 80.0445 176
127.177 79.5577 177
127.543 79.4451 178
127.885 79.5415 179
128.177 79.3837 180
128.568 79.1506 181
129.055 78.7008 182
129.475 78.5569 183
129.957 78.7707 184
130.725 78.6457 185
131.583 78.3259 186
132.163 77.8949 187
132.572 77.7072 188
132.9 77.7761 189
133.204 77.6448 190
133.627 77.3507 191
134.049 76.8748 192
134.486 76.7077 193
134.873 76.8664 194
135.461 76.7543 195
136.073 76.3857 196
136.547 75.9909 197
136.864 75.8422 198
137.036 75.8451 199
-------------
115 88 151
115.351 87.6389 152
115.679 87.7432 153
116.225 87.8412 154
116.985 87.5468 155
117.542 87.0703 156
118.002 86.7022 157
118.29 86.7318 158
118.58 86.7817 159
118.914 86.5121 160
119.285 86.2146 161
119.701 85.8487 162
120.174 85.7779 163
120.621 85.8731 164
121.397 85.5949 165
122.162 85.2997 166
122.742 84.8517 167
123.027 84.7847 168
123.333 84.8402 169
123.65 84.637 170
124.011 84.4432 171
124.483 83.9688 172
124.896 83.8592 173
125.298 83.9847 174
125.921 83.7869 175
126.602 83.4202 176
127.063 82.9366 177
127.303 82.7932 178
127.532 82.8069 179
127.822 82.6535 180
128.21 82.4469 181
128.7 82.0014 182
129.092 81.8496 183
129.518 82.0432 184
130.121 81.8967 185
130.928 81.6273 186
131.48 81.2275 187
131.876 81.0334 188
132.128 81.0595 189
132.41 80.9323 190
132.828 80.6427 191
133.226 80.1891 192
133.493 80.0342 193
-------------
115 91 152
115.303 91.0992 153
115.794 91.1929 154
116.551 90.9079 155
117.13 90.454 156
117.592 90.0914 157
117.742 90.0716 158
117.941 90.1086 159
118.279 89.8591 160
118.628 89.5955 161
119.041 89.2485 162
119.479 89.1754 163
119.881 89.2457 164
120.572 89.0121 165
121.332 88.7429 166
121.869 88.2996 167
121.975 88.2162 168
122.219 88.251 169
122.529 88.0598 170
122.845 87.9246 171
123.315 87.4658 172
123.683 87.3548 173
124.043 87.4259 174
-------------
115 79 155
115.392 78.4624 156
115.668 78.07 157
115.94 78.1099 158
116.23 78.1632 159
116.511 77.8387 160
116.87 77.4342 161
117.28 77.056 162
117.778 77.0375 163
118.335 77.2046 164
119.057 76.8805 165
119.563 76.3781 166
119.949 75.8995 167
120.288 75.8453 168
120.592 75.914 169
120.876 75.6829 170
121.189 75.3841 171
121.648 74.8979 172
122.065 74.7881 173
122.547 74.9702 174
123.242 74.7681 175
123.742 74.2582 176
124.113 73.7453 177
124.458 73.6761 178
124.81 73.8092 179
125.091 73.6499 180
125.434 73.3774 181
-------------
118 79 157
118.278 79.0284 158
118.57 79.0805 159
118.862 78.7771 160
119.223 78.3786 161
119.633 78.0006 162
120.118 77.9592 163
120.675 78.1252 164
121.414 77.7842 165
121.955 77.2787 166
122.44 76.7587 167
122.786 76.6997 168
123.097 76.7602 169
123.396 76.5325 170
123.711 76.2348 171
124.176 75.75 172
124.592 75.6382 173
125.072 75.8196 174
125.77 75.6167 175
126.335 75.0925 176
126.766 74.5646 177
127.138 74.4542 178
127.486 74.5804 179
127.774 74.4121 180
128.123 74.1052 181
128.561 73.5814 182
128.984 73.4388 183
129.484 73.6779 184
130.32 73.577 185
131.16 73.2293 186
131.703 72.7512 187
132.117 72.5694 188
132.478 72.6943 189
132.796 72.5633 190
133.202 72.2397 191
133.615 71.7411 192
134.059 71.58 193
134.481 71.7515 194
135.105 71.6457 195
135.714 71.2687 196
136.169 70.8483 197
136.502 70.7106 198
136.757 70.7801 199
-------------
115 88 160
115.372 87.6975 161
115.788 87.3312 162
116.257 87.2595 163
116.701 87.3525 164
117.512 87.0593 165
118.264 86.7653 166
118.835 86.3212 167
119.171 86.2507 168
119.473 86.2999 169
119.792 86.0994 170
120.153 85.8845 171
120.625 85.4098 172
121.014 85.283 173
121.407 85.4015 174
122.064 85.2006 175
122.743 84.8201 176
123.224 84.3546 177
123.545 84.2161 178
123.75 84.2121 179
124.025 84.0594 180
124.402 83.8304 181
124.867 83.4129 182
-------------
124 82 165
124.609 81.5851 166
125.176 81.15 167
125.522 81.1034 168
125.834 81.1604 169
126.139 80.9471 170
126.452 80.72 171
126.914 80.2457 172
127.323 80.1346 173
127.771 80.2976 174
128.468 80.1013 175
129.11 79.6768 176
129.575 79.1927 177
129.944 79.083 178
130.266 79.1664 179
130.556 79.0013 180
130.939 78.7794 181
131.416 78.3419 182
131.837 78.2001 183
132.317 78.4153 184
133.094 78.3176 185
133.947 77.9931 186
134.53 77.5629 187
134.928 77.3764 188
135.261 77.4632 189
135.57 77.3328 190
135.986 77.0495 191
136.407 76.5755 192
136.847 76.4112 193
137.245 76.5776 194
137.776 76.4522 195
138.385 76.0787 196
138.856 75.68 197
139.162 75.5299 198
139.282 75.5516 199
-------------
124 73 169
124.188 72.8151 170
124.483 72.5184 171
124.943 72.0435 172
125.359 71.9467 173
125.84 72.1291 174
126.515 71.9368 175
126.971 71.4382 176
127.245 70.9813 177
127.571 70.8665 178
127.901 70.9931 179
128.158 70.8153 180
128.497 70.5083 181
128.933 69.9824 182
129.36 69.8418 183
129.862 70.0826 184
130.691 69.9792 185
131.374 69.5325 186
131.861 69.0357 187
132.225 68.8377 188
132.571 68.9813 189
132.885 68.8434 190
133.225 68.4499 191
133.618 67.9281 192
134.062 67.7678 193
134.486 67.9437 194
135.098 67.8338 195
135.618 67.407 196
135.926 66.9111 197
136.203 66.7923 198
136.455 66.8751 199
-------------
127 76 170
127.307 75.7107 171
127.772 75.2284 172
128.18 75.1164 173
128.655 75.2842 174
129.347 75.0818 175
129.906 74.5733 176
130.354 74.0614 177
130.725 73.9504 178
131.069 74.0472 179
131.355 73.8721 180
131.705 73.5675 181
132.137 73.0516 182
132.559 72.9084 183
133.05 73.129 184
133.883 73.0313 185
134.691 72.6569 186
135.245 72.1913 187
135.662 72.0086 188
136.022 72.1312 189
136.339 71.9974 190
136.683 71.6142 191
137.082 71.1023 192
137.524 70.94 193
137.938 71.1095 194
138.562 71.0033 195
139.137 70.5968 196
139.58 70.1551 197
139.915 70.016 198
140.163 70.0873 199
-------------
130 76 178
130.345 76.0981 179
130.633 75.9245 180
130.988 75.6383 181
131.418 75.1428 182
131.839 75.0001 183
132.326 75.2207 184
133.162 75.1231 185
133.987 74.7714 186
134.563 74.3271 187
134.979 74.1463 188
135.339 74.2673 189
135.655 74.1356 190
136.046 73.8151 191
136.462 73.3274 192
136.905 73.1652 193
137.315 73.3346 194
137.939 73.2283 195
138.548 72.8494 196
139.021 72.4442 197
139.353 72.3043 198
139.597 72.3712 199
-------------
4 133 55
5.6434 132.134 56
7.15668 132.117 57
8.46546 132.137 58
9.92273 131.459 59
11.0523 130.619 60
12.1681 129.772 61
13.2038 129.69 62
14.4676 129.792 63
16.0512 129.109 64
17.3799 128.12 65
18.2639 127.436 66
-------------
4 136 55
5.65785 135.128 56
7.17648 135.107 57
8.59481 135.066 58
10.1394 134.412 59
11.4874 133.542 60
12.6129 132.688 61
13.6689 132.606 62
14.9488 132.711 63
16.5964 132.012 64
18.0979 131.015 65
19.0695 130.31 66
19.9952 130.185 67
20.8062 130.14 68
21.7775 129.723 69
22.3431 129.295 70
-------------
7 136 55
8.65593 135.126 56
10.173 135.105 57
11.5748 135.069 58
13.1062 134.435 59
14.4335 133.648 60
15.5564 132.8 61
16.5951 132.73 62
17.8734 132.842 63
19.4839 132.185 64
20.9786 131.186 65
21.9367 130.485 66
22.8571 130.359 67
23.6845 130.322 68
24.6721 129.896 69
25.2471 129.455 70
26.0826 128.711 71
26.6182 128.528 72
27.5815 128.619 73
28.8695 128.234 74
30.1207 127.509 75
31.0455 126.759 76
31.7359 126.534 77
32.4013 126.557 78
33.1527 126.17 79
33.8638 125.602 80
34.5424 124.892 81
35.1754 124.755 82
35.9334 124.878 83
37.1349 124.524 84
38.314 123.889 85
39.2608 123.364 86
40.1103 123.196 87
40.9455 123.225 88
41.8262 122.84 89
42.7329 122.396 90
-------------
4 139 55
5.65605 138.13 56
7.1735 138.109 57
8.59173 138.069 58
10.1567 137.429 59
11.5547 136.615 60
12.6808 135.76 61
13.755 135.663 62
15.0374 135.768 63
16.6913 135.066 64
18.3276 134.128 65
19.3378 133.434 66
20.2662 133.306 67
21.0951 133.267 68
22.0892 132.848 69
22.6734 132.439 70
23.5067 131.704 71
24.0342 131.526 72
24.986 131.615 73
26.273 131.233 74
27.5422 130.551 75
28.4736 129.814 76
29.1627 129.587 77
29.8113 129.602 78
30.5584 129.217 79
31.2961 128.7 80
-------------
7 139 55
8.65526 138.13 56
10.1716 138.11 57
11.5676 138.075 58
13.1091 137.438 59
14.4789 136.638 60
15.6048 135.785 61
16.6783 135.688 62
17.9611 135.797 63
19.6045 135.107 64
21.2465 134.172 65
22.2569 133.479 66
23.1846 133.352 67
24.0143 133.313 68
25.0104 132.894 69
25.6049 132.484 70
26.4397 131.749 71
26.9731 131.565 72
27.9354 131.655 73
29.223 131.271 74
30.5029 130.574 75
31.4351 129.828 76
32.1241 129.6 77
32.783 129.617 78
33.5316 129.229 79
34.2843 128.7 80
34.9631 127.992 81
35.5882 127.845 82
36.336 127.957 83
37.4815 127.6 84
38.6594 126.968 85
39.6106 126.44 86
40.4512 126.263 87
41.2201 126.237 88
42.094 125.852 89
42.9783 125.419 90
-------------
4 142 55
5.65355 141.134 56
7.16738 141.114 57
8.58414 141.075 58
10.1754 140.452 59
11.5991 139.655 60
12.7278 138.8 61
13.8046 138.698 62
15.0867 138.803 63
16.7397 138.099 64
18.4011 137.165 65
19.4123 136.472 66
20.3417 136.342 67
21.1709 136.3 68
22.1662 135.88 69
22.7552 135.477 70
23.5824 134.754 71
24.0941 134.57 72
-------------
7 142 55
8.64688 141.14 56
10.1502 141.124 57
11.5463 141.088 58
13.1247 140.466 59
14.5389 139.684 60
15.6692 138.831 61
16.7471 138.73 62
18.0295 138.837 63
19.6796 138.134 64
21.3403 137.199 65
22.3504 136.506 66
23.2783 136.377 67
24.1086 136.337 68
25.1052 135.918 69
25.6967 135.516 70
26.5247 134.795 71
27.049 134.606 72
27.968 134.695 73
29.2537 134.311 74
30.5372 133.624 75
31.4543 132.885 76
32.1149 132.637 77
32.7234 132.62 78
33.4449 132.223 79
34.2004 131.712 80
34.8741 131.008 81
35.3839 130.794 82
36.0354 130.868 83
-------------
4 145 55
5.6355 144.147 56
7.09242 144.136 57
8.49827 144.101 58
10.09 143.482 59
11.529 142.7 60
12.6583 141.846 61
13.7346 141.743 62
15.0126 141.846 63
16.6599 141.139 64
18.3442 140.214 65
19.3524 139.521 66
20.2741 139.368 67
21.0965 139.305 68
22.0917 138.884 69
22.6467 138.5 70
23.4024 137.821 71
-------------
7 145 55
8.61158 144.158 56
10.0066 144.154 57
11.3532 144.113 58
12.945 143.497 59
14.381 142.739 60
15.5109 141.886 61
16.5879 141.785 62
17.8677 141.893 63
19.4918 141.188 64
21.1634 140.268 65
22.1665 139.583 66
23.0821 139.441 67
23.9051 139.392 68
24.9003 138.973 69
25.4821 138.584 70
26.2874 137.894 71
26.7703 137.693 72
-------------
4 148 55
5.54009 147.166 56
6.86019 147.12 57
8.22799 147.089 58
9.81506 146.473 59
11.3162 145.773 60
12.4443 144.92 61
13.4583 144.775 62
14.5722 144.891 63
16.1931 144.178 64
17.9211 143.272 65
18.9048 142.579 66
-------------
4 151 55
5.29154 150.185 56
6.54907 150.098 57
7.76495 150.055 58
9.30258 149.469 59
10.8622 149.133 60
11.9866 148.29 61
12.8535 148.149 62
13.7573 148.151 63
15.3583 147.457 64
17.1499 146.582 65
-------------
4 136 57
5.41999 135.958 58
6.99081 135.316 59
8.39015 134.491 60
9.51644 133.638 61
10.5782 133.546 62
11.8594 133.649 63
13.516 132.947 64
15.0323 132.055 65
15.9943 131.399 66
16.9194 131.276 67
-------------
13 139 57
14.2753 138.957 58
15.776 138.346 59
17.0223 137.784 60
18.1354 136.974 61
19.1843 136.888 62
20.4646 136.998 63
22.0764 136.319 64
23.6952 135.376 65
24.6933 134.679 66
25.6151 134.552 67
26.4446 134.514 68
27.4417 134.095 69
28.0411 133.692 70
28.8771 132.965 71
29.4124 132.779 72
30.3734 132.869 73
31.6611 132.485 74
32.954 131.784 75
33.8852 131.038 76
34.5457 130.803 77
35.1931 130.819 78
35.9371 130.431 79
36.6952 129.909 80
37.372 129.202 81
37.9943 129.05 82
38.7189 129.155 83
39.867 128.775 84
41.0468 128.138 85
41.9969 127.598 86
42.7984 127.38 87
43.5794 127.324 88
44.4506 126.932 89
45.3789 126.462 90
46.1355 125.775 91
46.6563 125.507 92
-------------
10 151 57
11.1278 150.984 58
12.6024 150.413 59
14.0466 150.191 60
15.1143 149.503 61
15.8885 149.392 62
16.8135 149.348 63
18.3119 148.691 64
-------------
4 139 58
5.58395 138.368 59
6.9995 137.562 60
8.12343 136.707 61
9.1931 136.603 62
10.4749 136.703 63
12.1316 135.999 64
13.68 135.157 65
14.6594 134.499 66
15.5873 134.372 67
16.4029 134.339 68
-------------
4 142 58
5.59038 141.375 59
7.01496 140.574 60
8.14197 139.718 61
9.21298 139.608 62
10.4914 139.7 63
12.1457 138.994 64
13.9082 138.107 65
14.9212 137.416 66
15.8493 137.284 67
16.6609 137.236 68
-------------
4 145 58
5.58993 144.378 59
7.05724 143.599 60
8.1825 142.743 61
9.20145 142.612 62
10.3987 142.662 63
12.0476 141.955 64
13.8487 141.077 65
14.8582 140.392 66
15.7627 140.246 67
-------------
4 148 58
5.57354 147.391 59
7.07503 146.663 60
8.19676 145.811 61
9.06441 145.656 62
10.0167 145.636 63
11.6499 144.932 64
13.4509 144.056 65
-------------
4 145 60
5.11959 144.149 61
5.98133 144.002 62
6.89863 143.984 63
8.53043 143.278 64
10.3317 142.401 65
10.8799 142.124 66
11.0837 142.095 67
-------------
4 148 60
5.11736 147.152 61
5.96667 147.007 62
6.82369 146.98 63
8.43953 146.277 64
10.2406 145.4 65
10.7859 145.136 66
10.9896 145.095 67
11.1348 145.075 68
11.2246 145.041 69
11.2638 145.038 70
-------------
7 151 60
8.11738 150.159 61
8.9603 150.017 62
9.81487 149.991 63
11.412 149.293 64
13.213 148.416 65
13.7799 148.146 66
14.0676 148.057 67
-------------
22 133 64
23.4343 132.061 65
24.3751 131.401 66
25.2865 131.279 67
26.1152 131.242 68
27.1089 130.822 69
27.6972 130.399 70
28.5294 129.657 71
29.066 129.472 72
30.0301 129.562 73
31.3185 129.178 74
32.5889 128.452 75
33.5253 127.7 76
34.2133 127.475 77
34.8786 127.499 78
35.6275 127.111 79
36.3621 126.555 80
37.0407 125.845 81
37.6726 125.706 82
38.4288 125.829 83
39.6298 125.468 84
40.8115 124.828 85
41.7663 124.285 86
42.6177 124.113 87
43.4549 124.133 88
44.3354 123.746 89
45.2779 123.269 90
46.0993 122.571 91
-------------
25 127 67
25.8141 126.969 68
26.7315 126.519 69
27.2831 126.057 70
28.1148 125.305 71
28.6501 125.123 72
29.6123 125.215 73
30.8946 124.817 74
31.9925 123.892 75
32.8364 123.053 76
33.5248 122.828 77
34.1906 122.851 78
34.9366 122.462 79
35.6096 121.851 80
36.29 121.138 81
36.9253 121.005 82
37.6848 121.13 83
38.89 120.77 84
40.0474 120.114 85
40.9281 119.547 86
41.7785 119.384 87
42.6187 119.421 88
43.4979 119.035 89
44.4184 118.551 90
-------------
28 133 67
28.8263 132.966 68
29.8116 132.56 69
30.3937 132.167 70
31.2269 131.435 71
31.7634 131.249 72
32.7268 131.336 73
34.0159 130.951 74
35.3108 130.243 75
36.2495 129.494 76
36.9332 129.27 77
37.594 129.294 78
38.34 128.909 79
39.1054 128.388 80
39.7843 127.681 81
40.4118 127.539 82
41.1415 127.659 83
42.3159 127.288 84
43.5014 126.65 85
44.4549 126.107 86
45.2891 125.917 87
46.0851 125.903 88
46.9574 125.516 89
47.9028 125.043 90
48.7095 124.339 91
49.5795 124.14 92
50.4732 124.288 93
51.8449 123.934 94
53.1646 123.302 95
54.1905 122.718 96
54.9332 122.512 97
-------------
28 136 67
28.8204 135.959 68
29.8062 135.553 69
30.3948 135.192 70
31.2303 134.479 71
31.7639 134.292 72
32.69 134.378 73
33.9793 133.995 74
35.277 133.314 75
36.2044 132.575 76
36.8195 132.353 77
37.3965 132.364 78
38.1167 131.981 79
38.8944 131.503 80
39.5668 130.808 81
40.1733 130.659 82
40.8097 130.737 83
41.8554 130.35 84
43.0349 129.718 85
43.9344 129.195 86
44.6691 128.962 87
45.2227 128.83 88
46.0534 128.446 89
46.9796 128.004 90
47.6964 127.359 91
48.2094 127.089 92
-------------
28 127 68
28.8927 126.581 69
29.4493 126.139 70
30.2797 125.391 71
30.8154 125.208 72
31.7769 125.301 73
33.0568 124.906 74
34.1445 123.985 75
34.9899 123.145 76
35.6777 122.92 77
36.3434 122.944 78
37.0822 122.551 79
37.7557 121.941 80
38.4341 121.228 81
39.0691 121.094 82
39.8286 121.219 83
41.0332 120.857 84
42.1724 120.167 85
43.0721 119.569 86
43.9228 119.406 87
44.7626 119.443 88
45.6407 119.055 89
46.5685 118.558 90
47.3965 117.853 91
48.3368 117.738 92
49.2913 117.887 93
50.6839 117.535 94
52.0129 116.902 95
53.0369 116.324 96
53.8617 116.198 97
54.7127 116.276 98
55.5931 116.019 99
56.4913 115.567 100
-------------
34 133 72
34.9078 133.075 73
36.1956 132.692 74
37.4834 132.015 75
38.4105 131.286 76
39.0209 131.082 77
39.5358 131.1 78
40.2254 130.73 79
41.0047 130.263 80
41.6805 129.574 81
42.2908 129.438 82
42.9891 129.564 83
44.0333 129.215 84
45.2258 128.604 85
46.1679 128.07 86
46.94 127.863 87
47.5116 127.749 88
48.2472 127.375 89
49.1937 126.929 90
49.9728 126.247 91
-------------
34 124 73
35.2563 123.598 74
36.2996 122.728 75
37.1408 121.922 76
37.8269 121.698 77
38.4923 121.721 78
39.2146 121.326 79
39.8668 120.711 80
40.5431 119.998 81
41.178 119.865 82
41.9375 119.991 83
43.1414 119.628 84
44.2068 118.869 85
45.0778 118.239 86
45.9264 118.076 87
46.7653 118.115 88
47.6358 117.721 89
48.5294 117.194 90
49.358 116.488 91
50.2981 116.376 92
51.2533 116.525 93
52.6462 116.172 94
53.9675 115.526 95
54.9898 114.934 96
55.8154 114.803 97
56.6669 114.882 98
57.5469 114.619 99
58.4455 114.158 100
59.3125 113.449 101
60.1147 113.341 102
61.0696 113.507 103
62.4479 113.222 104
63.8472 112.749 105
65.0552 112.142 106
65.9679 111.979 107
66.7961 112.033 108
67.8477 111.687 109
68.8966 111.213 110
-------------
34 127 73
35.2862 126.614 74
36.439 125.81 75
37.359 125.047 76
38.0465 124.824 77
38.7118 124.848 78
39.4456 124.458 79
40.1117 123.855 80
40.7873 123.144 81
41.4229 123.01 82
42.1824 123.138 83
43.3874 122.775 84
44.5716 122.123 85
45.5298 121.564 86
46.3822 121.4 87
47.2211 121.437 88
48.0997 121.049 89
49.0407 120.563 90
49.8653 119.858 91
50.8036 119.742 92
51.7567 119.892 93
53.1476 119.539 94
54.4746 118.904 95
55.5146 118.317 96
56.3378 118.181 97
57.1864 118.249 98
58.0665 117.983 99
58.9711 117.525 100
59.8375 116.815 101
60.5967 116.66 102
61.4818 116.794 103
62.8045 116.504 104
64.2258 116.038 105
65.4372 115.448 106
66.3446 115.283 107
67.135 115.269 108
68.1649 114.928 109
-------------
40 121 77
40.6445 121.009 78
41.3188 120.651 79
41.9611 120.054 80
42.6307 119.351 81
43.2635 119.219 82
44.0227 119.344 83
45.2257 118.982 84
46.2557 118.215 85
47.1029 117.576 86
47.9516 117.415 87
48.7901 117.454 88
49.6498 117.056 89
50.487 116.5 90
51.315 115.794 91
52.2544 115.683 92
53.21 115.832 93
54.6025 115.478 94
55.8691 114.786 95
56.881 114.182 96
57.7048 114.051 97
58.5555 114.13 98
59.4337 113.864 99
60.325 113.396 100
61.203 112.682 101
62.0082 112.576 102
62.9646 112.745 103
64.3526 112.462 104
65.7636 111.964 105
66.9724 111.341 106
67.8923 111.189 107
68.7251 111.261 108
69.7791 110.914 109
70.8313 110.433 110
71.7856 109.767 111
72.698 109.674 112
73.6658 109.858 113
75.0524 109.561 114
76.4925 108.978 115
-------------
40 127 77
40.6445 127.032 78
41.3639 126.659 79
42.0685 126.142 80
42.7421 125.445 81
43.3763 125.31 82
44.1258 125.443 83
45.3297 125.08 84
46.5198 124.434 85
47.4818 123.887 86
48.3314 123.719 87
49.1237 123.743 88
49.9929 123.357 89
50.943 122.884 90
51.7593 122.183 91
52.6952 122.071 92
53.6369 122.225 93
54.9893 121.869 94
56.3147 121.236 95
57.3511 120.648 96
58.1058 120.454 97
58.9051 120.488 98
59.7805 120.221 99
60.6826 119.765 100
61.5341 119.054 101
62.2564 118.854 102
63.0248 118.992 103
64.2866 118.657 104
65.6787 118.19 105
66.8648 117.582 106
67.6791 117.387 107
-------------
46 121 84
47.0445 120.259 85
47.9181 119.652 86
48.769 119.492 87
49.6078 119.532 88
50.4786 119.146 89
51.3626 118.623 90
52.1894 117.918 91
53.1292 117.806 92
54.0852 117.957 93
55.4776 117.603 94
56.8004 116.964 95
57.8448 116.378 96
58.6685 116.244 97
59.5188 116.324 98
60.3979 116.058 99
61.3027 115.598 100
62.1753 114.885 101
62.979 114.776 102
63.9166 114.938 103
65.2875 114.643 104
66.7148 114.15 105
67.9278 113.524 106
68.84 113.355 107
69.6693 113.402 108
70.7228 113.054 109
71.7791 112.574 110
72.7333 111.907 111
73.6159 111.805 112
74.5565 111.979 113
75.9396 111.676 114
77.3788 111.093 115
78.4934 110.407 116
79.284 110.191 117
79.8993 110.192 118
80.7264 109.784 119
-------------
46 115 85
46.76 114.348 86
47.5715 114.181 87
48.401 114.221 88
49.2031 113.811 89
50.0066 113.239 90
50.8345 112.533 91
51.7735 112.423 92
52.7275 112.573 93
54.1135 112.208 94
55.3005 111.458 95
56.1572 110.791 96
56.9786 110.662 97
57.8281 110.742 98
58.6889 110.464 99
59.5019 109.94 100
60.3821 109.225 101
61.1883 109.122 102
62.1448 109.294 103
63.534 109.013 104
64.8824 108.483 105
65.8734 107.851 106
66.7907 107.707 107
67.6199 107.785 108
68.6724 107.442 109
69.6981 106.963 110
70.6279 106.321 111
71.5499 106.253 112
72.54 106.445 113
73.9246 106.154 114
-------------
52 118 87
52.8298 118.04 88
53.6689 117.662 89
54.4253 117.16 90
55.2465 116.459 91
56.1847 116.348 92
57.1407 116.498 93
58.5295 116.146 94
59.7454 115.472 95
60.7698 114.902 96
61.5908 114.77 97
62.435 114.852 98
63.3099 114.582 99
64.2166 114.122 100
65.0954 113.409 101
65.9005 113.305 102
66.8564 113.478 103
68.2452 113.197 104
69.6714 112.694 105
70.8853 112.066 106
71.8033 111.915 107
72.6089 111.992 108
73.6621 111.645 109
74.7188 111.168 110
75.6713 110.501 111
76.5968 110.429 112
77.5685 110.618 113
78.946 110.321 114
80.3862 109.736 115
81.5042 109.047 116
82.3002 108.833 117
82.9859 108.875 118
83.8276 108.471 119
84.694 108.079 120
85.418 107.469 121
-------------
52 121 88
52.8364 120.633 89
53.7127 120.173 90
54.5352 119.479 91
55.472 119.37 92
56.4275 119.521 93
57.8068 119.167 94
59.1235 118.531 95
60.1676 117.947 96
60.9809 117.803 97
61.7672 117.881 98
62.6409 117.619 99
63.5516 117.17 100
64.426 116.459 101
65.2294 116.353 102
66.1364 116.513 103
67.3775 116.176 104
68.8051 115.683 105
70.0118 115.054 106
70.8775 114.863 107
71.6359 114.891 108
72.6847 114.541 109
73.7412 114.073 110
74.6931 113.406 111
75.5782 113.292 112
76.4882 113.478 113
77.8593 113.168 114
79.2989 112.584 115
80.4116 111.894 116
81.1549 111.627 117
81.7439 111.594 118
82.5532 111.158 119
83.376 110.765 120
-------------
52 112 89
52.6942 111.498 90
53.4749 110.881 91
54.4121 110.773 92
55.365 110.926 93
56.7227 110.544 94
57.8452 109.783 95
58.6641 109.092 96
59.466 108.949 97
60.3125 109.029 98
61.082 108.667 99
61.862 108.118 100
62.7426 107.402 101
63.5481 107.3 102
64.504 107.474 103
65.8916 107.191 104
67.1196 106.498 105
68.1108 105.745 106
69.03 105.603 107
69.8581 105.683 108
70.9051 105.334 109
71.8852 104.815 110
72.8357 104.149 111
73.7618 104.082 112
74.7533 104.276 113
76.1406 103.985 114
77.4428 103.367 115
-------------
58 112 95
58.8847 111.326 96
59.7036 111.193 97
60.5529 111.273 98
61.3566 110.928 99
62.171 110.391 100
63.0509 109.675 101
63.8565 109.571 102
64.8136 109.744 103
66.2032 109.462 104
67.5485 108.877 105
68.6992 108.209 106
69.6196 108.064 107
70.4478 108.143 108
71.5011 107.796 109
72.5405 107.305 110
73.4929 106.638 111
74.4186 106.567 112
75.4103 106.76 113
76.7985 106.467 114
78.1938 105.852 115
79.2655 105.163 116
80.0804 104.988 117
80.7904 105.091 118
81.6373 104.705 119
82.4881 104.313 120
83.1956 103.723 121
83.8552 103.568 122
84.5055 103.719 123
85.532 103.483 124
86.5809 103.022 125
87.4596 102.472 126
-------------
61 112 95
61.8711 111.39 96
62.6804 111.252 97
63.5278 111.329 98
64.2882 110.98 99
65.0717 110.434 100
65.9515 109.719 101
66.7569 109.617 102
67.7138 109.79 103
69.1045 109.51 104
70.4204 108.906 105
71.6075 108.255 106
72.5294 108.112 107
73.3549 108.191 108
74.4063 107.841 109
75.4468 107.348 110
76.398 106.681 111
77.3241 106.611 112
78.3165 106.806 113
79.703 106.513 114
81.1251 105.91 115
82.2376 105.218 116
83.0534 105.043 117
83.7616 105.145 118
84.6062 104.757 119
85.4689 104.359 120
86.1955 103.745 121
86.8885 103.583 122
87.5456 103.741 123
88.5723 103.498 124
89.6232 103.031 125
90.5227 102.449 126
91.146 102.251 127
91.7395 102.352 128
92.3222 102.089 129
92.9538 101.788 130
93.6121 101.249 131
94.2175 101.037 132
94.8421 101.257 133
95.7272 101.058 134
96.7476 100.589 135
97.4953 100.028 136
97.8633 99.8372 137
-------------
61 106 96
61.6969 105.888 97
62.4557 105.977 98
63.1011 105.643 99
63.8256 105.094 100
64.7 104.4 101
65.5028 104.303 102
66.4566 104.479 103
67.8261 104.193 104
68.9546 103.479 105
69.8862 102.742 106
70.803 102.598 107
71.6292 102.679 108
72.58 102.282 109
73.4632 101.708 110
74.4081 101.039 111
75.3309 100.975 112
76.3193 101.17 113
77.6892 100.897 114
78.8849 100.139 115
79.7607 99.4027 116
80.5592 99.2559 117
81.267 99.3627 118
-------------
67 106 101
67.803 105.899 102
68.7571 106.074 103
70.1338 105.789 104
71.3049 105.085 105
72.3018 104.32 106
73.2204 104.176 107
74.0473 104.256 108
75.0407 103.865 109
75.9454 103.29 110
76.895 102.621 111
77.8212 102.553 112
78.8143 102.749 113
80.1988 102.455 114
81.4459 101.675 115
82.4406 100.907 116
83.2561 100.736 117
83.9651 100.841 118
84.801 100.45 119
85.5302 99.9345 120
86.2565 99.3085 121
86.9528 99.1519 122
87.6217 99.319 123
88.6488 99.0742 124
89.6597 98.5739 125
90.5095 97.9744 126
91.1366 97.7787 127
91.7582 97.9132 128
92.3415 97.6524 129
92.9761 97.3335 130
93.6223 96.7934 131
94.2408 96.5824 132
94.911 96.8314 133
95.8164 96.6386 134
96.8369 96.167 135
97.4868 95.5898 136
97.8622 95.4001 137
98.2666 95.477 138
98.6015 95.3573 139
98.9272 95.0754 140
99.2526 94.8107 141
-------------
70 109 102
70.9467 109.165 103
72.3365 108.889 104
73.605 108.317 105
74.7921 107.706 106
75.7129 107.566 107
76.532 107.645 108
77.555 107.282 109
78.4528 106.771 110
79.3979 106.103 111
80.3231 106.035 112
81.3177 106.232 113
82.7024 105.94 114
84.0443 105.265 115
85.1683 104.581 116
85.984 104.409 117
86.6849 104.511 118
87.5262 104.123 119
88.392 103.726 120
89.1186 103.111 121
89.8138 102.95 122
90.4722 103.115 123
91.4989 102.87 124
92.551 102.402 125
93.4605 101.819 126
94.0835 101.621 127
94.6398 101.715 128
95.2184 101.452 129
95.8575 101.137 130
96.5133 100.595 131
97.1304 100.379 132
97.7539 100.617 133
98.6338 100.406 134
99.6548 99.9321 135
100.407 99.3575 136
100.795 99.1514 137
101.18 99.1871 138
101.514 99.064 139
101.858 98.7718 140
102.216 98.4394 141
102.528 98.181 142
102.8 98.2786 143
103.35 98.2186 144
103.923 97.8824 145
104.415 97.3656 146
104.733 97.0814 147
104.84 97.0909 148
104.99 97.0549 149
105.233 96.8598 150
-------------
73 100 106
73.8735 99.87 107
74.671 99.9526 108
75.4686 99.5874 109
76.2881 99.0292 110
77.2224 98.3897 111
78.1464 98.3274 112
79.1326 98.5237 113
80.5062 98.2309 114
81.6544 97.4466 115
82.5014 96.7014 116
83.3139 96.5322 117
84.0208 96.6367 118
84.7504 96.2685 119
85.4183 95.7491 120
86.1327 95.1288 121
86.8217 94.9766 122
87.4912 95.1448 123
-------------
76 103 107
76.8142 103.07 108
77.7573 102.683 109
78.6295 102.124 110
79.5758 101.459 111
80.5014 101.392 112
81.4943 101.588 113
82.8771 101.294 114
84.107 100.517 115
85.1076 99.7426 116
85.9231 99.5706 117
86.6313 99.6739 118
87.4271 99.2729 119
88.1255 98.7442 120
88.8501 98.1162 121
89.5463 97.9581 122
90.2137 98.1253 123
91.2386 97.8715 124
92.1841 97.3239 125
92.9825 96.6543 126
93.6103 96.4586 127
94.2307 96.5957 128
94.8116 96.3322 129
95.417 95.9605 130
96.0669 95.4036 131
96.6874 95.1935 132
97.3608 95.4512 133
98.2667 95.2583 134
99.2724 94.7582 135
99.9647 94.1435 136
100.357 93.938 137
100.767 94.0149 138
101.102 93.893 139
101.446 93.592 140
101.834 93.2119 141
102.192 92.9645 142
102.558 93.084 143
103.179 93.0284 144
103.797 92.6455 145
104.303 92.1004 146
104.645 91.8067 147
104.788 91.8438 148
105.015 91.799 149
105.267 91.6042 150
-------------
76 112 108
77.0434 111.655 109
78.0874 111.226 110
79.0413 110.564 111
79.967 110.498 112
80.8903 110.671 113
82.1149 110.426 114
83.5627 109.849 115
84.6918 109.173 116
85.3437 108.965 117
86.003 109.04 118
86.8202 108.651 119
87.7119 108.315 120
88.4331 107.706 121
89.088 107.51 122
89.6785 107.656 123
90.6088 107.399 124
91.6579 106.931 125
92.5479 106.348 126
93.0675 106.109 127
93.5202 106.09 128
94.081 105.821 129
94.6809 105.511 130
95.3341 104.98 131
95.8177 104.739 132
96.3282 104.961 133
-------------
85 97 115
85.8065 96.3207 116
86.5726 96.1654 117
87.241 96.2703 118
87.9289 95.9203 119
88.5942 95.3952 120
89.3016 94.8006 121
89.9972 94.6455 122
90.666 94.8137 123
91.6848 94.5499 124
92.5957 93.9931 125
93.2898 93.2988 126
93.9156 93.1024 127
94.5368 93.2399 128
95.108 92.9692 129
95.6796 92.5718 130
96.3253 92.0053 131
96.9466 91.7997 132
97.6207 92.0585 133
98.525 91.8648 134
99.4301 91.2831 135
99.9987 90.618 136
100.378 90.4068 137
100.786 90.4987 138
101.106 90.3817 139
101.41 90.0501 140
101.77 89.5959 141
102.126 89.3477 142
102.513 89.477 143
103.134 89.421 144
103.731 89.0345 145
104.18 88.4762 146
-------------
88 100 116
88.8136 99.8276 117
89.5142 99.918 118
90.2914 99.5287 119
90.9804 99.0108 120
91.7022 98.3855 121
92.3979 98.2262 122
93.0634 98.3885 123
94.0895 98.135 124
95.0361 97.5921 125
95.9518 96.9999 126
96.5815 96.8055 127
97.1974 96.9374 128
97.7724 96.6672 129
98.3611 96.2921 130
99.006 95.7304 131
99.6252 95.5185 132
100.296 95.7783 133
101.202 95.5849 134
102.164 95.054 135
102.892 94.4306 136
103.287 94.2244 137
103.696 94.2954 138
104.023 94.1671 139
104.366 93.8616 140
104.76 93.4651 141
105.117 93.2171 142
105.49 93.3403 143
106.108 93.2848 144
106.722 92.8926 145
107.223 92.3302 146
107.572 92.0232 147
107.716 92.0583 148
107.944 92.0116 149
108.195 91.8136 150
108.485 91.4058 151
108.855 91.0333 152
109.184 91.1293 153
109.717 91.2218 154
110.483 90.9338 155
111.063 90.4714 156
111.497 90.1 157
111.754 90.1057 158
112.034 90.1407 159
112.385 89.8822 160
112.749 89.5973 161
113.147 89.2391 162
-------------
91 103 120
91.715 102.389 121
92.4103 102.229 122
93.0651 102.395 123
94.0901 102.148 124
95.1373 101.675 125
96.0563 101.095 126
96.6834 100.902 127
97.2163 101.009 128
97.7931 100.748 129
98.4336 100.436 130
99.0892 99.8936 131
99.7087 99.6802 132
100.277 99.93 133
101.157 99.7259 134
102.18 99.253 135
102.944 98.6768 136
103.305 98.4651 137
103.697 98.511 138
104.021 98.3888 139
104.366 98.0942 140
104.753 97.7408 141
105.099 97.4907 142
105.423 97.6029 143
105.939 97.5289 144
106.542 97.1445 145
107.034 96.5931 146
107.343 96.2909 147
107.469 96.3132 148
107.683 96.2655 149
107.929 96.0691 150
108.206 95.6746 151
108.563 95.3097 152
-------------
94 94 124
94.8795 93.4632 125
95.5243 92.801 126
96.1487 92.6053 127
96.7694 92.7421 128
97.3376 92.4697 129
97.9034 92.073 130
98.5492 91.5073 131
99.1706 91.2999 132
99.8447 91.5584 133
100.749 91.3641 134
101.638 90.7692 135
102.26 90.0586 136
102.641 89.8343 137
103.048 89.9226 138
103.369 89.7909 139
103.68 89.4401 140
104.064 88.9497 141
104.422 88.7005 142
104.809 88.8298 143
105.431 88.7725 144
106.033 88.3639 145
106.48 87.74 146
106.818 87.4252 147
106.964 87.4682 148
107.191 87.4196 149
107.436 87.2053 150
107.73 86.7702 151
108.098 86.3937 152
108.448 86.5127 153
109.004 86.6076 154
109.768 86.3165 155
110.329 85.8278 156
110.737 85.4559 157
111.032 85.4901 158
111.327 85.5461 159
111.68 85.287 160
112.049 84.9839 161
112.461 84.6252 162
112.916 84.5724 163
113.444 84.7214 164
114.257 84.431 165
114.93 84.149 166
-------------
100 97 127
100.592 97.1164 128
101.157 96.8511 129
101.676 96.5129 130
102.269 96.0017 131
102.885 95.7899 132
103.544 96.0472 133
104.436 95.8655 134
105.369 95.3211 135
106.145 94.7382 136
106.539 94.5388 137
106.94 94.6015 138
107.261 94.4689 139
107.592 94.1601 140
107.972 93.7783 141
108.328 93.532 142
108.675 93.6475 143
109.24 93.6199 144
109.852 93.2258 145
110.351 92.6596 146
110.704 92.3525 147
110.847 92.3852 148
111.074 92.3379 149
111.324 92.1388 150
111.609 91.7313 151
111.978 91.3592 152
112.294 91.4599 153
112.813 91.5523 154
113.574 91.2589 155
114.15 90.7866 156
114.583 90.4106 157
-------------
100 91 130
100.64 90.4706 131
101.257 90.2742 132
101.93 90.5322 133
102.833 90.3384 134
103.701 89.7491 135
104.307 89.0691 136
104.686 88.8418 137
105.091 88.928 138
105.41 88.7922 139
105.718 88.438 140
106.102 87.9475 141
106.46 87.6989 142
106.848 87.8278 143
107.469 87.7687 144
108.058 87.3446 145
108.505 86.7162 146
108.844 86.3955 147
108.991 86.4377 148
109.217 86.3861 149
109.44 86.1174 150
109.73 85.6624 151
110.097 85.284 152
110.449 85.4064 153
111.007 85.503 154
111.769 85.2081 155
112.297 84.6657 156
112.726 84.2759 157
113.027 84.3087 158
113.323 84.3651 159
113.67 84.0886 160
114.049 83.7581 161
114.463 83.3886 162
114.952 83.3421 163
115.505 83.5045 164
116.319 83.211 165
117.025 82.891 166
117.565 82.4481 167
117.915 82.3949 168
118.227 82.4544 169
118.544 82.2555 170
118.907 82.0341 171
119.377 81.5587 172
-------------
106 91 135
106.668 90.3808 136
107.054 90.1645 137
107.461 90.2323 138
107.782 90.0954 139
108.094 89.746 140
108.475 89.2622 141
108.833 89.0139 142
109.22 89.14 143
109.84 89.0803 144
110.435 88.662 145
110.896 88.0409 146
111.252 87.7311 147
111.4 87.7677 148
111.628 87.7178 149
111.863 87.4687 150
112.149 87.0161 151
112.515 86.6391 152
112.851 86.7471 153
113.406 86.8445 154
114.167 86.5477 155
114.705 86.0346 156
115.147 85.6484 157
115.447 85.6791 158
115.741 85.7325 159
116.084 85.4609 160
116.457 85.1476 161
116.872 84.7786 162
117.346 84.7088 163
117.859 84.8493 164
118.672 84.5552 165
119.417 84.2456 166
119.986 83.7949 167
120.332 83.7387 168
120.642 83.7959 169
120.961 83.5934 170
121.324 83.3754 171
121.796 82.8993 172
122.209 82.7872 173
122.65 82.9201 174
123.337 82.7173 175
124.017 82.3328 176
124.496 81.8552 177
124.843 81.7265 178
125.133 81.7554 179
125.424 81.5996 180
125.815 81.3677 181
126.304 80.9209 182
126.656 80.7726 183
127.124 80.9646 184
127.8 80.8214 185
128.656 80.5089 186
129.234 80.0921 187
129.638 79.9018 188
129.938 79.9399 189
130.214 79.8078 190
130.634 79.5181 191
131.036 79.0755 192
-------------
106 85 139
106.212 84.723 140
106.594 84.2346 141
106.943 84.0086 142
107.327 84.1394 143
107.947 84.0848 144
108.51 83.6637 145
108.925 83.0431 146
109.179 82.7249 147
109.324 82.7696 148
109.544 82.7209 149
109.749 82.4399 150
110.039 81.9828 151
110.409 81.6052 152
110.763 81.7281 153
111.321 81.8249 154
112.029 81.5032 155
112.51 80.9284 156
112.889 80.511 157
113.187 80.5498 158
113.481 80.6079 159
113.783 80.2951 160
114.145 79.8909 161
114.55 79.511 162
115.046 79.4878 163
115.602 79.6561 164
116.38 79.3433 165
-------------
109 85 141
109.34 84.7772 142
109.722 84.9011 143
110.329 84.8433 144
110.903 84.4245 145
111.318 83.8332 146
111.597 83.522 147
111.743 83.5599 148
111.968 83.5091 149
112.183 83.2324 150
112.472 82.7759 151
112.841 82.3976 152
113.195 82.5173 153
113.753 82.6139 154
114.476 82.2715 155
114.961 81.6999 156
115.374 81.2911 157
115.675 81.3214 158
115.971 81.3766 159
116.279 81.0508 160
116.643 80.6481 161
117.053 80.2694 162
117.55 80.2366 163
118.106 80.4034 164
118.875 80.0676 165
119.451 79.5702 166
119.967 79.0573 167
120.318 79.0058 168
120.63 79.0682 169
120.938 78.8537 170
121.282 78.5881 171
121.75 78.107 172
122.165 77.9961 173
122.647 78.1729 174
123.347 77.9724 175
123.969 77.5377 176
124.425 77.0458 177
124.794 76.9418 178
125.149 77.0468 179
125.441 76.8906 180
125.83 76.6546 181
126.306 76.1956 182
126.728 76.0532 183
127.219 76.2762 184
128.055 76.1741 185
128.912 75.8516 186
129.48 75.4241 187
129.89 75.249 188
130.247 75.3665 189
130.564 75.2386 190
130.977 74.9421 191
131.398 74.4718 192
-------------
115 85 151
115.364 84.6285 152
115.704 84.7327 153
116.257 84.8285 154
117.009 84.526 155
117.523 84.0006 156
117.973 83.6224 157
118.275 83.6525 158
118.57 83.7059 159
118.891 83.4042 160
119.261 83.0173 161
119.669 82.642 162
120.143 82.5725 163
120.698 82.7368 164
121.503 82.4388 165
122.116 81.9789 166
122.689 81.5183 167
123.039 81.4683 168
123.351 81.5264 169
123.666 81.3185 170
124.021 81.0888 171
124.489 80.6105 172
124.903 80.4992 173
125.358 80.6685 174
126.057 80.4682 175
126.71 80.0445 176
127.177 79.5577 177
127.543 79.4451 178
127.885 79.5415 179
128.177 79.3837 180
128.568 79.1506 181
129.055 78.7008 182
129.475 78.5569 183
129.957 78.7707 184
130.725 78.6457 185
131.583 78.3259 186
132.163 77.8949 187
132.572 77.7072 188
132.9 77.7761 189
133.204 77.6448 190
133.627 77.3507 191
134.049 76.8748 192
134.486 76.7077 193
134.873 76.8664 194
135.461 76.7543 195
136.073 76.3857 196
136.547 75.9909 197
136.864 75.8422 198
137.036 75.8451 199
-------------
115 88 151
115.351 87.6389 152
115.679 87.7432 153
116.225 87.8412 154
116.985 87.5468 155
117.542 87.0703 156
118.002 86.7022 157
118.29 86.7318 158
118.58 86.7817 159
118.914 86.5121 160
119.285 86.2146 161
119.701 85.8487 162
120.174 85.7779 163
120.621 85.8731 164
121.397 85.5949 165
122.162 85.2997 166
122.742 84.8517 167
123.027 84.7847 168
123.333 84.8402 169
123.65 84.637 170
124.011 84.4432 171
124.483 83.9688 172
124.896 83.8592 173
125.298 83.9847 174
125.921 83.7869 175
126.602 83.4202 176
127.063 82.9366 177
127.303 82.7932 178
127.532 82.8069 179
127.822 82.6535 180
128.21 82.4469 181
128.7 82.0014 182
129.092 81.8496 183
129.518 82.0432 184
130.121 81.8967 185
130.928 81.6273 186
131.48 81.2275 187
131.876 81.0334 188
132.128 81.0595 189
132.41 80.9323 190
132.828 80.6427 191
133.226 80.1891 192
133.493 80.0342 193
-------------
115 91 152
115.303 91.0992 153
115.794 91.1929 154
116.551 90.9079 155
117.13 90.454 156
117.592 90.0914 157
117.742 90.0716 158
117.941 90.1086 159
118.279 89.8591 160
118.628 89.5955 161
119.041 89.2485 162
119.479 89.1754 163
119.881 89.2457 164
120.572 89.0121 165
121.332 88.7429 166
121.869 88.2996 167
121.975 88.2162 168
122.219 88.251 169
122.529 88.0598 170
122.845 87.9246 171
123.315 87.4658 172
123.683 87.3548 173
124.043 87.4259 174
-------------
115 79 155
115.392 78.4624 156
115.668 78.07 157
115.94 78.1099 158
116.23 78.1632 159
116.511 77.8387 160
116.87 77.4342 161
117.28 77.056 162
117.778 77.0375 163
118.335 77.2046 164
119.057 76.8805 165
119.563 76.3781 166
119.949 75.8995 167
120.288 75.8453 168
120.592 75.914 169
120.876 75.6829 170
121.189 75.3841 171
121.648 74.8979 172
122.065 74.7881 173
122.547 74.9702 174
123.242 74.7681 175
123.742 74.2582 176
124.113 73.7453 177
124.458 73.6761 178
124.81 73.8092 179
125.091 73.6499 180
125.434 73.3774 181
-------------
118 79 157
118.278 79.0284 158
118.57 79.0805 159
118.862 78.7771 160
119.223 78.3786 161
119.633 78.0006 162
120.118 77.9592 163
120.675 78.1252 164
121.414 77.7842 165
121.955 77.2787 166
122.44 76.7587 167
122.786 76.6997 168
123.097 76.7602 169
123.396 76.5325 170
123.711 76.2348 171
124.176 75.75 172
124.592 75.6382 173
125.072 75.8196 174
125.77 75.6167 175
126.335 75.0925 176
126.766 74.5646 177
127.138 74.4542 178
127.486 74.5804 179
127.774 74.4121 180
128.123 74.1052 181
128.561 73.5814 182
128.984 73.4388 183
129.484 73.6779 184
130.32 73.577 185
131.16 73.2293 186
131.703 72.7512 187
132.117 72.5694 188
132.478 72.6943 189
132.796 72.5633 190
133.202 72.2397 191
133.615 71.7411 192
134.059 71.58 193
134.481 71.7515 194
135.105 71.6457 195
135.714 71.2687 196
136.169 70.8483 197
136.502 70.7106 198
136.757 70.7801 199
-------------
115 88 160
115.372 87.6975 161
115.788 87.3312 162
116.257 87.2595 163
116.701 87.3525 164
117.512 87.0593 165
118.264 86.7653 166
118.835 86.3212 167
119.171 86.2507 168
119.473 86.2999 169
119.792 86.0994 170
120.153 85.8845 171
120.625 85.4098 172
121.014 85.283 173
121.407 85.4015 174
122.064 85.2006 175
122.743 84.8201 176
123.224 84.3546 177
123.545 84.2161 178
123.75 84.2121 179
124.025 84.0594 180
124.402 83.8304 181
124.867 83.4129 182
-------------
124 82 165
124.609 81.5851 166
125.176 81.15 167
125.522 81.1034 168
125.834 81.1604 169
126.139 80.9471 170
126.452 80.72 171
126.914 80.2457 172
127.323 80.1346 173
127.771 80.2976 174
128.468 80.1013 175
129.11 79.6768 176
129.575 79.1927 177
129.944 79.083 178
130.266 79.1664 179
130.556 79.0013 180
130.939 78.7794 181
131.416 78.3419 182
131.837 78.2001 183
132.317 78.4153 184
133.094 78.3176 185
133.947 77.9931 186
134.53 77.5629 187
134.928 77.3764 188
135.261 77.4632 189
135.57 77.3328 190
135.986 77.0495 191
136.407 76.5755 192
136.847 76.4112 193
137.245 76.5776 194
137.776 76.4522 195
138.385 76.0787 196
138.856 75.68 197
139.162 75.5299 198
139.282 75.5516 199
-------------
124 73 169
124.188 72.8151 170
124.483 72.5184 171
124.943 72.0435 172
125.359 71.9467 173
125.84 72.1291 174
126.515 71.9368 175
126.971 71.4382 176
127.245 70.9813 177
127.571 70.8665 178
127.901 70.9931 179
128.158 70.8153 180
128.497 70.5083 181
128.933 69.9824 182
129.36 69.8418 183
129.862 70.0826 184
130.691 69.9792 185
131.374 69.5325 186
131.861 69.0357 187
132.225 68.8377 188
132.571 68.9813 189
132.885 68.8434 190
133.225 68.4499 191
133.618 67.9281 192
134.062 67.7678 193
134.486 67.9437 194
135.098 67.8338 195
135.618 67.407 196
135.926 66.9111 197
136.203 66.7923 198
136.455 66.8751 199
-------------
127 76 170
127.307 75.7107 171
127.772 75.2284 172
128.18 75.1164 173
128.655 75.2842 174
129.347 75.0818 175
129.906 74.5733 176
130.354 74.0614 177
130.725 73.9504 178
131.069 74.0472 179
131.355 73.8721 180
131.705 73.5675 181
132.137 73.0516 182
132.559 72.9084 183
133.05 73.129 184
133.883 73.0313 185
134.691 72.6569 186
135.245 72.1913 187
135.662 72.0086 188
136.022 72.1312 189
136.339 71.9974 190
136.683 71.6142 191
137.082 71.1023 192
137.524 70.94 193
137.938 71.1095 194
138.562 71.0033 195
139.137 70.5968 196
139.58 70.1551 197
139.915 70.016 198
140.163 70.0873 199
-------------
130 76 178
130.345 76.0981 179
130.633 75.9245 180
130.988 75.6383 181
131.418 75.1428 182
131.839 75.0001 183
132.326 75.2207 184
133.162 75.1231 185
133.987 74.7714 186
134.563 74.3271 187
134.979 74.1463 188
135.339 74.2673 189
135.655 74.1356 190
136.046 73.8151 191
136.462 73.3274 192
136.905 73.1652 193
137.315 73.3346 194
137.939 73.2283 195
138.548 72.8494 196
139.021 72.4442 197
139.353 72.3043 198
139.597 72.3712 199
-------------
