64 151 150
63.8371 150.34 151
63.7622 149.757 152
63.6841 149.583 153
63.6686 149.368 154
63.6934 148.782 155
63.5868 147.882 156
63.4386 147.243 157
63.3361 146.918 158
63.1487 146.843 159
62.9971 146.359 160
62.8468 145.307 161
62.9787 144.323 162
63.1204 143.892 163
63.2276 143.733 164
63.3514 143.366 165
63.4452 142.57 166
63.4615 141.678 167
63.5247 141.255 168
63.5229 141.175 169
63.3624 140.855 170
63.2085 139.964 171
63.2918 138.948 172
63.4499 138.455 173
63.6531 138.24 174
63.9243 138.031 175
64.1642 137.461 176
64.2985 136.621 177
64.3867 136.007 178
64.4644 135.835 179
64.4774 135.74 180
64.5302 135.301 181
64.681 134.409 182
64.9702 133.706 183
65.2187 133.415 184
65.52 133.328 185
65.8479 133.057 186
66.1485 132.466 187
66.3569 131.755 188
66.5244 131.403 189
66.6367 131.307 190
66.6768 131.071 191
66.7763 130.383 192
67.0014 129.684 193
67.1657 129.212 194
67.2952 129.12 195
67.5232 128.982 196
67.7887 128.631 197
67.9638 127.97 198
68.1354 127.451 199
-------------
67 151 150
66.8426 150.34 151
66.7751 149.762 152
66.7101 149.593 153
66.6962 149.376 154
66.7365 148.785 155
66.6355 147.882 156
66.4795 147.255 157
66.3733 146.937 158
66.1815 146.866 159
65.9784 146.421 160
65.8212 145.382 161
65.9408 144.448 162
66.0734 144.074 163
66.1612 143.943 164
66.288 143.584 165
66.3827 142.787 166
66.3979 141.898 167
66.449 141.482 168
66.4459 141.406 169
66.2849 141.086 170
66.1287 140.201 171
66.1917 139.223 172
66.3446 138.787 173
66.573 138.58 174
66.8442 138.374 175
67.0996 137.819 176
67.2377 136.979 177
67.3247 136.379 178
67.4025 136.207 179
67.4163 136.114 180
67.4601 135.691 181
67.6029 134.804 182
67.8832 134.212 183
68.1291 133.966 184
68.4454 133.88 185
68.775 133.61 186
69.0861 133.039 187
69.2984 132.331 188
69.4655 131.981 189
69.5775 131.885 190
69.6237 131.657 191
69.727 131.01 192
69.926 130.346 193
70.0816 129.939 194
70.2088 129.85 195
70.4377 129.713 196
70.7151 129.377 197
70.8928 128.717 198
71.0676 128.205 199
-------------
52 151 151
51.9244 150.386 152
51.7297 150.163 153
51.4809 149.954 154
51.1589 149.572 155
50.8826 148.878 156
50.8626 147.986 157
51.0485 147.676 158
51.3361 147.573 159
51.7301 147.108 160
52.0941 146.218 161
52.2001 145.219 162
52.104 144.723 163
51.8546 144.498 164
51.5592 144.132 165
51.2002 143.385 166
51.1816 142.411 167
51.3786 141.926 168
51.5635 141.863 169
51.9469 141.604 170
52.4398 140.887 171
52.7428 139.95 172
52.8694 139.396 173
52.9437 139.175 174
52.8762 138.91 175
52.7443 138.376 176
52.7176 137.584 177
52.8605 136.867 178
52.9559 136.7 179
53.1002 136.614 180
53.4524 136.136 181
53.7922 135.312 182
53.9554 134.587 183
54.0391 134.252 184
53.9884 134.15 185
53.8208 133.909 186
53.7481 133.338 187
53.8794 132.591 188
54.0476 132.228 189
54.189 132.155 190
54.5144 131.922 191
55.0168 131.286 192
55.3162 130.601 193
55.5064 130.147 194
55.6266 130.078 195
55.7357 129.916 196
55.8014 129.577 197
55.9289 128.924 198
56.1191 128.379 199
-------------
55 151 155
54.726 150.304 156
54.6977 149.445 157
54.8631 149.138 158
55.1523 149.036 159
55.544 148.567 160
55.9038 147.665 161
55.9948 146.643 162
55.9038 146.141 163
55.6556 145.913 164
55.3581 145.531 165
55.0057 144.777 166
54.9831 143.804 167
55.1676 143.331 168
55.3525 143.267 169
55.7337 143.007 170
56.2228 142.278 171
56.5326 141.283 172
56.6562 140.722 173
56.7339 140.496 174
56.6749 140.215 175
56.559 139.64 176
56.5538 138.828 177
56.6967 138.119 178
56.7895 137.951 179
56.9328 137.863 180
57.2842 137.384 181
57.6215 136.52 182
57.7841 135.784 183
57.874 135.433 184
57.833 135.281 185
-------------
64 151 155
63.8957 150.098 156
63.7491 149.459 157
63.6435 149.135 158
63.4507 149.062 159
63.252 148.615 160
63.0996 147.564 161
63.1792 146.547 162
63.2357 146.091 163
63.3181 145.928 164
63.4485 145.574 165
63.5386 144.774 166
63.5566 143.881 167
63.6172 143.463 168
63.6147 143.387 169
63.4536 143.07 170
63.2986 142.178 171
63.3622 141.149 172
63.4779 140.627 173
63.6178 140.404 174
63.8671 140.183 175
64.1073 139.62 176
64.2425 138.78 177
64.3477 138.153 178
64.4294 137.982 179
64.4482 137.888 180
64.4999 137.448 181
64.6526 136.554 182
64.8108 135.847 183
64.9787 135.561 184
65.2022 135.464 185
65.525 135.194 186
65.8093 134.613 187
66.0176 133.906 188
66.1907 133.556 189
66.3116 133.464 190
66.3616 133.226 191
66.476 132.536 192
66.678 131.842 193
66.822 131.378 194
66.9498 131.286 195
67.1748 131.148 196
67.4359 130.803 197
67.6098 130.143 198
67.7887 129.625 199
-------------
67 151 155
66.896 150.097 156
66.7403 149.462 157
66.6298 149.14 158
66.4372 149.068 159
66.2222 148.63 160
66.0664 147.581 161
66.13 146.59 162
66.1711 146.214 163
66.2384 146.081 164
66.3727 145.746 165
66.4652 144.951 166
66.4861 144.059 167
66.5414 143.646 168
66.538 143.575 169
66.3824 143.266 170
66.2229 142.381 171
66.2494 141.407 172
66.3419 140.973 173
66.523 140.785 174
66.7776 140.58 175
67.0334 140.043 176
67.1748 139.205 177
67.3096 138.586 178
67.3923 138.415 179
67.4169 138.322 180
67.4655 137.913 181
67.6065 137.035 182
67.7657 136.432 183
67.9626 136.21 184
68.1832 136.113 185
68.5114 135.842 186
68.8167 135.286 187
69.0298 134.581 188
69.2023 134.233 189
69.3158 134.138 190
69.3665 133.909 191
69.4775 133.278 192
69.6617 132.61 193
69.7696 132.214 194
69.8911 132.126 195
70.1175 131.989 196
70.3919 131.656 197
70.5675 130.998 198
70.7426 130.487 199
-------------
49 151 158
49.2357 150.897 159
49.5804 150.441 160
49.9232 149.569 161
50.0441 148.633 162
49.9892 148.265 163
49.7928 148.09 164
49.5054 147.752 165
49.1505 147.016 166
49.103 146.065 167
49.1902 145.586 168
49.2924 145.541 169
49.5867 145.314 170
49.959 144.593 171
50.248 143.717 172
50.3898 143.226 173
50.4719 143.072 174
50.4496 142.885 175
50.3803 142.448 176
50.3667 141.746 177
50.4785 141.022 178
50.551 140.856 179
50.6809 140.784 180
51.0261 140.301 181
51.3405 139.476 182
51.4859 138.836 183
51.6158 138.593 184
51.7165 138.501 185
51.7506 138.255 186
51.6537 137.717 187
51.7488 136.982 188
51.9074 136.622 189
52.0426 136.548 190
52.3526 136.315 191
52.8486 135.689 192
53.1492 135.018 193
53.3886 134.629 194
53.532 134.57 195
53.6925 134.43 196
53.77 134.13 197
53.8751 133.517 198
54.0783 132.989 199
-------------
52 151 159
52.3925 150.531 160
52.7518 149.63 161
52.8525 148.609 162
52.7773 148.115 163
52.5329 147.891 164
52.2403 147.511 165
51.8895 146.759 166
51.8641 145.786 167
52.0016 145.285 168
52.1846 145.219 169
52.5614 144.955 170
53.0231 144.206 171
53.3393 143.221 172
53.4741 142.668 173
53.5575 142.458 174
53.519 142.197 175
53.4258 141.635 176
53.4244 140.852 177
53.564 140.119 178
53.6538 139.949 179
53.7912 139.864 180
54.1376 139.379 181
54.4597 138.529 182
54.619 137.841 183
54.7293 137.522 184
54.8158 137.415 185
54.785 137.13 186
54.7126 136.559 187
54.8289 135.817 188
54.9944 135.455 189
55.1319 135.38 190
55.4428 135.146 191
55.9412 134.515 192
56.243 133.833 193
56.4636 133.388 194
56.6009 133.319 195
56.7636 133.168 196
56.8713 132.824 197
57.0004 132.168 198
57.1945 131.624 199
-------------
55 151 160
55.3587 150.097 161
55.4523 149.073 162
55.3713 148.571 163
55.18 148.347 164
54.8936 147.956 165
54.5511 147.199 166
54.5251 146.233 167
54.6609 145.784 168
54.8076 145.716 169
55.1574 145.46 170
55.63 144.717 171
55.9377 143.72 172
56.0654 143.16 173
56.1442 142.935 174
56.1804 142.663 175
56.1667 142.083 176
56.1788 141.28 177
56.3211 140.55 178
56.4107 140.381 179
56.5485 140.293 180
56.8934 139.81 181
57.2141 138.952 182
57.3799 138.232 183
57.4899 137.906 184
57.5813 137.783 185
57.6686 137.445 186
57.6019 136.871 187
57.7244 136.133 188
57.8935 135.772 189
58.0301 135.696 190
58.3393 135.462 191
58.8374 134.829 192
59.1374 134.141 193
59.3301 133.666 194
59.4644 133.587 195
59.6334 133.434 196
59.7648 133.08 197
59.8974 132.423 198
60.0909 131.878 199
-------------
61 151 160
60.8559 149.95 161
60.9318 148.927 162
60.86 148.438 163
60.8119 148.25 164
60.9019 147.925 165
60.8859 147.153 166
60.9185 146.264 167
60.9897 145.853 168
61.0038 145.775 169
60.8845 145.446 170
60.737 144.55 171
60.8136 143.51 172
60.8596 142.969 173
60.9364 142.754 174
61.0926 142.515 175
61.3107 141.97 176
61.4156 141.152 177
61.5703 140.478 178
61.6576 140.308 179
61.752 140.208 180
61.8736 139.739 181
62.0463 138.849 182
62.1985 138.123 183
62.3112 137.803 184
62.4514 137.685 185
62.6416 137.378 186
-------------
64 151 160
63.8477 149.95 161
63.9003 148.935 162
63.8515 148.508 163
63.8513 148.35 164
63.9948 148.058 165
64.0761 147.276 166
64.1447 146.401 167
64.2113 145.991 168
64.2121 145.916 169
64.0558 145.611 170
63.8918 144.735 171
63.8658 143.761 172
63.8509 143.31 173
63.928 143.127 174
64.1317 142.917 175
64.3848 142.387 176
64.5254 141.553 177
64.6948 140.908 178
64.7797 140.737 179
64.8443 140.651 180
64.9131 140.251 181
65.0593 139.374 182
65.1875 138.7 183
65.2991 138.445 184
65.5018 138.347 185
65.8234 138.071 186
66.1143 137.513 187
66.3196 136.807 188
66.4947 136.457 189
66.6238 136.368 190
66.6844 136.135 191
66.8322 135.523 192
67.013 134.876 193
67.1393 134.453 194
67.2627 134.364 195
67.4682 134.222 196
67.7299 133.891 197
67.9038 133.235 198
68.0865 132.717 199
-------------
49 151 162
48.9981 150.671 163
48.9212 150.524 164
48.6721 150.21 165
48.3254 149.487 166
48.2115 148.599 167
48.2561 148.145 168
48.3455 148.101 169
48.6286 147.887 170
48.9948 147.171 171
49.3125 146.327 172
49.486 145.857 173
49.5922 145.718 174
49.6524 145.559 175
49.6554 145.111 176
49.6577 144.385 177
49.7836 143.652 178
49.8632 143.483 179
49.9893 143.412 180
50.3358 142.931 181
50.6654 142.099 182
50.8267 141.469 183
50.9719 141.235 184
51.0783 141.142 185
51.1374 140.902 186
51.0695 140.394 187
51.1783 139.662 188
51.3394 139.307 189
51.4727 139.232 190
51.7807 139 191
52.2718 138.385 192
-------------
52 151 162
51.9722 150.562 163
51.853 150.375 164
51.5941 150.02 165
51.2526 149.276 166
51.2052 148.325 167
51.2619 147.862 168
51.3532 147.81 169
51.6393 147.575 170
52.009 146.849 171
52.3372 145.935 172
52.4896 145.41 173
52.5925 145.246 174
52.6675 145.046 175
52.7382 144.538 176
52.756 143.774 177
52.8972 143.04 178
52.9815 142.871 179
53.1051 142.795 180
53.4503 142.311 181
53.7719 141.468 182
53.9306 140.808 183
54.0617 140.538 184
54.1695 140.435 185
54.2279 140.163 186
54.1601 139.602 187
54.2755 138.865 188
54.4408 138.505 189
54.5754 138.43 190
54.8841 138.196 191
55.38 137.574 192
55.6837 136.909 193
55.92 136.497 194
56.0653 136.431 195
56.2319 136.285 196
56.3566 135.96 197
56.4754 135.318 198
56.6749 134.781 199
-------------
61 151 162
60.917 150.518 163
60.8332 150.327 164
60.9468 150.045 165
60.9481 149.288 166
61.01 148.402 167
61.0812 147.991 168
61.1178 147.917 169
61.0217 147.61 170
60.891 146.736 171
60.9277 145.746 172
60.9183 145.26 173
60.9767 145.074 174
61.1219 144.854 175
61.3654 144.327 176
61.491 143.511 177
61.6676 142.825 178
61.7569 142.655 179
61.8635 142.568 180
62.0215 142.169 181
62.2066 141.315 182
62.3354 140.641 183
62.4281 140.354 184
62.5471 140.237 185
62.7804 139.926 186
62.9597 139.345 187
63.1484 138.628 188
63.3257 138.274 189
63.4637 138.193 190
-------------
64 151 162
63.9162 150.572 163
63.894 150.411 164
64.0498 150.15 165
64.142 149.399 166
64.2322 148.529 167
64.3025 148.121 168
64.3102 148.048 169
64.17 147.771 170
64.0141 146.93 171
63.9664 146.027 172
63.9177 145.62 173
63.966 145.471 174
64.1415 145.266 175
64.3954 144.739 176
64.541 143.909 177
64.7215 143.256 178
64.8083 143.086 179
64.8883 143.002 180
64.9763 142.637 181
65.1265 141.807 182
65.2196 141.191 183
65.2855 140.989 184
65.4417 140.895 185
65.729 140.609 186
66.0172 140.071 187
66.2181 139.368 188
66.3943 139.019 189
66.5275 138.935 190
66.5969 138.707 191
66.7529 138.249 192
66.9301 137.636 193
67.0584 137.237 194
67.1724 137.157 195
67.3632 137.009 196
67.6234 136.688 197
67.802 136.053 198
67.9891 135.541 199
-------------
67 151 162
66.9097 150.667 163
66.9047 150.545 164
67.0661 150.295 165
67.1908 149.55 166
67.2896 148.687 167
67.3595 148.283 168
67.3656 148.216 169
67.225 147.973 170
67.0552 147.172 171
66.9699 146.413 172
66.917 146.049 173
66.9609 145.92 174
67.1132 145.742 175
67.3673 145.215 176
67.514 144.385 177
67.693 143.754 178
67.7781 143.585 179
67.8455 143.507 180
67.8961 143.173 181
68.0215 142.366 182
68.0939 141.847 183
68.1633 141.735 184
68.326 141.657 185
68.6328 141.385 186
68.929 140.853 187
69.1254 140.177 188
69.296 139.833 189
69.4109 139.746 190
69.4769 139.522 191
69.6158 139.108 192
69.7571 138.566 193
69.8623 138.22 194
69.9691 138.144 195
70.1676 138.002 196
70.433 137.691 197
70.6011 137.083 198
70.7622 136.607 199
-------------
55 151 165
54.6976 150.267 166
54.6652 149.326 167
54.7238 148.891 168
54.7951 148.827 169
55.0626 148.582 170
55.4187 147.849 171
55.7359 146.913 172
55.8683 146.373 173
55.9586 146.187 174
56.0768 145.983 175
56.229 145.448 176
56.2614 144.667 177
56.4076 143.937 178
56.4946 143.768 179
56.6122 143.692 180
56.9497 143.211 181
57.2616 142.367 182
57.4211 141.7 183
57.535 141.414 184
57.6467 141.297 185
57.7459 140.968 186
57.6902 140.395 187
57.81 139.659 188
57.98 139.299 189
58.1156 139.224 190
58.4219 138.991 191
58.9049 138.39 192
59.2036 137.727 193
59.3954 137.293 194
59.529 137.215 195
59.6978 137.064 196
59.8456 136.723 197
59.9775 136.071 198
60.1837 135.534 199
-------------
70 151 166
70.1091 150.153 167
70.1814 149.763 168
70.1887 149.704 169
70.0459 149.525 170
69.8625 148.783 171
69.7832 148.132 172
69.7261 147.825 173
69.7694 147.705 174
69.9109 147.553 175
70.1408 147.05 176
70.2776 146.233 177
70.4527 145.618 178
70.5271 145.457 179
70.5896 145.382 180
70.6088 145.074 181
-------------
49 151 167
49.0465 150.551 168
49.1254 150.498 169
49.3999 150.279 170
49.7643 149.563 171
50.111 148.721 172
50.288 148.233 173
50.3988 148.09 174
50.4927 147.953 175
50.589 147.481 176
50.6244 146.734 177
50.7672 146.002 178
50.8515 145.833 179
50.9722 145.76 180
51.3184 145.28 181
51.6482 144.446 182
51.7833 143.834 183
51.9165 143.636 184
52.0231 143.538 185
52.0918 143.299 186
-------------
61 151 167
61.0707 150.59 168
61.129 150.523 169
61.0539 150.26 170
60.9349 149.425 171
60.9473 148.549 172
60.8867 148.164 173
60.9322 148.023 174
61.0611 147.839 175
61.3123 147.315 176
61.4548 146.492 177
61.6406 145.793 178
61.7315 145.623 179
61.8401 145.545 180
61.9602 145.231 181
62.1423 144.454 182
62.2656 143.824 183
62.3323 143.609 184
62.4486 143.493 185
62.6375 143.153 186
62.9016 142.612 187
63.0796 141.911 188
63.271 141.558 189
63.4089 141.481 190
-------------
64 151 167
64.0706 150.593 168
64.1036 150.527 169
63.9835 150.324 170
63.8361 149.52 171
63.7425 148.793 172
63.6725 148.424 173
63.7128 148.291 174
63.8449 148.109 175
64.1004 147.586 176
64.2494 146.764 177
64.444 146.095 178
64.534 145.925 179
64.6274 145.847 180
64.715 145.546 181
64.871 144.781 182
64.966 144.201 183
65.0165 144.053 184
65.159 143.96 185
65.4088 143.657 186
65.6969 143.143 187
65.8825 142.458 188
66.0617 142.109 189
66.1936 142.028 190
66.2697 141.804 191
66.4415 141.397 192
66.6518 140.833 193
66.7987 140.436 194
66.909 140.36 195
67.0847 140.206 196
67.3421 139.896 197
67.5362 139.289 198
67.7105 138.8 199
-------------
67 151 167
67.0705 150.597 168
67.0856 150.535 169
66.9497 150.358 170
66.7838 149.588 171
66.6949 148.897 172
66.6263 148.56 173
66.6667 148.433 174
66.8053 148.259 175
67.0588 147.736 176
67.2069 146.914 177
67.3955 146.272 178
67.4817 146.104 179
67.5581 146.028 180
67.6094 145.735 181
67.7532 144.994 182
67.851 144.532 183
67.9118 144.436 184
68.0683 144.359 185
68.3671 144.088 186
68.6561 143.578 187
68.7934 142.972 188
68.9478 142.639 189
69.059 142.555 190
69.128 142.333 191
69.2641 141.964 192
69.4342 141.454 193
69.5479 141.092 194
69.653 141.02 195
69.8272 140.871 196
70.0929 140.586 197
70.2238 140.091 198
70.3443 139.642 199
-------------
52 151 168
52.0736 150.943 169
52.3364 150.718 170
52.6922 150.001 171
53.0316 149.141 172
53.1818 148.632 173
53.2861 148.485 174
53.4021 148.308 175
53.5458 147.797 176
53.586 147.042 177
53.7327 146.311 178
53.8189 146.142 179
53.937 146.068 180
54.2792 145.59 181
54.5973 144.763 182
54.7392 144.14 183
54.858 143.894 184
54.9679 143.786 185
55.044 143.508 186
55.0124 142.993 187
55.1292 142.262 188
55.2999 141.905 189
55.4326 141.832 190
55.7356 141.6 191
56.2152 141.012 192
56.5282 140.472 193
56.7392 140.057 194
56.8875 139.99 195
57.0542 139.847 196
57.2365 139.544 197
-------------
55 151 168
55.0678 150.94 169
55.3127 150.71 170
55.6519 149.993 171
55.9607 149.116 172
56.0871 148.601 173
56.1747 148.449 174
56.3015 148.262 175
56.4663 147.732 176
56.5112 146.963 177
56.6623 146.234 178
56.75 146.064 179
56.8654 145.99 180
57.1952 145.517 181
57.4904 144.701 182
57.6357 144.067 183
57.7344 143.802 184
57.8454 143.687 185
57.9321 143.379 186
57.8991 142.819 187
58.0221 142.091 188
58.2061 141.733 189
58.3417 141.659 190
58.6411 141.427 191
59.1138 140.841 192
59.42 140.224 193
59.6033 139.8 194
59.7297 139.723 195
59.889 139.571 196
60.053 139.245 197
60.1889 138.614 198
60.4067 138.097 199
-------------
55 139 170
55.4815 138.297 171
55.7545 137.378 172
55.8781 136.823 173
55.9538 136.598 174
55.8875 136.327 175
55.7652 135.792 176
55.7432 134.994 177
55.8865 134.308 178
55.9808 134.141 179
56.1252 134.054 180
56.4849 133.59 181
56.8449 132.742 182
57.0063 132.005 183
57.0629 131.648 184
56.9901 131.52 185
56.8015 131.261 186
56.7308 130.686 187
56.867 129.941 188
57.0522 129.587 189
57.1974 129.513 190
57.5882 129.319 191
58.0995 128.685 192
58.4032 127.985 193
58.5776 127.487 194
58.666 127.384 195
58.7163 127.205 196
58.758 126.858 197
58.8988 126.202 198
59.0938 125.656 199
-------------
70 145 172
69.9774 144.682 173
70.0328 144.569 174
70.2234 144.394 175
70.4761 143.868 176
70.6225 143.04 177
70.7928 142.44 178
70.8763 142.273 179
70.9384 142.197 180
70.9732 141.844 181
71.0772 141.053 182
71.1552 140.573 183
71.2341 140.489 184
71.4134 140.414 185
71.7313 140.148 186
72.0197 139.627 187
72.2026 139.001 188
72.3629 138.669 189
72.4733 138.579 190
72.5275 138.358 191
72.6003 137.963 192
-------------
61 151 172
60.937 150.629 173
60.977 150.497 174
61.1062 150.314 175
61.3604 149.793 176
61.5308 148.996 177
61.7326 148.303 178
61.8252 148.133 179
61.9337 148.058 180
62.0342 147.765 181
62.2405 147.039 182
62.3754 146.443 183
62.4402 146.274 184
62.5559 146.16 185
62.7615 145.848 186
63.0496 145.355 187
63.2129 144.668 188
63.414 144.316 189
63.5503 144.24 190
63.667 144.022 191
63.8743 143.646 192
64.1256 143.122 193
64.2973 142.709 194
64.4076 142.635 195
64.5525 142.476 196
64.8043 142.173 197
65.0341 141.599 198
65.2381 141.117 199
-------------
58 136 173
58.1016 135.793 174
58.1012 135.555 175
58.0341 135.041 176
58.0425 134.283 177
58.1897 133.64 178
58.2831 133.474 179
58.4208 133.385 180
58.7704 132.925 181
59.1219 132.075 182
59.2861 131.342 183
59.3461 130.989 184
59.2755 130.862 185
59.0907 130.609 186
59.0271 130.039 187
59.1825 129.32 188
59.3664 128.967 189
59.5109 128.891 190
59.8991 128.699 191
60.4082 128.064 192
60.7099 127.364 193
60.8822 126.867 194
60.9767 126.766 195
61.0311 126.584 196
61.0775 126.226 197
61.2224 125.575 198
61.417 125.03 199
-------------
52 151 173
52.1105 150.862 174
52.2394 150.696 175
52.3989 150.208 176
52.446 149.472 177
52.5921 148.743 178
52.6789 148.575 179
52.7947 148.505 180
53.1359 148.042 181
53.4483 147.265 182
53.5907 146.693 183
53.7003 146.517 184
53.8113 146.415 185
53.8955 146.152 186
-------------
55 151 173
55.0837 150.853 174
55.2131 150.672 175
55.3817 150.159 176
55.4324 149.415 177
55.5925 148.688 178
55.6833 148.519 179
55.7981 148.447 180
56.1287 147.978 181
56.4245 147.178 182
56.5595 146.57 183
56.6285 146.382 184
56.7374 146.27 185
56.8194 145.986 186
56.8357 145.562 187
56.9522 144.855 188
57.1488 144.505 189
57.277 144.435 190
57.571 144.206 191
58.0177 143.676 192
58.3093 143.242 193
58.4882 142.829 194
58.6235 142.765 195
58.7716 142.615 196
58.9873 142.336 197
59.1979 141.783 198
59.4056 141.291 199
-------------
64 151 175
64.2606 150.488 176
64.4169 149.69 177
64.6152 149.015 178
64.7045 148.846 179
64.7967 148.773 180
64.8638 148.509 181
65.0461 147.815 182
65.1793 147.283 183
65.2386 147.17 184
65.3737 147.078 185
65.5894 146.775 186
65.8746 146.28 187
65.9853 145.683 188
66.113 145.347 189
66.2341 145.268 190
66.3228 145.047 191
66.5168 144.699 192
66.7353 144.2 193
66.9049 143.792 194
67.0136 143.718 195
67.162 143.561 196
67.4074 143.271 197
67.6081 142.728 198
-------------
70 139 177
70.1599 138.439 178
70.2451 138.271 179
70.2963 138.191 180
70.3556 137.813 181
70.4822 137.033 182
70.6351 136.537 183
70.7649 136.434 184
70.9847 136.347 185
71.319 136.085 186
71.6351 135.557 187
71.8529 134.89 188
72.023 134.548 189
72.1348 134.455 190
72.1845 134.231 191
72.2825 133.662 192
72.433 133.047 193
72.5057 132.767 194
72.62 132.686 195
72.8419 132.55 196
73.113 132.228 197
73.2868 131.574 198
73.4576 131.066 199
-------------
61 151 177
61.206 150.301 178
61.3002 150.132 179
61.4095 150.058 180
61.5102 149.783 181
61.7483 149.131 182
61.8899 148.562 183
61.9525 148.438 184
62.066 148.326 185
62.2326 148.028 186
62.5249 147.679 187
62.6552 147.036 188
62.8535 146.689 189
62.9696 146.624 190
63.2082 146.421 191
63.4502 146.086 192
63.7057 145.587 193
63.8792 145.179 194
63.9871 145.105 195
64.1284 144.946 196
64.3699 144.656 197
64.6083 144.092 198
64.8118 143.658 199
-------------
67 133 178
67.0771 132.831 179
67.0935 132.741 180
67.1514 132.315 181
67.3132 131.46 182
67.6308 130.823 183
67.8945 130.57 184
68.2296 130.497 185
68.5565 130.227 186
68.8699 129.655 187
69.081 128.945 188
69.2281 128.599 189
69.3367 128.504 190
69.363 128.278 191
69.4492 127.598 192
69.6776 126.911 193
69.8755 126.495 194
70.0075 126.408 195
70.2377 126.271 196
70.5111 125.919 197
70.6893 125.261 198
70.8338 124.768 199
-------------
52 151 178
52.0868 150.835 179
52.2002 150.769 180
52.54 150.341 181
52.8215 149.68 182
52.9532 149.154 183
53.0607 149.044 184
53.1729 148.955 185
53.2554 148.724 186
53.2488 148.638 187
53.3389 148.032 188
53.4874 147.763 189
53.5951 147.699 190
53.8491 147.502 191
54.1479 147.201 192
54.4456 146.832 193
54.7734 146.487 194
54.9318 146.438 195
55.0981 146.308 196
55.2278 146.175 197
55.3248 145.973 198
55.3757 145.809 199
-------------
58 151 181
58.2764 150.379 182
58.4005 149.8 183
58.452 149.669 184
58.5487 149.567 185
58.6555 149.3 186
58.8499 149.058 187
58.9594 148.396 188
59.1723 148.053 189
59.291 147.992 190
59.5477 147.789 191
59.8728 147.463 192
60.1264 146.999 193
60.3018 146.59 194
60.3916 146.521 195
60.519 146.365 196
60.758 146.081 197
61.0093 145.516 198
61.2037 145.14 199
-------------
70 145 182
70.1106 144.604 183
70.1755 144.522 184
70.3318 144.454 185
70.6403 144.194 186
70.9364 143.725 187
71.0643 143.213 188
71.1973 142.916 189
71.305 142.832 190
71.3706 142.616 191
71.4526 142.33 192
71.5807 141.858 193
71.6577 141.544 194
71.7516 141.476 195
71.9339 141.336 196
72.2044 141.078 197
72.3303 140.711 198
72.3898 140.362 199
-------------
61 151 183
61.0565 150.902 184
61.1593 150.799 185
61.2784 150.535 186
61.5199 150.396 187
61.6208 149.777 188
61.8176 149.477 189
61.9324 149.416 190
62.1861 149.214 191
62.4514 148.906 192
62.6604 148.438 193
62.8356 148.031 194
62.9171 147.964 195
63.039 147.801 196
63.274 147.513 197
63.5256 146.944 198
63.6844 146.624 199
-------------
55 151 185
55.0922 150.762 186
55.1101 150.644 187
55.1919 150.025 188
55.3443 149.746 189
55.4558 149.687 190
55.7006 149.5 191
55.9977 149.198 192
56.2996 148.832 193
56.6314 148.479 194
56.7536 148.42 195
56.9182 148.286 196
57.0572 148.115 197
-------------
64 151 187
64.054 150.442 188
64.2088 150.166 189
64.3177 150.105 190
64.5375 149.903 191
64.7639 149.613 192
64.9673 149.14 193
65.1451 148.737 194
65.2247 148.671 195
65.3456 148.506 196
65.5672 148.207 197
65.7502 147.608 198
65.8803 147.307 199
-------------
67 151 187
66.9932 150.542 188
66.9731 150.342 189
67.0606 150.277 190
67.1313 150.084 191
67.3552 149.797 192
67.558 149.324 193
67.7369 148.925 194
67.8193 148.859 195
67.95 148.698 196
68.1468 148.419 197
68.2677 147.865 198
68.2927 147.614 199
-------------
58 151 188
58.1997 150.714 189
58.32 150.658 190
58.5763 150.457 191
58.8559 150.153 192
59.077 149.735 193
59.255 149.329 194
59.337 149.263 195
59.4602 149.106 196
59.6146 148.885 197
59.8689 148.326 198
60.0281 148.048 199
-------------
70 145 189
70.1046 144.916 190
70.1705 144.701 191
70.2733 144.447 192
70.4457 143.972 193
70.551 143.626 194
70.6454 143.559 195
70.8016 143.411 196
71.0662 143.153 197
71.1732 142.754 198
71.1941 142.459 199
-------------
64 151 150
63.8371 150.34 151
63.7622 149.757 152
63.6841 149.583 153
63.6686 149.368 154
63.6934 148.782 155
63.5868 147.882 156
63.4386 147.243 157
63.3361 146.918 158
63.1487 146.843 159
62.9971 146.359 160
62.8468 145.307 161
62.9787 144.323 162
63.1204 143.892 163
63.2276 143.733 164
63.3514 143.366 165
63.4452 142.57 166
63.4615 141.678 167
63.5247 141.255 168
63.5229 141.175 169
63.3624 140.855 170
63.2085 139.964 171
63.2918 138.948 172
63.4499 138.455 173
63.6531 138.24 174
63.9243 138.031 175
64.1642 137.461 176
64.2985 136.621 177
64.3867 136.007 178
64.4644 135.835 179
64.4774 135.74 180
64.5302 135.301 181
64.681 134.409 182
64.9702 133.706 183
65.2187 133.415 184
65.52 133.328 185
65.8479 133.057 186
66.1485 132.466 187
66.3569 131.755 188
66.5244 131.403 189
66.6367 131.307 190
66.6768 131.071 191
66.7763 130.383 192
67.0014 129.684 193
67.1657 129.212 194
67.2952 129.12 195
67.5232 128.982 196
67.7887 128.631 197
67.9638 127.97 198
68.1354 127.451 199
-------------
67 151 150
66.8426 150.34 151
66.7751 149.762 152
66.7101 149.593 153
66.6962 149.376 154
66.7365 148.785 155
66.6355 147.882 156
66.4795 147.255 157
66.3733 146.937 158
66.1815 146.866 159
65.9784 146.421 160
65.8212 145.382 161
65.9408 144.448 162
66.0734 144.074 163
66.1612 143.943 164
66.288 143.584 165
66.3827 142.787 166
66.3979 141.898 167
66.449 141.482 168
66.4459 141.406 169
66.2849 141.086 170
66.1287 140.201 171
66.1917 139.223 172
66.3446 138.787 173
66.573 138.58 174
66.8442 138.374 175
67.0996 137.819 176
67.2377 136.979 177
67.3247 136.379 178
67.4025 136.207 179
67.4163 136.114 180
67.4601 135.691 181
67.6029 134.804 182
67.8832 134.212 183
68.1291 133.966 184
68.4454 133.88 185
68.775 133.61 186
69.0861 133.039 187
69.2984 132.331 188
69.4655 131.981 189
69.5775 131.885 190
69.6237 131.657 191
69.727 131.01 192
69.926 130.346 193
70.0816 129.939 194
70.2088 129.85 195
70.4377 129.713 196
70.7151 129.377 197
70.8928 128.717 198
71.0676 128.205 199
-------------
52 151 151
51.9244 150.386 152
51.7297 150.163 153
51.4809 149.954 154
51.1589 149.572 155
50.8826 148.878 156
50.8626 147.986 157
51.0485 147.676 158
51.3361 147.573 159
51.7301 147.108 160
52.0941 146.218 161
52.2001 145.219 162
52.104 144.723 163
51.8546 144.498 164
51.5592 144.132 165
51.2002 143.385 166
51.1816 142.411 167
51.3786 141.926 168
51.5635 141.863 169
51.9469 141.604 170
52.4398 140.887 171
52.7428 139.95 172
52.8694 139.396 173
52.9437 139.175 174
52.8762 138.91 175
52.7443 138.376 176
52.7176 137.584 177
52.8605 136.867 178
52.9559 136.7 179
53.1002 136.614 180
53.4524 136.136 181
53.7922 135.312 182
53.9554 134.587 183
54.0391 134.252 184
53.9884 134.15 185
53.8208 133.909 186
53.7481 133.338 187
53.8794 132.591 188
54.0476 132.228 189
54.189 132.155 190
54.5144 131.922 191
55.0168 131.286 192
55.3162 130.601 193
55.5064 130.147 194
55.6266 130.078 195
55.7357 129.916 196
55.8014 129.577 197
55.9289 128.924 198
56.1191 128.379 199
-------------
55 151 155
54.726 150.304 156
54.6977 149.445 157
54.8631 149.138 158
55.1523 149.036 159
55.544 148.567 160
55.9038 147.665 161
55.9948 146.643 162
55.9038 146.141 163
55.6556 145.913 164
55.3581 145.531 165
55.0057 144.777 166
54.9831 143.804 167
55.1676 143.331 168
55.3525 143.267 169
55.7337 143.007 170
56.2228 142.278 171
56.5326 141.283 172
56.6562 140.722 173
56.7339 140.496 174
56.6749 140.215 175
56.559 139.64 176
56.5538 138.828 177
56.6967 138.119 178
56.7895 137.951 179
56.9328 137.863 180
57.2842 137.384 181
57.6215 136.52 182
57.7841 135.784 183
57.874 135.433 184
57.833 135.281 185
-------------
64 151 155
63.8957 150.098 156
63.7491 149.459 157
63.6435 149.135 158
63.4507 149.062 159
63.252 148.615 160
63.0996 147.564 161
63.1792 146.547 162
63.2357 146.091 163
63.3181 145.928 164
63.4485 145.574 165
63.5386 144.774 166
63.5566 143.881 167
63.6172 143.463 168
63.6147 143.387 169
63.4536 143.07 170
63.2986 142.178 171
63.3622 141.149 172
63.4779 140.627 173
63.6178 140.404 174
63.8671 140.183 175
64.1073 139.62 176
64.2425 138.78 177
64.3477 138.153 178
64.4294 137.982 179
64.4482 137.888 180
64.4999 137.448 181
64.6526 136.554 182
64.8108 135.847 183
64.9787 135.561 184
65.2022 135.464 185
65.525 135.194 186
65.8093 134.613 187
66.0176 133.906 188
66.1907 133.556 189
66.3116 133.464 190
66.3616 133.226 191
66.476 132.536 192
66.678 131.842 193
66.822 131.378 194
66.9498 131.286 195
67.1748 131.148 196
67.4359 130.803 197
67.6098 130.143 198
67.7887 129.625 199
-------------
67 151 155
66.896 150.097 156
66.7403 149.462 157
66.6298 149.14 158
66.4372 149.068 159
66.2222 148.63 160
66.0664 147.581 161
66.13 146.59 162
66.1711 146.214 163
66.2384 146.081 164
66.3727 145.746 165
66.4652 144.951 166
66.4861 144.059 167
66.5414 143.646 168
66.538 143.575 169
66.3824 143.266 170
66.2229 142.381 171
66.2494 141.407 172
66.3419 140.973 173
66.523 140.785 174
66.7776 140.58 175
67.0334 140.043 176
67.1748 139.205 177
67.3096 138.586 178
67.3923 138.415 179
67.4169 138.322 180
67.4655 137.913 181
67.6065 137.035 182
67.7657 136.432 183
67.9626 136.21 184
68.1832 136.113 185
68.5114 135.842 186
68.8167 135.286 187
69.0298 134.581 188
69.2023 134.233 189
69.3158 134.138 190
69.3665 133.909 191
69.4775 133.278 192
69.6617 132.61 193
69.7696 132.214 194
69.8911 132.126 195
70.1175 131.989 196
70.3919 131.656 197
70.5675 130.998 198
70.7426 130.487 199
-------------
49 151 158
49.2357 150.897 159
49.5804 150.441 160
49.9232 149.569 161
50.0441 148.633 162
49.9892 148.265 163
49.7928 148.09 164
49.5054 147.752 165
49.1505 147.016 166
49.103 146.065 167
49.1902 145.586 168
49.2924 145.541 169
49.5867 145.314 170
49.959 144.593 171
50.248 143.717 172
50.3898 143.226 173
50.4719 143.072 174
50.4496 142.885 175
50.3803 142.448 176
50.3667 141.746 177
50.4785 141.022 178
50.551 140.856 179
50.6809 140.784 180
51.0261 140.301 181
51.3405 139.476 182
51.4859 138.836 183
51.6158 138.593 184
51.7165 138.501 185
51.7506 138.255 186
51.6537 137.717 187
51.7488 136.982 188
51.9074 136.622 189
52.0426 136.548 190
52.3526 136.315 191
52.8486 135.689 192
53.1492 135.018 193
53.3886 134.629 194
53.532 134.57 195
53.6925 134.43 196
53.77 134.13 197
53.8751 133.517 198
54.0783 132.989 199
-------------
52 151 159
52.3925 150.531 160
52.7518 149.63 161
52.8525 148.609 162
52.7773 148.115 163
52.5329 147.891 164
52.2403 147.511 165
51.8895 146.759 166
51.8641 145.786 167
52.0016 145.285 168
52.1846 145.219 169
52.5614 144.955 170
53.0231 144.206 171
53.3393 143.221 172
53.4741 142.668 173
53.5575 142.458 174
53.519 142.197 175
53.4258 141.635 176
53.4244 140.852 177
53.564 140.119 178
53.6538 139.949 179
53.7912 139.864 180
54.1376 139.379 181
54.4597 138.529 182
54.619 137.841 183
54.7293 137.522 184
54.8158 137.415 185
54.785 137.13 186
54.7126 136.559 187
54.8289 135.817 188
54.9944 135.455 189
55.1319 135.38 190
55.4428 135.146 191
55.9412 134.515 192
56.243 133.833 193
56.4636 133.388 194
56.6009 133.319 195
56.7636 133.168 196
56.8713 132.824 197
57.0004 132.168 198
57.1945 131.624 199
-------------
55 151 160
55.3587 150.097 161
55.4523 149.073 162
55.3713 148.571 163
55.18 148.347 164
54.8936 147.956 165
54.5511 147.199 166
54.5251 146.233 167
54.6609 145.784 168
54.8076 145.716 169
55.1574 145.46 170
55.63 144.717 171
55.9377 143.72 172
56.0654 143.16 173
56.1442 142.935 174
56.1804 142.663 175
56.1667 142.083 176
56.1788 141.28 177
56.3211 140.55 178
56.4107 140.381 179
56.5485 140.293 180
56.8934 139.81 181
57.2141 138.952 182
57.3799 138.232 183
57.4899 137.906 184
57.5813 137.783 185
57.6686 137.445 186
57.6019 136.871 187
57.7244 136.133 188
57.8935 135.772 189
58.0301 135.696 190
58.3393 135.462 191
58.8374 134.829 192
59.1374 134.141 193
59.3301 133.666 194
59.4644 133.587 195
59.6334 133.434 196
59.7648 133.08 197
59.8974 132.423 198
60.0909 131.878 199
-------------
61 151 160
60.8559 149.95 161
60.9318 148.927 162
60.86 148.438 163
60.8119 148.25 164
60.9019 147.925 165
60.8859 147.153 166
60.9185 146.264 167
60.9897 145.853 168
61.0038 145.775 169
60.8845 145.446 170
60.737 144.55 171
60.8136 143.51 172
60.8596 142.969 173
60.9364 142.754 174
61.0926 142.515 175
61.3107 141.97 176
61.4156 141.152 177
61.5703 140.478 178
61.6576 140.308 179
61.752 140.208 180
61.8736 139.739 181
62.0463 138.849 182
62.1985 138.123 183
62.3112 137.803 184
62.4514 137.685 185
62.6416 137.378 186
-------------
64 151 160
63.8477 149.95 161
63.9003 148.935 162
63.8515 148.508 163
63.8513 148.35 164
63.9948 148.058 165
64.0761 147.276 166
64.1447 146.401 167
64.2113 145.991 168
64.2121 145.916 169
64.0558 145.611 170
63.8918 144.735 171
63.8658 143.761 172
63.8509 143.31 173
63.928 143.127 174
64.1317 142.917 175
64.3848 142.387 176
64.5254 141.553 177
64.6948 140.908 178
64.7797 140.737 179
64.8443 140.651 180
64.9131 140.251 181
65.0593 139.374 182
65.1875 138.7 183
65.2991 138.445 184
65.5018 138.347 185
65.8234 138.071 186
66.1143 137.513 187
66.3196 136.807 188
66.4947 136.457 189
66.6238 136.368 190
66.6844 136.135 191
66.8322 135.523 192
67.013 134.876 193
67.1393 134.453 194
67.2627 134.364 195
67.4682 134.222 196
67.7299 133.891 197
67.9038 133.235 198
68.0865 132.717 199
-------------
49 151 162
48.9981 150.671 163
48.9212 150.524 164
48.6721 150.21 165
48.3254 149.487 166
48.2115 148.599 167
48.2561 148.145 168
48.3455 148.101 169
48.6286 147.887 170
48.9948 147.171 171
49.3125 146.327 172
49.486 145.857 173
49.5922 145.718 174
49.6524 145.559 175
49.6554 145.111 176
49.6577 144.385 177
49.7836 143.652 178
49.8632 143.483 179
49.9893 143.412 180
50.3358 142.931 181
50.6654 142.099 182
50.8267 141.469 183
50.9719 141.235 184
51.0783 141.142 185
51.1374 140.902 186
51.0695 140.394 187
51.1783 139.662 188
51.3394 139.307 189
51.4727 139.232 190
51.7807 139 191
52.2718 138.385 192
-------------
52 151 162
51.9722 150.562 163
51.853 150.375 164
51.5941 150.02 165
51.2526 149.276 166
51.2052 148.325 167
51.2619 147.862 168
51.3532 147.81 169
51.6393 147.575 170
52.009 146.849 171
52.3372 145.935 172
52.4896 145.41 173
52.5925 145.246 174
52.6675 145.046 175
52.7382 144.538 176
52.756 143.774 177
52.8972 143.04 178
52.9815 142.871 179
53.1051 142.795 180
53.4503 142.311 181
53.7719 141.468 182
53.9306 140.808 183
54.0617 140.538 184
54.1695 140.435 185
54.2279 140.163 186
54.1601 139.602 187
54.2755 138.865 188
54.4408 138.505 189
54.5754 138.43 190
54.8841 138.196 191
55.38 137.574 192
55.6837 136.909 193
55.92 136.497 194
56.0653 136.431 195
56.2319 136.285 196
56.3566 135.96 197
56.4754 135.318 198
56.6749 134.781 199
-------------
61 151 162
60.917 150.518 163
60.8332 150.327 164
60.9468 150.045 165
60.9481 149.288 166
61.01 148.402 167
61.0812 147.991 168
61.1178 147.917 169
61.0217 147.61 170
60.891 146.736 171
60.9277 145.746 172
60.9183 145.26 173
60.9767 145.074 174
61.1219 144.854 175
61.3654 144.327 176
61.491 143.511 177
61.6676 142.825 178
61.7569 142.655 179
61.8635 142.568 180
62.0215 142.169 181
62.2066 141.315 182
62.3354 140.641 183
62.4281 140.354 184
62.5471 140.237 185
62.7804 139.926 186
62.9597 139.345 187
63.1484 138.628 188
63.3257 138.274 189
63.4637 138.193 190
-------------
64 151 162
63.9162 150.572 163
63.894 150.411 164
64.0498 150.15 165
64.142 149.399 166
64.2322 148.529 167
64.3025 148.121 168
64.3102 148.048 169
64.17 147.771 170
64.0141 146.93 171
63.9664 146.027 172
63.9177 145.62 173
63.966 145.471 174
64.1415 145.266 175
64.3954 144.739 176
64.541 143.909 177
64.7215 143.256 178
64.8083 143.086 179
64.8883 143.002 180
64.9763 142.637 181
65.1265 141.807 182
65.2196 141.191 183
65.2855 140.989 184
65.4417 140.895 185
65.729 140.609 186
66.0172 140.071 187
66.2181 139.368 188
66.3943 139.019 189
66.5275 138.935 190
66.5969 138.707 191
66.7529 138.249 192
66.9301 137.636 193
67.0584 137.237 194
67.1724 137.157 195
67.3632 137.009 196
67.6234 136.688 197
67.802 136.053 198
67.9891 135.541 199
-------------
67 151 162
66.9097 150.667 163
66.9047 150.545 164
67.0661 150.295 165
67.1908 149.55 166
67.2896 148.687 167
67.3595 148.283 168
67.3656 148.216 169
67.225 147.973 170
67.0552 147.172 171
66.9699 146.413 172
66.917 146.049 173
66.9609 145.92 174
67.1132 145.742 175
67.3673 145.215 176
67.514 144.385 177
67.693 143.754 178
67.7781 143.585 179
67.8455 143.507 180
67.8961 143.173 181
68.0215 142.366 182
68.0939 141.847 183
68.1633 141.735 184
68.326 141.657 185
68.6328 141.385 186
68.929 140.853 187
69.1254 140.177 188
69.296 139.833 189
69.4109 139.746 190
69.4769 139.522 191
69.6158 139.108 192
69.7571 138.566 193
69.8623 138.22 194
69.9691 138.144 195
70.1676 138.002 196
70.433 137.691 197
70.6011 137.083 198
70.7622 136.607 199
-------------
55 151 165
54.6976 150.267 166
54.6652 149.326 167
54.7238 148.891 168
54.7951 148.827 169
55.0626 148.582 170
55.4187 147.849 171
55.7359 146.913 172
55.8683 146.373 173
55.9586 146.187 174
56.0768 145.983 175
56.229 145.448 176
56.2614 144.667 177
56.4076 143.937 178
56.4946 143.768 179
56.6122 143.692 180
56.9497 143.211 181
57.2616 142.367 182
57.4211 141.7 183
57.535 141.414 184
57.6467 141.297 185
57.7459 140.968 186
57.6902 140.395 187
57.81 139.659 188
57.98 139.299 189
58.1156 139.224 190
58.4219 138.991 191
58.9049 138.39 192
59.2036 137.727 193
59.3954 137.293 194
59.529 137.215 195
59.6978 137.064 196
59.8456 136.723 197
59.9775 136.071 198
60.1837 135.534 199
-------------
70 151 166
70.1091 150.153 167
70.1814 149.763 168
70.1887 149.704 169
70.0459 149.525 170
69.8625 148.783 171
69.7832 148.132 172
69.7261 147.825 173
69.7694 147.705 174
69.9109 147.553 175
70.1408 147.05 176
70.2776 146.233 177
70.4527 145.618 178
70.5271 145.457 179
70.5896 145.382 180
70.6088 145.074 181
-------------
49 151 167
49.0465 150.551 168
49.1254 150.498 169
49.3999 150.279 170
49.7643 149.563 171
50.111 148.721 172
50.288 148.233 173
50.3988 148.09 174
50.4927 147.953 175
50.589 147.481 176
50.6244 146.734 177
50.7672 146.002 178
50.8515 145.833 179
50.9722 145.76 180
51.3184 145.28 181
51.6482 144.446 182
51.7833 143.834 183
51.9165 143.636 184
52.0231 143.538 185
52.0918 143.299 186
-------------
61 151 167
61.0707 150.59 168
61.129 150.523 169
61.0539 150.26 170
60.9349 149.425 171
60.9473 148.549 172
60.8867 148.164 173
60.9322 148.023 174
61.0611 147.839 175
61.3123 147.315 176
61.4548 146.492 177
61.6406 145.793 178
61.7315 145.623 179
61.8401 145.545 180
61.9602 145.231 181
62.1423 144.454 182
62.2656 143.824 183
62.3323 143.609 184
62.4486 143.493 185
62.6375 143.153 186
62.9016 142.612 187
63.0796 141.911 188
63.271 141.558 189
63.4089 141.481 190
-------------
64 151 167
64.0706 150.593 168
64.1036 150.527 169
63.9835 150.324 170
63.8361 149.52 171
63.7425 148.793 172
63.6725 148.424 173
63.7128 148.291 174
63.8449 148.109 175
64.1004 147.586 176
64.2494 146.764 177
64.444 146.095 178
64.534 145.925 179
64.6274 145.847 180
64.715 145.546 181
64.871 144.781 182
64.966 144.201 183
65.0165 144.053 184
65.159 143.96 185
65.4088 143.657 186
65.6969 143.143 187
65.8825 142.458 188
66.0617 142.109 189
66.1936 142.028 190
66.2697 141.804 191
66.4415 141.397 192
66.6518 140.833 193
66.7987 140.436 194
66.909 140.36 195
67.0847 140.206 196
67.3421 139.896 197
67.5362 139.289 198
67.7105 138.8 199
-------------
67 151 167
67.0705 150.597 168
67.0856 150.535 169
66.9497 150.358 170
66.7838 149.588 171
66.6949 148.897 172
66.6263 148.56 173
66.6667 148.433 174
66.8053 148.259 175
67.0588 147.736 176
67.2069 146.914 177
67.3955 146.272 178
67.4817 146.104 179
67.5581 146.028 180
67.6094 145.735 181
67.7532 144.994 182
67.851 144.532 183
67.9118 144.436 184
68.0683 144.359 185
68.3671 144.088 186
68.6561 143.578 187
68.7934 142.972 188
68.9478 142.639 189
69.059 142.555 190
69.128 142.333 191
69.2641 141.964 192
69.4342 141.454 193
69.5479 141.092 194
69.653 141.02 195
69.8272 140.871 196
70.0929 140.586 197
70.2238 140.091 198
70.3443 139.642 199
-------------
52 151 168
52.0736 150.943 169
52.3364 150.718 170
52.6922 150.001 171
53.0316 149.141 172
53.1818 148.632 173
53.2861 148.485 174
53.4021 148.308 175
53.5458 147.797 176
53.586 147.042 177
53.7327 146.311 178
53.8189 146.142 179
53.937 146.068 180
54.2792 145.59 181
54.5973 144.763 182
54.7392 144.14 183
54.858 143.894 184
54.9679 143.786 185
55.044 143.508 186
55.0124 142.993 187
55.1292 142.262 188
55.2999 141.905 189
55.4326 141.832 190
55.7356 141.6 191
56.2152 141.012 192
56.5282 140.472 193
56.7392 140.057 194
56.8875 139.99 195
57.0542 139.847 196
57.2365 139.544 197
-------------
55 151 168
55.0678 150.94 169
55.3127 150.71 170
55.6519 149.993 171
55.9607 149.116 172
56.0871 148.601 173
56.1747 148.449 174
56.3015 148.262 175
56.4663 147.732 176
56.5112 146.963 177
56.6623 146.234 178
56.75 146.064 179
56.8654 145.99 180
57.1952 145.517 181
57.4904 144.701 182
57.6357 144.067 183
57.7344 143.802 184
57.8454 143.687 185
57.9321 143.379 186
57.8991 142.819 187
58.0221 142.091 188
58.2061 141.733 189
58.3417 141.659 190
58.6411 141.427 191
59.1138 140.841 192
59.42 140.224 193
59.6033 139.8 194
59.7297 139.723 195
59.889 139.571 196
60.053 139.245 197
60.1889 138.614 198
60.4067 138.097 199
-------------
55 139 170
55.4815 138.297 171
55.7545 137.378 172
55.8781 136.823 173
55.9538 136.598 174
55.8875 136.327 175
55.7652 135.792 176
55.7432 134.994 177
55.8865 134.308 178
55.9808 134.141 179
56.1252 134.054 180
56.4849 133.59 181
56.8449 132.742 182
57.0063 132.005 183
57.0629 131.648 184
56.9901 131.52 185
56.8015 131.261 186
56.7308 130.686 187
56.867 129.941 188
57.0522 129.587 189
57.1974 129.513 190
57.5882 129.319 191
58.0995 128.685 192
58.4032 127.985 193
58.5776 127.487 194
58.666 127.384 195
58.7163 127.205 196
58.758 126.858 197
58.8988 126.202 198
59.0938 125.656 199
-------------
70 145 172
69.9774 144.682 173
70.0328 144.569 174
70.2234 144.394 175
70.4761 143.868 176
70.6225 143.04 177
70.7928 142.44 178
70.8763 142.273 179
70.9384 142.197 180
70.9732 141.844 181
71.0772 141.053 182
71.1552 140.573 183
71.2341 140.489 184
71.4134 140.414 185
71.7313 140.148 186
72.0197 139.627 187
72.2026 139.001 188
72.3629 138.669 189
72.4733 138.579 190
72.5275 138.358 191
72.6003 137.963 192
-------------
61 151 172
60.937 150.629 173
60.977 150.497 174
61.1062 150.314 175
61.3604 149.793 176
61.5308 148.996 177
61.7326 148.303 178
61.8252 148.133 179
61.9337 148.058 180
62.0342 147.765 181
62.2405 147.039 182
62.3754 146.443 183
62.4402 146.274 184
62.5559 146.16 185
62.7615 145.848 186
63.0496 145.355 187
63.2129 144.668 188
63.414 144.316 189
63.5503 144.24 190
63.667 144.022 191
63.8743 143.646 192
64.1256 143.122 193
64.2973 142.709 194
64.4076 142.635 195
64.5525 142.476 196
64.8043 142.173 197
65.0341 141.599 198
65.2381 141.117 199
-------------
58 136 173
58.1016 135.793 174
58.1012 135.555 175
58.0341 135.041 176
58.0425 134.283 177
58.1897 133.64 178
58.2831 133.474 179
58.4208 133.385 180
58.7704 132.925 181
59.1219 132.075 182
59.2861 131.342 183
59.3461 130.989 184
59.2755 130.862 185
59.0907 130.609 186
59.0271 130.039 187
59.1825 129.32 188
59.3664 128.967 189
59.5109 128.891 190
59.8991 128.699 191
60.4082 128.064 192
60.7099 127.364 193
60.8822 126.867 194
60.9767 126.766 195
61.0311 126.584 196
61.0775 126.226 197
61.2224 125.575 198
61.417 125.03 199
-------------
52 151 173
52.1105 150.862 174
52.2394 150.696 175
52.3989 150.208 176
52.446 149.472 177
52.5921 148.743 178
52.6789 148.575 179
52.7947 148.505 180
53.1359 148.042 181
53.4483 147.265 182
53.5907 146.693 183
53.7003 146.517 184
53.8113 146.415 185
53.8955 146.152 186
-------------
55 151 173
55.0837 150.853 174
55.2131 150.672 175
55.3817 150.159 176
55.4324 149.415 177
55.5925 148.688 178
55.6833 148.519 179
55.7981 148.447 180
56.1287 147.978 181
56.4245 147.178 182
56.5595 146.57 183
56.6285 146.382 184
56.7374 146.27 185
56.8194 145.986 186
56.8357 145.562 187
56.9522 144.855 188
57.1488 144.505 189
57.277 144.435 190
57.571 144.206 191
58.0177 143.676 192
58.3093 143.242 193
58.4882 142.829 194
58.6235 142.765 195
58.7716 142.615 196
58.9873 142.336 197
59.1979 141.783 198
59.4056 141.291 199
-------------
64 151 175
64.2606 150.488 176
64.4169 149.69 177
64.6152 149.015 178
64.7045 148.846 179
64.7967 148.773 180
64.8638 148.509 181
65.0461 147.815 182
65.1793 147.283 183
65.2386 147.17 184
65.3737 147.078 185
65.5894 146.775 186
65.8746 146.28 187
65.9853 145.683 188
66.113 145.347 189
66.2341 145.268 190
66.3228 145.047 191
66.5168 144.699 192
66.7353 144.2 193
66.9049 143.792 194
67.0136 143.718 195
67.162 143.561 196
67.4074 143.271 197
67.6081 142.728 198
-------------
70 139 177
70.1599 138.439 178
70.2451 138.271 179
70.2963 138.191 180
70.3556 137.813 181
70.4822 137.033 182
70.6351 136.537 183
70.7649 136.434 184
70.9847 136.347 185
71.319 136.085 186
71.6351 135.557 187
71.8529 134.89 188
72.023 134.548 189
72.1348 134.455 190
72.1845 134.231 191
72.2825 133.662 192
72.433 133.047 193
72.5057 132.767 194
72.62 132.686 195
72.8419 132.55 196
73.113 132.228 197
73.2868 131.574 198
73.4576 131.066 199
-------------
61 151 177
61.206 150.301 178
61.3002 150.132 179
61.4095 150.058 180
61.5102 149.783 181
61.7483 149.131 182
61.8899 148.562 183
61.9525 148.438 184
62.066 148.326 185
62.2326 148.028 186
62.5249 147.679 187
62.6552 147.036 188
62.8535 146.689 189
62.9696 146.624 190
63.2082 146.421 191
63.4502 146.086 192
63.7057 145.587 193
63.8792 145.179 194
63.9871 145.105 195
64.1284 144.946 196
64.3699 144.656 197
64.6083 144.092 198
64.8118 143.658 199
-------------
67 133 178
67.0771 132.831 179
67.0935 132.741 180
67.1514 132.315 181
67.3132 131.46 182
67.6308 130.823 183
67.8945 130.57 184
68.2296 130.497 185
68.5565 130.227 186
68.8699 129.655 187
69.081 128.945 188
69.2281 128.599 189
69.3367 128.504 190
69.363 128.278 191
69.4492 127.598 192
69.6776 126.911 193
69.8755 126.495 194
70.0075 126.408 195
70.2377 126.271 196
70.5111 125.919 197
70.6893 125.261 198
70.8338 124.768 199
-------------
52 151 178
52.0868 150.835 179
52.2002 150.769 180
52.54 150.341 181
52.8215 149.68 182
52.9532 149.154 183
53.0607 149.044 184
53.1729 148.955 185
53.2554 148.724 186
53.2488 148.638 187
53.3389 148.032 188
53.4874 147.763 189
53.5951 147.699 190
53.8491 147.502 191
54.1479 147.201 192
54.4456 146.832 193
54.7734 146.487 194
54.9318 146.438 195
55.0981 146.308 196
55.2278 146.175 197
55.3248 145.973 198
55.3757 145.809 199
-------------
58 151 181
58.2764 150.379 182
58.4005 149.8 183
58.452 149.669 184
58.5487 149.567 185
58.6555 149.3 186
58.8499 149.058 187
58.9594 148.396 188
59.1723 148.053 189
59.291 147.992 190
59.5477 147.789 191
59.8728 147.463 192
60.1264 146.999 193
60.3018 146.59 194
60.3916 146.521 195
60.519 146.365 196
60.758 146.081 197
61.0093 145.516 198
61.2037 145.14 199
-------------
70 145 182
70.1106 144.604 183
70.1755 144.522 184
70.3318 144.454 185
70.6403 144.194 186
70.9364 143.725 187
71.0643 143.213 188
71.1973 142.916 189
71.305 142.832 190
71.3706 142.616 191
71.4526 142.33 192
71.5807 141.858 193
71.6577 141.544 194
71.7516 141.476 195
71.9339 141.336 196
72.2044 141.078 197
72.3303 140.711 198
72.3898 140.362 199
-------------
61 151 183
61.0565 150.902 184
61.1593 150.799 185
61.2784 150.535 186
61.5199 150.396 187
61.6208 149.777 188
61.8176 149.477 189
61.9324 149.416 190
62.1861 149.214 191
62.4514 148.906 192
62.6604 148.438 193
62.8356 148.031 194
62.9171 147.964 195
63.039 147.801 196
63.274 147.513 197
63.5256 146.944 198
63.6844 146.624 199
-------------
55 151 185
55.0922 150.762 186
55.1101 150.644 187
55.1919 150.025 188
55.3443 149.746 189
55.4558 149.687 190
55.7006 149.5 191
55.9977 149.198 192
56.2996 148.832 193
56.6314 148.479 194
56.7536 148.42 195
56.9182 148.286 196
57.0572 148.115 197
-------------
64 151 187
64.054 150.442 188
64.2088 150.166 189
64.3177 150.105 190
64.5375 149.903 191
64.7639 149.613 192
64.9673 149.14 193
65.1451 148.737 194
65.2247 148.671 195
65.3456 148.506 196
65.5672 148.207 197
65.7502 147.608 198
65.8803 147.307 199
-------------
67 151 187
66.9932 150.542 188
66.9731 150.342 189
67.0606 150.277 190
67.1313 150.084 191
67.3552 149.797 192
67.558 149.324 193
67.7369 148.925 194
67.8193 148.859 195
67.95 148.698 196
68.1468 148.419 197
68.2677 147.865 198
68.2927 147.614 199
-------------
58 151 188
58.1997 150.714 189
58.32 150.658 190
58.5763 150.457 191
58.8559 150.153 192
59.077 149.735 193
59.255 149.329 194
59.337 149.263 195
59.4602 149.106 196
59.6146 148.885 197
59.8689 148.326 198
60.0281 148.048 199
-------------
70 145 189
70.1046 144.916 190
70.1705 144.701 191
70.2733 144.447 192
70.4457 143.972 193
70.551 143.626 194
70.6454 143.559 195
70.8016 143.411 196
71.0662 143.153 197
71.1732 142.754 198
71.1941 142.459 199
-------------
