4 145 103
5.1234 144.655 104
6.30152 144.321 105
7.46388 144.079 106
8.71681 144.004 107
10.223 143.871 108
12.083 143.499 109
13.5529 142.967 110
14.8508 142.531 111
15.994 142.416 112
17.0798 142.31 113
18.097 142.002 114
19.021 141.546 115
20.0021 141.086 116
20.9723 140.929 117
22.104 140.888 118
23.5153 140.736 119
25.0047 140.271 120
26.1709 139.825 121
27.1983 139.539 122
28.1391 139.436 123
28.9471 139.257 124
29.7207 138.877 125
30.2668 138.562 126
30.9893 138.255 127
31.7481 138.077 128
32.7163 138.091 129
33.9305 137.792 130
35.1822 137.405 131
36.0911 137.031 132
36.8999 136.871 133
37.5087 136.785 134
38.0867 136.647 135
38.5652 136.369 136
38.9693 136.132 137
39.5399 135.863 138
40.2047 135.778 139
41.0601 135.73 140
42.2213 135.408 141
43.2962 135.083 142
44.1279 134.774 143
44.8254 134.646 144
45.4504 134.604 145
46.0238 134.412 146
46.4974 134.12 147
46.9514 133.926 148
47.4599 133.779 149
48.1499 133.746 150
49.0898 133.51 151
50.3887 133.211 152
51.7551 133.06 153
52.7774 132.832 154
53.7729 132.713 155
54.5179 132.569 156
55.4205 132.32 157
-------------
4 148 103
5.1015 147.661 104
6.21782 147.34 105
7.37197 147.103 106
8.62398 147.029 107
10.1462 146.896 108
11.9952 146.516 109
13.4556 145.993 110
14.7513 145.559 111
15.8931 145.445 112
16.9786 145.338 113
17.9953 145.031 114
18.9112 144.585 115
19.9205 144.182 116
20.8921 144.025 117
22.0231 143.984 118
23.44 143.824 119
24.9454 143.372 120
26.1073 142.938 121
27.1338 142.656 122
28.069 142.552 123
28.9006 142.343 124
29.6848 141.998 125
30.2237 141.72 126
30.9488 141.423 127
31.7056 141.245 128
32.6475 141.252 129
33.8611 140.951 130
35.1121 140.591 131
35.9416 140.306 132
36.6737 140.153 133
37.21 140.066 134
37.7884 139.927 135
38.2759 139.748 136
38.6511 139.591 137
39.1859 139.337 138
39.7854 139.277 139
40.521 139.228 140
41.6796 138.903 141
42.7726 138.756 142
-------------
4 151 104
5.21969 150.746 105
6.41777 150.521 106
7.6331 150.456 107
9.17059 150.317 108
11.0897 149.959 109
12.5169 149.491 110
13.7273 149.117 111
14.8252 149.006 112
15.8889 148.887 113
16.9468 148.632 114
17.7962 148.285 115
18.8019 147.926 116
19.7745 147.772 117
20.8143 147.764 118
22.2336 147.593 119
23.7431 147.164 120
-------------
4 139 106
5.24981 138.925 107
6.65345 138.809 108
8.40947 138.449 109
9.86486 137.928 110
11.1629 137.492 111
12.2998 137.381 112
13.3796 137.282 113
14.3449 136.968 114
15.2655 136.51 115
16.2531 136.044 116
17.2207 135.89 117
18.3477 135.85 118
19.7427 135.72 119
21.2264 135.256 120
22.3834 134.809 121
23.4092 134.527 122
24.3448 134.423 123
25.1417 134.296 124
25.885 133.899 125
26.4339 133.575 126
27.1506 133.263 127
27.9089 133.088 128
28.8769 133.104 129
30.0889 132.808 130
31.3195 132.409 131
32.2173 132.021 132
33.0254 131.865 133
33.6429 131.789 134
34.2199 131.654 135
34.6971 131.365 136
35.1194 131.102 137
35.6704 130.829 138
36.3371 130.74 139
37.2371 130.711 140
38.3957 130.393 141
39.4462 130.024 142
40.2655 129.689 143
40.9725 129.563 144
41.6196 129.527 145
42.1919 129.334 146
42.6617 129.014 147
43.1411 128.758 148
43.6457 128.606 149
44.3648 128.53 150
45.4163 128.422 151
46.7135 128.124 152
47.9515 127.785 153
49.0023 127.494 154
50.0248 127.357 155
50.9096 127.272 156
51.7939 127.023 157
52.4841 126.789 158
-------------
4 145 106
5.25298 144.925 107
6.75641 144.796 108
8.63594 144.425 109
10.1074 143.891 110
11.4071 143.455 111
12.5492 143.341 112
13.6347 143.235 113
14.6568 142.929 114
15.5805 142.474 115
16.5684 142.011 116
17.5373 141.854 117
18.6677 141.812 118
20.0802 141.659 119
21.581 141.203 120
22.7505 140.758 121
23.7827 140.475 122
24.7213 140.37 123
25.5484 140.184 124
26.3376 139.815 125
26.8876 139.496 126
27.6042 139.185 127
28.3601 139.005 128
29.3253 139.014 129
30.5375 138.713 130
31.7911 138.334 131
32.7326 137.967 132
33.5426 137.806 133
34.1513 137.721 134
34.7316 137.582 135
35.2144 137.313 136
35.6324 137.07 137
36.1883 136.8 138
36.8078 136.702 139
37.626 136.638 140
38.7831 136.315 141
39.9009 136.017 142
40.8547 135.762 143
41.555 135.633 144
42.1761 135.579 145
42.7474 135.387 146
43.1794 135.097 147
-------------
4 151 107
5.53747 150.86 108
7.45661 150.503 109
8.94043 150.009 110
10.2401 149.575 111
11.3776 149.452 112
12.4558 149.342 113
13.5431 149.058 114
14.4054 148.675 115
15.3606 148.272 116
16.325 148.114 117
17.3648 148.09 118
18.7579 147.924 119
20.2795 147.51 120
21.6326 147.332 121
22.6616 147.055 122
23.5939 146.951 123
24.4259 146.736 124
25.203 146.457 125
25.7112 146.178 126
26.2647 145.912 127
26.7802 145.785 128
27.4406 145.741 129
-------------
4 148 109
5.48129 147.468 110
6.78413 147.033 111
7.9237 146.913 112
9.00581 146.805 113
10.0871 146.518 114
11.0068 146.073 115
11.9795 145.615 116
12.943 145.456 117
14.0668 145.411 118
15.4543 145.262 119
16.9628 144.822 120
18.2508 144.489 121
19.2847 144.209 122
20.2209 144.101 123
21.0366 143.892 124
21.8196 143.544 125
22.3505 143.239 126
-------------
13 139 110
14.2952 138.564 111
15.4362 138.45 112
16.5159 138.344 113
17.5118 138.037 114
18.4369 137.579 115
19.4255 137.115 116
20.3947 136.959 117
21.524 136.916 118
22.9286 136.769 119
24.4175 136.303 120
25.5838 135.855 121
26.6096 135.567 122
27.5498 135.464 123
28.3398 135.313 124
29.109 134.92 125
29.6576 134.595 126
30.3749 134.283 127
31.1343 134.106 128
32.1034 134.121 129
33.316 133.824 130
34.5512 133.417 131
35.448 133.019 132
36.2563 132.861 133
36.8742 132.783 134
37.4506 132.647 135
37.9278 132.358 136
38.3477 132.096 137
38.9198 131.823 138
39.5908 131.736 139
40.4911 131.704 140
41.6521 131.384 141
42.7159 131.007 142
43.5407 130.649 143
44.2471 130.522 144
44.8954 130.485 145
45.4676 130.293 146
45.9384 129.971 147
46.4248 129.715 148
46.9385 129.566 149
47.685 129.507 150
48.7542 129.38 151
50.0537 129.079 152
51.3128 128.739 153
52.3633 128.448 154
53.3863 128.311 155
54.2913 128.211 156
55.1889 127.955 157
55.8847 127.72 158
56.616 127.414 159
57.4405 127.168 160
58.4076 127.132 161
59.6239 127.018 162
61.0662 126.601 163
62.3863 126.344 164
63.4486 126.133 165
64.4084 126.003 166
65.2687 125.883 167
66.1547 125.57 168
66.7117 125.334 169
67.3568 125.056 170
-------------
4 151 112
4.99731 150.909 113
5.74572 150.777 114
6.52687 150.422 115
7.32114 150.064 116
8.09325 150.007 117
8.7243 149.966 118
9.4746 149.91 119
-------------
10 139 113
11.0014 138.711 114
11.9167 138.261 115
12.9019 137.797 116
13.8666 137.643 117
14.9939 137.602 118
16.3953 137.475 119
17.7324 137.05 120
18.8743 136.618 121
19.9042 136.35 122
20.8036 136.245 123
21.6103 136.104 124
22.3456 135.74 125
22.8925 135.421 126
23.5358 135.122 127
-------------
10 142 113
11.0427 141.712 114
11.9673 141.258 115
12.9493 140.792 116
13.915 140.636 117
15.0435 140.594 118
16.4542 140.458 119
17.9271 140.007 120
19.1092 139.576 121
20.1455 139.298 122
21.0819 139.195 123
21.8997 139.03 124
22.6906 138.668 125
23.2414 138.349 126
23.8918 138.04 127
24.6197 137.866 128
25.5837 137.877 129
26.7931 137.575 130
28.0436 137.206 131
29.0061 136.867 132
29.8146 136.707 133
30.4207 136.628 134
-------------
13 145 114
13.923 144.547 115
14.9065 144.088 116
15.874 143.93 117
17.0029 143.888 118
18.4173 143.729 119
19.9252 143.279 120
21.1294 142.842 121
22.1642 142.561 122
23.1026 142.454 123
23.936 142.245 124
24.7331 141.882 125
25.2838 141.567 126
25.9707 141.258 127
26.7076 141.077 128
27.6472 141.067 129
28.8567 140.764 130
30.115 140.41 131
31.1075 140.099 132
31.9161 139.938 133
32.5125 139.854 134
33.0925 139.714 135
33.5478 139.466 136
33.9483 139.244 137
34.4101 139.003 138
-------------
16 139 116
16.9676 138.844 117
18.0968 138.803 118
19.5047 138.663 119
20.9951 138.199 120
22.1617 137.753 121
23.1931 137.472 122
24.1301 137.368 123
24.9433 137.216 124
25.7174 136.833 125
26.2668 136.511 126
26.9829 136.199 127
27.7402 136.021 128
28.7085 136.036 129
29.9207 135.737 130
31.1666 135.351 131
32.0949 134.977 132
32.9054 134.819 133
33.5219 134.741 134
34.1016 134.603 135
34.5809 134.318 136
35.0025 134.06 137
35.5498 133.782 138
36.2102 133.686 139
37.1002 133.641 140
38.2603 133.32 141
39.3446 132.969 142
40.2532 132.647 143
40.958 132.518 144
41.6016 132.474 145
42.1745 132.281 146
42.6448 131.964 147
43.1052 131.727 148
43.6035 131.575 149
44.3035 131.501 150
45.2677 131.351 151
46.5542 131.053 152
47.8755 130.791 153
48.9194 130.507 154
49.9166 130.373 155
-------------
22 133 119
23.3805 132.538 120
24.5357 132.09 121
25.5404 131.808 122
26.4749 131.701 123
27.2554 131.583 124
27.9696 131.169 125
28.5181 130.843 126
29.2369 130.531 127
29.9978 130.358 128
30.9651 130.374 129
32.1759 130.081 130
33.3625 129.659 131
34.2534 129.26 132
35.0531 129.104 133
35.6711 129.028 134
36.2445 128.893 135
36.718 128.602 136
37.1413 128.337 137
37.7203 128.069 138
38.3917 127.984 139
39.2936 127.956 140
40.4525 127.64 141
41.502 127.257 142
42.3174 126.897 143
43.0252 126.772 144
43.6734 126.74 145
44.2444 126.549 146
44.7127 126.225 147
45.203 125.963 148
45.7192 125.814 149
46.4699 125.762 150
47.5558 125.664 151
48.8535 125.366 152
50.0166 124.991 153
51.0659 124.701 154
52.0882 124.566 155
53.0073 124.495 156
53.8881 124.248 157
54.5824 124.013 158
55.3139 123.686 159
56.1241 123.441 160
57.1356 123.411 161
58.3863 123.327 162
59.826 122.912 163
61.0068 122.524 164
62.0703 122.31 165
63.0373 122.189 166
63.9157 122.119 167
64.7749 121.804 168
65.4417 121.533 169
-------------
25 136 119
26.4833 135.533 120
27.6494 135.085 121
28.6677 134.796 122
29.6076 134.692 123
30.3943 134.539 124
31.1617 134.146 125
31.7106 133.822 126
32.4282 133.51 127
33.1883 133.334 128
34.158 133.348 129
35.3707 133.05 130
36.6064 132.641 131
37.4993 132.243 132
38.3062 132.084 133
38.924 132.006 134
39.4994 131.87 135
39.9758 131.581 136
40.3923 131.32 137
40.9668 131.048 138
41.6416 130.964 139
42.5428 130.933 140
43.7041 130.613 141
44.758 130.227 142
45.5823 129.869 143
46.2887 129.743 144
46.9371 129.708 145
47.509 129.516 146
47.9796 129.194 147
48.4698 128.937 148
48.9845 128.79 149
49.738 128.739 150
50.8084 128.621 151
52.108 128.319 152
53.2803 127.949 153
54.3227 127.654 154
55.3447 127.517 155
56.2446 127.421 156
57.1362 127.165 157
57.8327 126.93 158
58.5903 126.618 159
59.4184 126.375 160
60.4265 126.344 161
61.6825 126.252 162
63.1248 125.835 163
64.368 125.512 164
65.4321 125.3 165
66.3953 125.172 166
67.2676 125.059 167
68.1587 124.748 168
68.8152 124.487 169
69.5378 124.194 170
70.3382 124.033 171
71.2807 123.999 172
72.491 123.779 173
73.8092 123.533 174
75.245 123.513 175
76.0834 123.32 176
76.7697 123.2 177
77.3913 123.075 178
77.8797 122.874 179
78.2666 122.713 180
78.6465 122.512 181
78.9786 122.41 182
79.5178 122.359 183
-------------
28 139 120
29.156 138.564 121
30.0778 138.298 122
31.0182 138.197 123
31.8096 138.028 124
32.553 137.661 125
33.0583 137.371 126
33.7716 137.064 127
34.5306 136.888 128
35.4976 136.905 129
36.7109 136.606 130
37.946 136.209 131
38.8164 135.843 132
39.6199 135.686 133
40.2333 135.604 134
40.8098 135.468 135
41.283 135.189 136
41.6773 134.969 137
42.2511 134.703 138
42.924 134.62 139
43.7874 134.577 140
44.95 134.256 141
46.0107 133.901 142
46.7688 133.589 143
47.4186 133.475 144
48.0648 133.438 145
48.6373 133.246 146
49.1157 132.981 147
49.5711 132.818 148
50.083 132.678 149
50.7846 132.654 150
51.7777 132.418 151
53.0776 132.116 152
54.2129 131.923 153
-------------
28 130 122
28.8915 129.891 123
29.5948 129.782 124
30.2613 129.4 125
30.8013 129.081 126
31.5193 128.771 127
32.2767 128.601 128
33.2386 128.613 129
34.446 128.318 130
35.6012 127.882 131
36.4885 127.481 132
37.2662 127.323 133
37.8834 127.245 134
38.4507 127.11 135
38.9214 126.814 136
39.3466 126.548 137
39.931 126.278 138
40.6041 126.194 139
41.5076 126.164 140
42.6645 125.848 141
43.7134 125.454 142
44.5333 125.09 143
45.2402 124.964 144
45.8867 124.934 145
46.4567 124.743 146
46.9238 124.416 147
47.4178 124.153 148
47.939 124.007 149
48.6974 123.962 150
49.7843 123.864 151
51.0727 123.567 152
52.23 123.186 153
53.2694 122.89 154
54.2892 122.756 155
55.2081 122.686 156
56.0866 122.437 157
56.7809 122.2 158
57.5674 121.874 159
58.3966 121.635 160
59.4104 121.607 161
60.6703 121.524 162
62.1078 121.112 163
63.2678 120.713 164
64.3315 120.499 165
65.2997 120.378 166
66.18 120.311 167
67.0114 119.998 168
67.6803 119.723 169
68.428 119.408 170
69.2072 119.24 171
70.2201 119.221 172
71.4663 119.049 173
72.745 118.758 174
73.8331 118.43 175
74.6739 118.233 176
75.403 118.153 177
76.0286 118.037 178
76.5383 117.815 179
77.0211 117.57 180
77.4756 117.357 181
78.0185 117.243 182
78.7029 117.207 183
79.6429 117.045 184
80.6532 116.769 185
81.4494 116.592 186
82.0752 116.473 187
82.5393 116.396 188
82.9285 116.299 189
83.2154 116.127 190
-------------
34 133 126
34.7158 132.691 127
35.473 132.515 128
36.4397 132.53 129
37.6518 132.233 130
38.8789 131.825 131
39.7488 131.436 132
40.5523 131.279 133
41.1689 131.2 134
41.7437 131.066 135
42.2203 130.778 136
42.6386 130.52 137
43.2145 130.251 138
43.8899 130.167 139
44.7914 130.135 140
45.9527 129.817 141
46.999 129.425 142
47.8221 129.066 143
48.5285 128.941 144
49.1749 128.908 145
49.7465 128.716 146
50.2137 128.395 147
50.7056 128.138 148
51.2241 127.994 149
51.9834 127.949 150
53.0646 127.846 151
54.3636 127.544 152
55.528 127.176 153
56.5599 126.886 154
57.5817 126.751 155
58.4975 126.672 156
59.3829 126.416 157
60.0789 126.181 158
60.8492 125.875 159
61.6788 125.633 160
62.6883 125.607 161
63.9475 125.514 162
65.3899 125.098 163
66.538 124.718 164
67.5897 124.506 165
68.504 124.372 166
69.3688 124.266 167
70.2391 123.969 168
70.9048 123.71 169
71.6484 123.423 170
72.4657 123.271 171
73.4628 123.249 172
74.7027 123.045 173
75.9892 122.789 174
-------------
40 127 134
40.5653 126.865 135
41.0374 126.576 136
41.4625 126.312 137
42.0477 126.042 138
42.7214 125.956 139
43.6237 125.924 140
44.7801 125.607 141
45.8295 125.213 142
46.6531 124.85 143
47.3602 124.723 144
48.0062 124.691 145
48.5772 124.499 146
49.0454 124.171 147
49.5413 123.908 148
50.0652 123.762 149
50.8257 123.718 150
51.9129 123.618 151
53.1953 123.319 152
54.3517 122.936 153
55.3871 122.636 154
56.4073 122.501 155
57.3257 122.43 156
58.1957 122.18 157
58.8902 121.942 158
59.6838 121.618 159
60.5138 121.378 160
61.5298 121.352 161
62.789 121.269 162
64.2126 120.858 163
65.366 120.454 164
66.429 120.239 165
67.396 120.117 166
68.2751 120.049 167
69.0928 119.73 168
69.7615 119.454 169
70.5176 119.137 170
71.3361 118.985 171
72.3509 118.967 172
73.5931 118.785 173
74.866 118.478 174
75.8766 118.128 175
76.7174 117.93 176
77.4456 117.849 177
78.0707 117.731 178
78.5806 117.508 179
79.0638 117.261 180
79.5196 117.048 181
80.0919 116.938 182
80.804 116.912 183
81.7441 116.749 184
82.7539 116.469 185
83.514 116.246 186
84.1575 116.123 187
84.6289 116.048 188
85.0181 115.951 189
85.3055 115.778 190
85.5491 115.619 191
85.8981 115.407 192
86.288 115.347 193
86.841 115.355 194
87.6239 115.156 195
88.3239 114.889 196
88.9277 114.763 197
89.3746 114.662 198
89.6729 114.614 199
-------------
46 127 140
47.1486 126.687 141
48.198 126.294 142
49.0227 125.934 143
49.7288 125.808 144
50.3728 125.775 145
50.9441 125.584 146
51.411 125.259 147
51.906 124.998 148
52.4296 124.853 149
53.1907 124.808 150
54.2776 124.708 151
55.5591 124.408 152
56.7156 124.025 153
57.7403 123.724 154
58.762 123.59 155
59.6798 123.518 156
60.5496 123.266 157
61.2439 123.029 158
62.0372 122.71 159
62.8667 122.47 160
63.8833 122.445 161
65.1425 122.361 162
66.5594 121.946 163
67.7094 121.541 164
68.771 121.326 165
69.7368 121.204 166
70.6141 121.134 167
71.4042 120.81 168
72.0703 120.535 169
72.8271 120.223 170
73.6472 120.073 171
74.6661 120.059 172
75.9069 119.86 173
77.1807 119.556 174
78.1819 119.211 175
79.0218 119.012 176
79.7463 118.926 177
80.3674 118.805 178
80.8768 118.583 179
81.3545 118.354 180
81.8094 118.143 181
82.3792 118.035 182
83.0657 118.007 183
84.004 117.843 184
85.01 117.566 185
85.6891 117.392 186
86.33 117.27 187
86.7931 117.195 188
87.1808 117.098 189
87.4686 116.929 190
87.712 116.775 191
88.066 116.564 192
88.441 116.512 193
88.8955 116.521 194
89.6669 116.316 195
90.3614 116.054 196
90.9643 115.934 197
91.4092 115.835 198
91.6924 115.791 199
-------------
46 121 142
46.6807 120.667 143
47.3348 120.54 144
47.9608 120.517 145
48.5097 120.328 146
48.9449 120.013 147
49.441 119.749 148
49.9667 119.605 149
50.7297 119.569 150
51.8151 119.482 151
53.0726 119.182 152
54.2081 118.798 153
55.2287 118.489 154
56.1806 118.391 155
57.0952 118.324 156
57.9274 118.08 157
58.6197 117.842 158
59.4296 117.515 159
60.2677 117.288 160
61.2849 117.267 161
62.5451 117.194 162
63.9522 116.789 163
65.1003 116.383 164
66.1622 116.169 165
67.1297 116.049 166
68.0068 115.983 167
68.7936 115.662 168
69.464 115.38 169
70.2387 115.066 170
71.0611 114.916 171
72.0796 114.904 172
73.3044 114.75 173
74.538 114.417 174
75.5328 114.062 175
76.3725 113.865 176
77.1012 113.792 177
77.7226 113.678 178
78.2309 113.455 179
78.7135 113.197 180
79.1714 112.982 181
79.7518 112.876 182
80.4874 112.881 183
81.4261 112.723 184
82.4231 112.436 185
83.0765 112.191 186
83.719 112.069 187
84.202 112.026 188
84.5894 111.933 189
84.8728 111.758 190
85.1174 111.593 191
85.4725 111.38 192
85.8785 111.324 193
86.4557 111.351 194
87.2614 111.154 195
87.96 110.878 196
88.5284 110.731 197
88.9778 110.634 198
89.306 110.596 199
-------------
52 121 147
52.4805 120.749 148
53.0051 120.604 149
53.7654 120.561 150
54.8449 120.457 151
56.0963 120.154 152
57.2436 119.766 153
58.2673 119.459 154
59.2622 119.314 155
60.174 119.241 156
61.0295 118.989 157
61.724 118.751 158
62.5339 118.425 159
63.3704 118.189 160
64.3879 118.163 161
65.6467 118.082 162
67.0547 117.673 163
68.2056 117.264 164
69.2686 117.045 165
70.2356 116.923 166
71.1123 116.855 167
71.897 116.528 168
72.5685 116.243 169
73.3463 115.92 170
74.1681 115.77 171
75.1879 115.756 172
76.3909 115.581 173
77.6333 115.229 174
78.6287 114.87 175
79.4689 114.67 176
80.1961 114.596 177
80.8144 114.479 178
81.3221 114.254 179
81.8053 113.996 180
82.262 113.782 181
82.8414 113.674 182
83.5773 113.678 183
84.513 113.516 184
85.5137 113.221 185
86.1781 112.967 186
86.8216 112.844 187
87.299 112.796 188
87.6862 112.701 189
87.9676 112.525 190
88.2116 112.361 191
88.572 112.149 192
88.9848 112.091 193
89.5587 112.118 194
90.3683 111.921 195
91.066 111.639 196
91.6038 111.478 197
92.0548 111.381 198
92.3891 111.347 199
-------------
58 127 153
58.9737 126.738 154
59.9798 126.606 155
60.888 126.528 156
61.7594 126.279 157
62.4505 126.048 158
63.2115 125.777 159
64.0411 125.537 160
65.026 125.518 161
66.2878 125.418 162
67.7295 125.003 163
68.8196 124.642 164
69.8206 124.457 165
70.7597 124.329 166
71.6193 124.228 167
72.4297 123.97 168
73.073 123.764 169
73.8228 123.487 170
74.6434 123.337 171
75.582 123.319 172
76.8253 123.114 173
78.0953 122.853 174
-------------
58 115 156
58.6015 114.767 157
59.1695 114.556 158
59.972 114.228 159
60.8062 114.018 160
61.8168 114.007 161
63.0528 113.939 162
64.3888 113.537 163
65.4965 113.117 164
66.5386 112.926 165
67.502 112.815 166
68.361 112.764 167
69.1028 112.453 168
69.7472 112.16 169
70.53 111.843 170
71.3562 111.698 171
72.3759 111.696 172
73.5723 111.55 173
74.779 111.192 174
75.6799 110.849 175
76.502 110.662 176
77.2285 110.595 177
77.8336 110.483 178
-------------
64 115 161
65.2475 114.926 162
66.6396 114.522 163
67.7861 114.111 164
68.8474 113.894 165
69.8124 113.774 166
70.6784 113.708 167
71.4583 113.38 168
72.1305 113.091 169
72.9136 112.768 170
73.7392 112.62 171
74.757 112.607 172
75.949 112.439 173
77.188 112.077 174
78.1821 111.716 175
79.0216 111.517 176
79.7481 111.446 177
80.3642 111.331 178
80.8633 111.104 179
81.3497 110.841 180
81.8099 110.625 181
82.3992 110.517 182
83.1352 110.524 183
84.0695 110.364 184
85.066 110.064 185
85.7277 109.807 186
86.3702 109.685 187
86.8505 109.645 188
87.2364 109.552 189
87.5172 109.373 190
87.7633 109.207 191
88.1255 108.995 192
88.5425 108.938 193
89.1174 108.967 194
89.9265 108.771 195
90.6215 108.485 196
91.1207 108.315 197
91.5715 108.22 198
91.9105 108.195 199
-------------
70 121 164
71.0485 120.781 165
72.0095 120.66 166
72.8843 120.59 167
73.6626 120.271 168
74.315 120.001 169
75.0719 119.687 170
75.8925 119.538 171
76.9105 119.527 172
78.1481 119.329 173
79.3891 118.994 174
80.3731 118.649 175
81.2104 118.451 176
81.9359 118.373 177
82.556 118.253 178
83.0636 118.031 179
83.5366 117.806 180
83.9937 117.601 181
84.5639 117.497 182
85.2861 117.49 183
86.2243 117.326 184
87.2328 117.042 185
87.8715 116.81 186
88.5111 116.688 187
88.9635 116.615 188
89.3497 116.519 189
89.6357 116.363 190
89.8711 116.22 191
90.2323 116.011 192
90.6371 115.954 193
91.084 115.975 194
91.8918 115.777 195
92.5761 115.514 196
-------------
76 112 170
76.8168 111.851 171
77.7434 111.844 172
78.8926 111.662 173
80.1209 111.299 174
81.0949 110.943 175
81.93 110.742 176
82.6515 110.668 177
83.2653 110.551 178
83.7726 110.325 179
84.2591 110.062 180
84.7206 109.847 181
85.3139 109.736 182
86.0497 109.742 183
86.9772 109.58 184
87.977 109.277 185
88.6382 109.02 186
89.28 108.898 187
89.7586 108.857 188
90.1442 108.765 189
90.4255 108.583 190
90.6737 108.415 191
91.0412 108.205 192
91.4594 108.148 193
92.0327 108.177 194
92.8408 107.982 195
93.5358 107.692 196
94.0289 107.52 197
94.4795 107.425 198
94.8184 107.402 199
-------------
76 115 170
76.8231 114.85 171
77.8367 114.832 172
79.0198 114.651 173
80.2608 114.292 174
81.254 113.931 175
82.0931 113.731 176
82.8178 113.657 177
83.4351 113.54 178
83.9435 113.316 179
84.4289 113.056 180
84.8878 112.842 181
85.4734 112.734 182
86.2095 112.739 183
87.1397 112.577 184
88.1376 112.276 185
88.7989 112.02 186
89.4415 111.899 187
89.9197 111.855 188
90.3058 111.761 189
90.5846 111.583 190
90.8279 111.421 191
91.1917 111.211 192
91.6071 111.154 193
92.1795 111.182 194
92.9889 110.986 195
93.6846 110.701 196
94.1809 110.535 197
94.6317 110.439 198
94.971 110.413 199
-------------
4 145 103
5.1234 144.655 104
6.30152 144.321 105
7.46388 144.079 106
8.71681 144.004 107
10.223 143.871 108
12.083 143.499 109
13.5529 142.967 110
14.8508 142.531 111
15.994 142.416 112
17.0798 142.31 113
18.097 142.002 114
19.021 141.546 115
20.0021 141.086 116
20.9723 140.929 117
22.104 140.888 118
23.5153 140.736 119
25.0047 140.271 120
26.1709 139.825 121
27.1983 139.539 122
28.1391 139.436 123
28.9471 139.257 124
29.7207 138.877 125
30.2668 138.562 126
30.9893 138.255 127
31.7481 138.077 128
32.7163 138.091 129
33.9305 137.792 130
35.1822 137.405 131
36.0911 137.031 132
36.8999 136.871 133
37.5087 136.785 134
38.0867 136.647 135
38.5652 136.369 136
38.9693 136.132 137
39.5399 135.863 138
40.2047 135.778 139
41.0601 135.73 140
42.2213 135.408 141
43.2962 135.083 142
44.1279 134.774 143
44.8254 134.646 144
45.4504 134.604 145
46.0238 134.412 146
46.4974 134.12 147
46.9514 133.926 148
47.4599 133.779 149
48.1499 133.746 150
49.0898 133.51 151
50.3887 133.211 152
51.7551 133.06 153
52.7774 132.832 154
53.7729 132.713 155
54.5179 132.569 156
55.4205 132.32 157
-------------
4 148 103
5.1015 147.661 104
6.21782 147.34 105
7.37197 147.103 106
8.62398 147.029 107
10.1462 146.896 108
11.9952 146.516 109
13.4556 145.993 110
14.7513 145.559 111
15.8931 145.445 112
16.9786 145.338 113
17.9953 145.031 114
18.9112 144.585 115
19.9205 144.182 116
20.8921 144.025 117
22.0231 143.984 118
23.44 143.824 119
24.9454 143.372 120
26.1073 142.938 121
27.1338 142.656 122
28.069 142.552 123
28.9006 142.343 124
29.6848 141.998 125
30.2237 141.72 126
30.9488 141.423 127
31.7056 141.245 128
32.6475 141.252 129
33.8611 140.951 130
35.1121 140.591 131
35.9416 140.306 132
36.6737 140.153 133
37.21 140.066 134
37.7884 139.927 135
38.2759 139.748 136
38.6511 139.591 137
39.1859 139.337 138
39.7854 139.277 139
40.521 139.228 140
41.6796 138.903 141
42.7726 138.756 142
-------------
4 151 104
5.21969 150.746 105
6.41777 150.521 106
7.6331 150.456 107
9.17059 150.317 108
11.0897 149.959 109
12.5169 149.491 110
13.7273 149.117 111
14.8252 149.006 112
15.8889 148.887 113
16.9468 148.632 114
17.7962 148.285 115
18.8019 147.926 116
19.7745 147.772 117
20.8143 147.764 118
22.2336 147.593 119
23.7431 147.164 120
-------------
4 139 106
5.24981 138.925 107
6.65345 138.809 108
8.40947 138.449 109
9.86486 137.928 110
11.1629 137.492 111
12.2998 137.381 112
13.3796 137.282 113
14.3449 136.968 114
15.2655 136.51 115
16.2531 136.044 116
17.2207 135.89 117
18.3477 135.85 118
19.7427 135.72 119
21.2264 135.256 120
22.3834 134.809 121
23.4092 134.527 122
24.3448 134.423 123
25.1417 134.296 124
25.885 133.899 125
26.4339 133.575 126
27.1506 133.263 127
27.9089 133.088 128
28.8769 133.104 129
30.0889 132.808 130
31.3195 132.409 131
32.2173 132.021 132
33.0254 131.865 133
33.6429 131.789 134
34.2199 131.654 135
34.6971 131.365 136
35.1194 131.102 137
35.6704 130.829 138
36.3371 130.74 139
37.2371 130.711 140
38.3957 130.393 141
39.4462 130.024 142
40.2655 129.689 143
40.9725 129.563 144
41.6196 129.527 145
42.1919 129.334 146
42.6617 129.014 147
43.1411 128.758 148
43.6457 128.606 149
44.3648 128.53 150
45.4163 128.422 151
46.7135 128.124 152
47.9515 127.785 153
49.0023 127.494 154
50.0248 127.357 155
50.9096 127.272 156
51.7939 127.023 157
52.4841 126.789 158
-------------
4 145 106
5.25298 144.925 107
6.75641 144.796 108
8.63594 144.425 109
10.1074 143.891 110
11.4071 143.455 111
12.5492 143.341 112
13.6347 143.235 113
14.6568 142.929 114
15.5805 142.474 115
16.5684 142.011 116
17.5373 141.854 117
18.6677 141.812 118
20.0802 141.659 119
21.581 141.203 120
22.7505 140.758 121
23.7827 140.475 122
24.7213 140.37 123
25.5484 140.184 124
26.3376 139.815 125
26.8876 139.496 126
27.6042 139.185 127
28.3601 139.005 128
29.3253 139.014 129
30.5375 138.713 130
31.7911 138.334 131
32.7326 137.967 132
33.5426 137.806 133
34.1513 137.721 134
34.7316 137.582 135
35.2144 137.313 136
35.6324 137.07 137
36.1883 136.8 138
36.8078 136.702 139
37.626 136.638 140
38.7831 136.315 141
39.9009 136.017 142
40.8547 135.762 143
41.555 135.633 144
42.1761 135.579 145
42.7474 135.387 146
43.1794 135.097 147
-------------
4 151 107
5.53747 150.86 108
7.45661 150.503 109
8.94043 150.009 110
10.2401 149.575 111
11.3776 149.452 112
12.4558 149.342 113
13.5431 149.058 114
14.4054 148.675 115
15.3606 148.272 116
16.325 148.114 117
17.3648 148.09 118
18.7579 147.924 119
20.2795 147.51 120
21.6326 147.332 121
22.6616 147.055 122
23.5939 146.951 123
24.4259 146.736 124
25.203 146.457 125
25.7112 146.178 126
26.2647 145.912 127
26.7802 145.785 128
27.4406 145.741 129
-------------
4 148 109
5.48129 147.468 110
6.78413 147.033 111
7.9237 146.913 112
9.00581 146.805 113
10.0871 146.518 114
11.0068 146.073 115
11.9795 145.615 116
12.943 145.456 117
14.0668 145.411 118
15.4543 145.262 119
16.9628 144.822 120
18.2508 144.489 121
19.2847 144.209 122
20.2209 144.101 123
21.0366 143.892 124
21.8196 143.544 125
22.3505 143.239 126
-------------
13 139 110
14.2952 138.564 111
15.4362 138.45 112
16.5159 138.344 113
17.5118 138.037 114
18.4369 137.579 115
19.4255 137.115 116
20.3947 136.959 117
21.524 136.916 118
22.9286 136.769 119
24.4175 136.303 120
25.5838 135.855 121
26.6096 135.567 122
27.5498 135.464 123
28.3398 135.313 124
29.109 134.92 125
29.6576 134.595 126
30.3749 134.283 127
31.1343 134.106 128
32.1034 134.121 129
33.316 133.824 130
34.5512 133.417 131
35.448 133.019 132
36.2563 132.861 133
36.8742 132.783 134
37.4506 132.647 135
37.9278 132.358 136
38.3477 132.096 137
38.9198 131.823 138
39.5908 131.736 139
40.4911 131.704 140
41.6521 131.384 141
42.7159 131.007 142
43.5407 130.649 143
44.2471 130.522 144
44.8954 130.485 145
45.4676 130.293 146
45.9384 129.971 147
46.4248 129.715 148
46.9385 129.566 149
47.685 129.507 150
48.7542 129.38 151
50.0537 129.079 152
51.3128 128.739 153
52.3633 128.448 154
53.3863 128.311 155
54.2913 128.211 156
55.1889 127.955 157
55.8847 127.72 158
56.616 127.414 159
57.4405 127.168 160
58.4076 127.132 161
59.6239 127.018 162
61.0662 126.601 163
62.3863 126.344 164
63.4486 126.133 165
64.4084 126.003 166
65.2687 125.883 167
66.1547 125.57 168
66.7117 125.334 169
67.3568 125.056 170
-------------
4 151 112
4.99731 150.909 113
5.74572 150.777 114
6.52687 150.422 115
7.32114 150.064 116
8.09325 150.007 117
8.7243 149.966 118
9.4746 149.91 119
-------------
10 139 113
11.0014 138.711 114
11.9167 138.261 115
12.9019 137.797 116
13.8666 137.643 117
14.9939 137.602 118
16.3953 137.475 119
17.7324 137.05 120
18.8743 136.618 121
19.9042 136.35 122
20.8036 136.245 123
21.6103 136.104 124
22.3456 135.74 125
22.8925 135.421 126
23.5358 135.122 127
-------------
10 142 113
11.0427 141.712 114
11.9673 141.258 115
12.9493 140.792 116
13.915 140.636 117
15.0435 140.594 118
16.4542 140.458 119
17.9271 140.007 120
19.1092 139.576 121
20.1455 139.298 122
21.0819 139.195 123
21.8997 139.03 124
22.6906 138.668 125
23.2414 138.349 126
23.8918 138.04 127
24.6197 137.866 128
25.5837 137.877 129
26.7931 137.575 130
28.0436 137.206 131
29.0061 136.867 132
29.8146 136.707 133
30.4207 136.628 134
-------------
13 145 114
13.923 144.547 115
14.9065 144.088 116
15.874 143.93 117
17.0029 143.888 118
18.4173 143.729 119
19.9252 143.279 120
21.1294 142.842 121
22.1642 142.561 122
23.1026 142.454 123
23.936 142.245 124
24.7331 141.882 125
25.2838 141.567 126
25.9707 141.258 127
26.7076 141.077 128
27.6472 141.067 129
28.8567 140.764 130
30.115 140.41 131
31.1075 140.099 132
31.9161 139.938 133
32.5125 139.854 134
33.0925 139.714 135
33.5478 139.466 136
33.9483 139.244 137
34.4101 139.003 138
-------------
16 139 116
16.9676 138.844 117
18.0968 138.803 118
19.5047 138.663 119
20.9951 138.199 120
22.1617 137.753 121
23.1931 137.472 122
24.1301 137.368 123
24.9433 137.216 124
25.7174 136.833 125
26.2668 136.511 126
26.9829 136.199 127
27.7402 136.021 128
28.7085 136.036 129
29.9207 135.737 130
31.1666 135.351 131
32.0949 134.977 132
32.9054 134.819 133
33.5219 134.741 134
34.1016 134.603 135
34.5809 134.318 136
35.0025 134.06 137
35.5498 133.782 138
36.2102 133.686 139
37.1002 133.641 140
38.2603 133.32 141
39.3446 132.969 142
40.2532 132.647 143
40.958 132.518 144
41.6016 132.474 145
42.1745 132.281 146
42.6448 131.964 147
43.1052 131.727 148
43.6035 131.575 149
44.3035 131.501 150
45.2677 131.351 151
46.5542 131.053 152
47.8755 130.791 153
48.9194 130.507 154
49.9166 130.373 155
-------------
22 133 119
23.3805 132.538 120
24.5357 132.09 121
25.5404 131.808 122
26.4749 131.701 123
27.2554 131.583 124
27.9696 131.169 125
28.5181 130.843 126
29.2369 130.531 127
29.9978 130.358 128
30.9651 130.374 129
32.1759 130.081 130
33.3625 129.659 131
34.2534 129.26 132
35.0531 129.104 133
35.6711 129.028 134
36.2445 128.893 135
36.718 128.602 136
37.1413 128.337 137
37.7203 128.069 138
38.3917 127.984 139
39.2936 127.956 140
40.4525 127.64 141
41.502 127.257 142
42.3174 126.897 143
43.0252 126.772 144
43.6734 126.74 145
44.2444 126.549 146
44.7127 126.225 147
45.203 125.963 148
45.7192 125.814 149
46.4699 125.762 150
47.5558 125.664 151
48.8535 125.366 152
50.0166 124.991 153
51.0659 124.701 154
52.0882 124.566 155
53.0073 124.495 156
53.8881 124.248 157
54.5824 124.013 158
55.3139 123.686 159
56.1241 123.441 160
57.1356 123.411 161
58.3863 123.327 162
59.826 122.912 163
61.0068 122.524 164
62.0703 122.31 165
63.0373 122.189 166
63.9157 122.119 167
64.7749 121.804 168
65.4417 121.533 169
-------------
25 136 119
26.4833 135.533 120
27.6494 135.085 121
28.6677 134.796 122
29.6076 134.692 123
30.3943 134.539 124
31.1617 134.146 125
31.7106 133.822 126
32.4282 133.51 127
33.1883 133.334 128
34.158 133.348 129
35.3707 133.05 130
36.6064 132.641 131
37.4993 132.243 132
38.3062 132.084 133
38.924 132.006 134
39.4994 131.87 135
39.9758 131.581 136
40.3923 131.32 137
40.9668 131.048 138
41.6416 130.964 139
42.5428 130.933 140
43.7041 130.613 141
44.758 130.227 142
45.5823 129.869 143
46.2887 129.743 144
46.9371 129.708 145
47.509 129.516 146
47.9796 129.194 147
48.4698 128.937 148
48.9845 128.79 149
49.738 128.739 150
50.8084 128.621 151
52.108 128.319 152
53.2803 127.949 153
54.3227 127.654 154
55.3447 127.517 155
56.2446 127.421 156
57.1362 127.165 157
57.8327 126.93 158
58.5903 126.618 159
59.4184 126.375 160
60.4265 126.344 161
61.6825 126.252 162
63.1248 125.835 163
64.368 125.512 164
65.4321 125.3 165
66.3953 125.172 166
67.2676 125.059 167
68.1587 124.748 168
68.8152 124.487 169
69.5378 124.194 170
70.3382 124.033 171
71.2807 123.999 172
72.491 123.779 173
73.8092 123.533 174
75.245 123.513 175
76.0834 123.32 176
76.7697 123.2 177
77.3913 123.075 178
77.8797 122.874 179
78.2666 122.713 180
78.6465 122.512 181
78.9786 122.41 182
79.5178 122.359 183
-------------
28 139 120
29.156 138.564 121
30.0778 138.298 122
31.0182 138.197 123
31.8096 138.028 124
32.553 137.661 125
33.0583 137.371 126
33.7716 137.064 127
34.5306 136.888 128
35.4976 136.905 129
36.7109 136.606 130
37.946 136.209 131
38.8164 135.843 132
39.6199 135.686 133
40.2333 135.604 134
40.8098 135.468 135
41.283 135.189 136
41.6773 134.969 137
42.2511 134.703 138
42.924 134.62 139
43.7874 134.577 140
44.95 134.256 141
46.0107 133.901 142
46.7688 133.589 143
47.4186 133.475 144
48.0648 133.438 145
48.6373 133.246 146
49.1157 132.981 147
49.5711 132.818 148
50.083 132.678 149
50.7846 132.654 150
51.7777 132.418 151
53.0776 132.116 152
54.2129 131.923 153
-------------
28 130 122
28.8915 129.891 123
29.5948 129.782 124
30.2613 129.4 125
30.8013 129.081 126
31.5193 128.771 127
32.2767 128.601 128
33.2386 128.613 129
34.446 128.318 130
35.6012 127.882 131
36.4885 127.481 132
37.2662 127.323 133
37.8834 127.245 134
38.4507 127.11 135
38.9214 126.814 136
39.3466 126.548 137
39.931 126.278 138
40.6041 126.194 139
41.5076 126.164 140
42.6645 125.848 141
43.7134 125.454 142
44.5333 125.09 143
45.2402 124.964 144
45.8867 124.934 145
46.4567 124.743 146
46.9238 124.416 147
47.4178 124.153 148
47.939 124.007 149
48.6974 123.962 150
49.7843 123.864 151
51.0727 123.567 152
52.23 123.186 153
53.2694 122.89 154
54.2892 122.756 155
55.2081 122.686 156
56.0866 122.437 157
56.7809 122.2 158
57.5674 121.874 159
58.3966 121.635 160
59.4104 121.607 161
60.6703 121.524 162
62.1078 121.112 163
63.2678 120.713 164
64.3315 120.499 165
65.2997 120.378 166
66.18 120.311 167
67.0114 119.998 168
67.6803 119.723 169
68.428 119.408 170
69.2072 119.24 171
70.2201 119.221 172
71.4663 119.049 173
72.745 118.758 174
73.8331 118.43 175
74.6739 118.233 176
75.403 118.153 177
76.0286 118.037 178
76.5383 117.815 179
77.0211 117.57 180
77.4756 117.357 181
78.0185 117.243 182
78.7029 117.207 183
79.6429 117.045 184
80.6532 116.769 185
81.4494 116.592 186
82.0752 116.473 187
82.5393 116.396 188
82.9285 116.299 189
83.2154 116.127 190
-------------
34 133 126
34.7158 132.691 127
35.473 132.515 128
36.4397 132.53 129
37.6518 132.233 130
38.8789 131.825 131
39.7488 131.436 132
40.5523 131.279 133
41.1689 131.2 134
41.7437 131.066 135
42.2203 130.778 136
42.6386 130.52 137
43.2145 130.251 138
43.8899 130.167 139
44.7914 130.135 140
45.9527 129.817 141
46.999 129.425 142
47.8221 129.066 143
48.5285 128.941 144
49.1749 128.908 145
49.7465 128.716 146
50.2137 128.395 147
50.7056 128.138 148
51.2241 127.994 149
51.9834 127.949 150
53.0646 127.846 151
54.3636 127.544 152
55.528 127.176 153
56.5599 126.886 154
57.5817 126.751 155
58.4975 126.672 156
59.3829 126.416 157
60.0789 126.181 158
60.8492 125.875 159
61.6788 125.633 160
62.6883 125.607 161
63.9475 125.514 162
65.3899 125.098 163
66.538 124.718 164
67.5897 124.506 165
68.504 124.372 166
69.3688 124.266 167
70.2391 123.969 168
70.9048 123.71 169
71.6484 123.423 170
72.4657 123.271 171
73.4628 123.249 172
74.7027 123.045 173
75.9892 122.789 174
-------------
40 127 134
40.5653 126.865 135
41.0374 126.576 136
41.4625 126.312 137
42.0477 126.042 138
42.7214 125.956 139
43.6237 125.924 140
44.7801 125.607 141
45.8295 125.213 142
46.6531 124.85 143
47.3602 124.723 144
48.0062 124.691 145
48.5772 124.499 146
49.0454 124.171 147
49.5413 123.908 148
50.0652 123.762 149
50.8257 123.718 150
51.9129 123.618 151
53.1953 123.319 152
54.3517 122.936 153
55.3871 122.636 154
56.4073 122.501 155
57.3257 122.43 156
58.1957 122.18 157
58.8902 121.942 158
59.6838 121.618 159
60.5138 121.378 160
61.5298 121.352 161
62.789 121.269 162
64.2126 120.858 163
65.366 120.454 164
66.429 120.239 165
67.396 120.117 166
68.2751 120.049 167
69.0928 119.73 168
69.7615 119.454 169
70.5176 119.137 170
71.3361 118.985 171
72.3509 118.967 172
73.5931 118.785 173
74.866 118.478 174
75.8766 118.128 175
76.7174 117.93 176
77.4456 117.849 177
78.0707 117.731 178
78.5806 117.508 179
79.0638 117.261 180
79.5196 117.048 181
80.0919 116.938 182
80.804 116.912 183
81.7441 116.749 184
82.7539 116.469 185
83.514 116.246 186
84.1575 116.123 187
84.6289 116.048 188
85.0181 115.951 189
85.3055 115.778 190
85.5491 115.619 191
85.8981 115.407 192
86.288 115.347 193
86.841 115.355 194
87.6239 115.156 195
88.3239 114.889 196
88.9277 114.763 197
89.3746 114.662 198
89.6729 114.614 199
-------------
46 127 140
47.1486 126.687 141
48.198 126.294 142
49.0227 125.934 143
49.7288 125.808 144
50.3728 125.775 145
50.9441 125.584 146
51.411 125.259 147
51.906 124.998 148
52.4296 124.853 149
53.1907 124.808 150
54.2776 124.708 151
55.5591 124.408 152
56.7156 124.025 153
57.7403 123.724 154
58.762 123.59 155
59.6798 123.518 156
60.5496 123.266 157
61.2439 123.029 158
62.0372 122.71 159
62.8667 122.47 160
63.8833 122.445 161
65.1425 122.361 162
66.5594 121.946 163
67.7094 121.541 164
68.771 121.326 165
69.7368 121.204 166
70.6141 121.134 167
71.4042 120.81 168
72.0703 120.535 169
72.8271 120.223 170
73.6472 120.073 171
74.6661 120.059 172
75.9069 119.86 173
77.1807 119.556 174
78.1819 119.211 175
79.0218 119.012 176
79.7463 118.926 177
80.3674 118.805 178
80.8768 118.583 179
81.3545 118.354 180
81.8094 118.143 181
82.3792 118.035 182
83.0657 118.007 183
84.004 117.843 184
85.01 117.566 185
85.6891 117.392 186
86.33 117.27 187
86.7931 117.195 188
87.1808 117.098 189
87.4686 116.929 190
87.712 116.775 191
88.066 116.564 192
88.441 116.512 193
88.8955 116.521 194
89.6669 116.316 195
90.3614 116.054 196
90.9643 115.934 197
91.4092 115.835 198
91.6924 115.791 199
-------------
46 121 142
46.6807 120.667 143
47.3348 120.54 144
47.9608 120.517 145
48.5097 120.328 146
48.9449 120.013 147
49.441 119.749 148
49.9667 119.605 149
50.7297 119.569 150
51.8151 119.482 151
53.0726 119.182 152
54.2081 118.798 153
55.2287 118.489 154
56.1806 118.391 155
57.0952 118.324 156
57.9274 118.08 157
58.6197 117.842 158
59.4296 117.515 159
60.2677 117.288 160
61.2849 117.267 161
62.5451 117.194 162
63.9522 116.789 163
65.1003 116.383 164
66.1622 116.169 165
67.1297 116.049 166
68.0068 115.983 167
68.7936 115.662 168
69.464 115.38 169
70.2387 115.066 170
71.0611 114.916 171
72.0796 114.904 172
73.3044 114.75 173
74.538 114.417 174
75.5328 114.062 175
76.3725 113.865 176
77.1012 113.792 177
77.7226 113.678 178
78.2309 113.455 179
78.7135 113.197 180
79.1714 112.982 181
79.7518 112.876 182
80.4874 112.881 183
81.4261 112.723 184
82.4231 112.436 185
83.0765 112.191 186
83.719 112.069 187
84.202 112.026 188
84.5894 111.933 189
84.8728 111.758 190
85.1174 111.593 191
85.4725 111.38 192
85.8785 111.324 193
86.4557 111.351 194
87.2614 111.154 195
87.96 110.878 196
88.5284 110.731 197
88.9778 110.634 198
89.306 110.596 199
-------------
52 121 147
52.4805 120.749 148
53.0051 120.604 149
53.7654 120.561 150
54.8449 120.457 151
56.0963 120.154 152
57.2436 119.766 153
58.2673 119.459 154
59.2622 119.314 155
60.174 119.241 156
61.0295 118.989 157
61.724 118.751 158
62.5339 118.425 159
63.3704 118.189 160
64.3879 118.163 161
65.6467 118.082 162
67.0547 117.673 163
68.2056 117.264 164
69.2686 117.045 165
70.2356 116.923 166
71.1123 116.855 167
71.897 116.528 168
72.5685 116.243 169
73.3463 115.92 170
74.1681 115.77 171
75.1879 115.756 172
76.3909 115.581 173
77.6333 115.229 174
78.6287 114.87 175
79.4689 114.67 176
80.1961 114.596 177
80.8144 114.479 178
81.3221 114.254 179
81.8053 113.996 180
82.262 113.782 181
82.8414 113.674 182
83.5773 113.678 183
84.513 113.516 184
85.5137 113.221 185
86.1781 112.967 186
86.8216 112.844 187
87.299 112.796 188
87.6862 112.701 189
87.9676 112.525 190
88.2116 112.361 191
88.572 112.149 192
88.9848 112.091 193
89.5587 112.118 194
90.3683 111.921 195
91.066 111.639 196
91.6038 111.478 197
92.0548 111.381 198
92.3891 111.347 199
-------------
58 127 153
58.9737 126.738 154
59.9798 126.606 155
60.888 126.528 156
61.7594 126.279 157
62.4505 126.048 158
63.2115 125.777 159
64.0411 125.537 160
65.026 125.518 161
66.2878 125.418 162
67.7295 125.003 163
68.8196 124.642 164
69.8206 124.457 165
70.7597 124.329 166
71.6193 124.228 167
72.4297 123.97 168
73.073 123.764 169
73.8228 123.487 170
74.6434 123.337 171
75.582 123.319 172
76.8253 123.114 173
78.0953 122.853 174
-------------
58 115 156
58.6015 114.767 157
59.1695 114.556 158
59.972 114.228 159
60.8062 114.018 160
61.8168 114.007 161
63.0528 113.939 162
64.3888 113.537 163
65.4965 113.117 164
66.5386 112.926 165
67.502 112.815 166
68.361 112.764 167
69.1028 112.453 168
69.7472 112.16 169
70.53 111.843 170
71.3562 111.698 171
72.3759 111.696 172
73.5723 111.55 173
74.779 111.192 174
75.6799 110.849 175
76.502 110.662 176
77.2285 110.595 177
77.8336 110.483 178
-------------
64 115 161
65.2475 114.926 162
66.6396 114.522 163
67.7861 114.111 164
68.8474 113.894 165
69.8124 113.774 166
70.6784 113.708 167
71.4583 113.38 168
72.1305 113.091 169
72.9136 112.768 170
73.7392 112.62 171
74.757 112.607 172
75.949 112.439 173
77.188 112.077 174
78.1821 111.716 175
79.0216 111.517 176
79.7481 111.446 177
80.3642 111.331 178
80.8633 111.104 179
81.3497 110.841 180
81.8099 110.625 181
82.3992 110.517 182
83.1352 110.524 183
84.0695 110.364 184
85.066 110.064 185
85.7277 109.807 186
86.3702 109.685 187
86.8505 109.645 188
87.2364 109.552 189
87.5172 109.373 190
87.7633 109.207 191
88.1255 108.995 192
88.5425 108.938 193
89.1174 108.967 194
89.9265 108.771 195
90.6215 108.485 196
91.1207 108.315 197
91.5715 108.22 198
91.9105 108.195 199
-------------
70 121 164
71.0485 120.781 165
72.0095 120.66 166
72.8843 120.59 167
73.6626 120.271 168
74.315 120.001 169
75.0719 119.687 170
75.8925 119.538 171
76.9105 119.527 172
78.1481 119.329 173
79.3891 118.994 174
80.3731 118.649 175
81.2104 118.451 176
81.9359 118.373 177
82.556 118.253 178
83.0636 118.031 179
83.5366 117.806 180
83.9937 117.601 181
84.5639 117.497 182
85.2861 117.49 183
86.2243 117.326 184
87.2328 117.042 185
87.8715 116.81 186
88.5111 116.688 187
88.9635 116.615 188
89.3497 116.519 189
89.6357 116.363 190
89.8711 116.22 191
90.2323 116.011 192
90.6371 115.954 193
91.084 115.975 194
91.8918 115.777 195
92.5761 115.514 196
-------------
76 112 170
76.8168 111.851 171
77.7434 111.844 172
78.8926 111.662 173
80.1209 111.299 174
81.0949 110.943 175
81.93 110.742 176
82.6515 110.668 177
83.2653 110.551 178
83.7726 110.325 179
84.2591 110.062 180
84.7206 109.847 181
85.3139 109.736 182
86.0497 109.742 183
86.9772 109.58 184
87.977 109.277 185
88.6382 109.02 186
89.28 108.898 187
89.7586 108.857 188
90.1442 108.765 189
90.4255 108.583 190
90.6737 108.415 191
91.0412 108.205 192
91.4594 108.148 193
92.0327 108.177 194
92.8408 107.982 195
93.5358 107.692 196
94.0289 107.52 197
94.4795 107.425 198
94.8184 107.402 199
-------------
76 115 170
76.8231 114.85 171
77.8367 114.832 172
79.0198 114.651 173
80.2608 114.292 174
81.254 113.931 175
82.0931 113.731 176
82.8178 113.657 177
83.4351 113.54 178
83.9435 113.316 179
84.4289 113.056 180
84.8878 112.842 181
85.4734 112.734 182
86.2095 112.739 183
87.1397 112.577 184
88.1376 112.276 185
88.7989 112.02 186
89.4415 111.899 187
89.9197 111.855 188
90.3058 111.761 189
90.5846 111.583 190
90.8279 111.421 191
91.1917 111.211 192
91.6071 111.154 193
92.1795 111.182 194
92.9889 110.986 195
93.6846 110.701 196
94.1809 110.535 197
94.6317 110.439 198
94.971 110.413 199
-------------
