136 109 130
135.65 109.199 131
135.574 109.202 132
135.492 109.231 133
135.377 109.44 134
135.256 109.64 135
135.139 109.821 136
135.122 109.842 137
135.049 109.881 138
134.906 110.139 139
134.631 110.715 140
134.329 111.004 141
134.254 111.018 142
134.266 111.033 143
134.269 111.152 144
134.275 111.738 145
134.305 112.129 146
134.299 112.148 147
134.273 112.178 148
134.151 112.571 149
133.979 113.236 150
133.841 113.652 151
133.76 113.803 152
133.774 113.803 153
133.801 114.107 154
133.843 114.83 155
133.888 115.265 156
133.899 115.412 157
133.882 115.41 158
133.779 115.66 159
133.641 116.372 160
133.48 116.969 161
133.359 117.341 162
133.392 117.346 163
133.48 117.451 164
133.658 117.987 165
133.953 118.653 166
134.253 119.042 167
134.32 119.058 168
134.383 119.143 169
134.567 119.805 170
134.754 120.696 171
135 121.269 172
135.191 121.36 173
135.523 121.41 174
-------------
136 106 135
135.942 106.286 136
135.926 106.304 137
135.836 106.358 138
135.661 106.746 139
135.398 107.371 140
135.109 107.663 141
135.076 107.67 142
135.086 107.688 143
135.091 107.83 144
135.098 108.424 145
135.129 108.811 146
135.121 108.826 147
135.093 108.856 148
134.96 109.253 149
134.781 109.918 150
134.626 110.337 151
134.555 110.484 152
134.571 110.485 153
134.598 110.794 154
134.637 111.516 155
134.689 111.947 156
134.699 112.089 157
134.682 112.087 158
134.578 112.337 159
134.433 113.038 160
134.249 113.609 161
134.12 113.96 162
134.154 113.963 163
134.248 114.057 164
134.419 114.586 165
134.693 115.21 166
134.987 115.563 167
135.051 115.579 168
135.115 115.659 169
135.297 116.301 170
-------------
139 109 135
138.981 109.28 136
138.969 109.298 137
138.883 109.348 138
138.712 109.728 139
138.456 110.354 140
138.166 110.65 141
138.077 110.662 142
138.076 110.682 143
138.078 110.825 144
138.085 111.419 145
138.117 111.811 146
138.118 111.834 147
138.091 111.864 148
137.969 112.26 149
137.794 112.925 150
137.66 113.349 151
137.591 113.498 152
137.602 113.499 153
137.627 113.804 154
137.668 114.529 155
137.721 114.961 156
137.735 115.109 157
137.718 115.107 158
137.617 115.357 159
137.483 116.07 160
137.339 116.676 161
137.22 117.049 162
137.252 117.052 163
137.343 117.159 164
137.526 117.7 165
137.833 118.367 166
138.152 118.746 167
138.227 118.773 168
138.295 118.86 169
138.481 119.521 170
138.669 120.416 171
138.919 120.982 172
139.112 121.075 173
139.446 121.127 174
139.857 121.742 175
140.332 122.462 176
-------------
136 115 149
135.829 115.666 150
135.697 116.091 151
135.598 116.25 152
135.605 116.245 153
135.625 116.55 154
135.665 117.276 155
135.71 117.712 156
135.733 117.871 157
135.717 117.87 158
135.616 118.12 159
135.483 118.835 160
135.351 119.444 161
135.23 119.818 162
135.26 119.822 163
135.347 119.93 164
135.532 120.472 165
135.835 121.144 166
136.152 121.548 167
136.226 121.577 168
136.292 121.664 169
136.477 122.326 170
136.667 123.227 171
136.938 123.829 172
137.13 123.923 173
137.464 123.972 174
137.878 124.59 175
138.37 125.35 176
138.899 125.87 177
139.151 125.964 178
139.269 126.048 179
139.427 126.49 180
139.599 126.955 181
139.805 127.551 182
140.089 127.672 183
140.432 127.7 184
140.925 128.237 185
-------------
139 115 149
138.842 115.659 150
138.713 116.083 151
138.623 116.239 152
138.627 116.239 153
138.642 116.541 154
138.677 117.26 155
138.719 117.688 156
138.741 117.844 157
138.726 117.843 158
138.625 118.088 159
138.492 118.801 160
138.362 119.411 161
138.244 119.784 162
138.271 119.788 163
138.358 119.896 164
138.542 120.436 165
138.848 121.103 166
139.175 121.501 167
139.252 121.529 168
139.32 121.616 169
139.508 122.276 170
139.701 123.178 171
139.991 123.803 172
140.183 123.899 173
140.516 123.951 174
140.935 124.572 175
141.432 125.335 176
141.971 125.857 177
142.228 125.959 178
142.354 126.051 179
142.528 126.512 180
142.724 127.026 181
142.95 127.626 182
143.254 127.775 183
143.603 127.802 184
144.134 128.373 185
144.673 129.083 186
-------------
133 121 159
132.872 121.705 160
132.747 122.308 161
132.621 122.686 162
132.641 122.69 163
132.724 122.797 164
132.929 123.328 165
133.232 124.003 166
133.531 124.409 167
133.606 124.437 168
133.667 124.522 169
133.853 125.181 170
134.045 126.081 171
134.356 126.689 172
134.538 126.781 173
134.87 126.829 174
135.332 127.381 175
135.813 128.116 176
136.314 128.671 177
136.542 128.767 178
136.645 128.839 179
136.794 129.276 180
137.023 129.78 181
137.291 130.391 182
137.563 130.502 183
137.903 130.53 184
-------------
136 121 159
135.87 121.715 160
135.743 122.326 161
135.617 122.707 162
135.636 122.707 163
135.716 122.819 164
135.901 123.361 165
136.204 124.035 166
136.54 124.46 167
136.618 124.49 168
136.684 124.577 169
136.871 125.237 170
137.067 126.142 171
137.37 126.778 172
137.557 126.875 173
137.887 126.924 174
138.307 127.544 175
138.805 128.308 176
139.332 128.872 177
139.578 128.977 178
139.701 129.07 179
139.877 129.544 180
140.127 130.125 181
140.38 130.769 182
140.692 130.923 183
141.04 130.95 184
141.583 131.532 185
142.238 132.311 186
142.96 132.903 187
143.408 133.061 188
-------------
139 121 160
138.872 121.609 161
138.75 121.985 162
138.772 121.991 163
138.855 122.097 164
139.034 122.63 165
139.337 123.291 166
139.672 123.692 167
139.751 123.72 168
139.818 123.806 169
140.005 124.461 170
140.201 125.364 171
140.5 126.003 172
140.69 126.101 173
141.017 126.155 174
141.437 126.775 175
141.934 127.539 176
142.472 128.099 177
142.728 128.207 178
142.856 128.302 179
143.049 128.777 180
143.301 129.348 181
143.554 129.978 182
143.865 130.133 183
144.214 130.16 184
144.757 130.742 185
145.412 131.521 186
146.179 132.121 187
146.64 132.273 188
146.977 132.335 189
-------------
133 124 160
132.876 124.541 161
132.73 124.906 162
132.742 124.913 163
132.808 125.008 164
133.01 125.524 165
133.31 126.196 166
133.638 126.623 167
133.74 126.664 168
133.804 126.747 169
133.993 127.405 170
134.191 128.31 171
134.508 128.921 172
134.671 129.025 173
135.002 129.071 174
135.493 129.603 175
135.99 130.315 176
136.498 130.879 177
136.726 130.976 178
136.823 131.051 179
136.97 131.477 180
137.221 132.012 181
137.532 132.645 182
137.844 132.8 183
138.188 132.827 184
138.715 133.367 185
139.364 134.133 186
-------------
136 124 160
135.88 124.607 161
135.746 124.985 162
135.758 124.988 163
135.832 125.098 164
136.018 125.634 165
136.32 126.31 166
136.675 126.751 167
136.781 126.796 168
136.848 126.882 169
137.036 127.541 170
137.235 128.45 171
137.543 129.095 172
137.719 129.199 173
138.046 129.248 174
138.468 129.867 175
138.968 130.63 176
139.495 131.201 177
139.743 131.308 178
139.865 131.403 179
140.056 131.884 180
140.342 132.467 181
140.636 133.126 182
140.948 133.284 183
141.296 133.311 184
141.839 133.891 185
142.496 134.67 186
143.243 135.298 187
143.694 135.467 188
144.025 135.54 189
144.492 136.23 190
-------------
139 124 160
138.887 124.601 161
138.764 124.971 162
138.776 124.977 163
138.834 125.054 164
139.002 125.548 165
139.296 126.182 166
139.664 126.608 167
139.765 126.647 168
139.829 126.726 169
140.012 127.376 170
140.212 128.282 171
140.517 128.93 172
140.694 129.039 173
141.015 129.092 174
141.434 129.711 175
141.933 130.474 176
142.468 131.037 177
142.725 131.146 178
142.852 131.241 179
143.058 131.722 180
143.353 132.303 181
143.665 132.962 182
143.971 133.131 183
144.319 133.159 184
144.862 133.74 185
145.519 134.52 186
146.308 135.155 187
146.779 135.324 188
147.122 135.393 189
147.591 136.083 190
148.063 137.08 191
148.213 137.61 192
-------------
136 127 160
135.947 127.482 161
135.802 127.836 162
135.81 127.847 163
135.841 127.895 164
136.022 128.339 165
136.313 128.986 166
136.708 129.412 167
136.842 129.469 168
136.913 129.548 169
-------------
136 130 170
136.2 130.907 171
136.51 131.555 172
136.598 131.672 173
136.918 131.716 174
137.38 132.278 175
137.882 133.034 176
138.415 133.614 177
138.652 133.711 178
138.774 133.811 179
138.976 134.301 180
139.277 134.884 181
139.624 135.535 182
139.931 135.713 183
140.277 135.74 184
140.836 136.299 185
141.502 137.068 186
142.24 137.709 187
142.676 137.888 188
142.969 137.944 189
-------------
139 130 170
139.214 130.908 171
139.525 131.561 172
139.698 131.674 173
140.016 131.724 174
140.437 132.34 175
140.936 133.103 176
141.473 133.678 177
141.73 133.788 178
141.858 133.888 179
142.066 134.377 180
142.368 134.961 181
142.71 135.616 182
142.995 135.82 183
143.34 135.847 184
143.882 136.425 185
144.541 137.205 186
145.323 137.863 187
145.784 138.045 188
146.123 138.113 189
146.592 138.805 190
147.103 139.814 191
-------------
136 142 170
136.443 142.206 171
136.824 142.369 172
137.01 142.46 173
137.252 142.485 174
137.373 142.589 175
137.516 142.652 176
137.986 142.93 177
138.259 143.008 178
138.492 143.058 179
138.806 143.254 180
139.214 143.526 181
-------------
136 133 171
136.316 133.628 172
136.381 133.736 173
136.691 133.771 174
137.137 134.297 175
137.631 135.016 176
138.186 135.591 177
138.446 135.683 178
138.569 135.776 179
138.772 136.261 180
139.079 136.846 181
139.431 137.497 182
139.73 137.686 183
140.073 137.71 184
140.661 138.236 185
141.345 138.984 186
142.072 139.627 187
142.505 139.814 188
-------------
139 133 171
139.326 133.65 172
139.431 133.766 173
139.735 133.806 174
140.135 134.358 175
140.636 135.117 176
141.185 135.693 177
141.446 135.801 178
141.58 135.905 179
141.793 136.392 180
142.1 136.977 181
142.45 137.631 182
142.721 137.857 183
143.065 137.884 184
143.607 138.46 185
144.267 139.24 186
145.044 139.915 187
145.501 140.107 188
145.832 140.176 189
146.302 140.867 190
146.842 141.867 191
-------------
139 142 172
139.192 142.103 173
139.437 142.127 174
139.57 142.236 175
139.766 142.311 176
140.252 142.633 177
140.515 142.714 178
140.721 142.771 179
141.036 142.968 180
141.468 143.21 181
141.818 143.802 182
142.088 144.029 183
142.416 144.057 184
142.964 144.446 185
-------------
139 145 172
139.121 145.017 173
139.362 145.041 174
139.474 145.132 175
139.605 145.172 176
139.95 145.288 177
140.209 145.361 178
140.407 145.414 179
140.72 145.608 180
141.186 145.792 181
141.488 146.221 182
141.783 146.425 183
142.106 146.455 184
142.567 146.754 185
-------------
145 151 174
145.034 151.036 175
145.079 151.045 176
145.118 151.084 177
145.244 151.102 178
145.268 151.126 179
145.3 151.196 180
145.491 151.291 181
145.746 151.429 182
146.231 151.689 183
146.625 151.772 184
147.076 152.063 185
147.527 152.245 186
-------------
136 139 176
136.555 139.475 177
136.828 139.565 178
137.042 139.617 179
137.344 139.823 180
137.662 140.162 181
138.01 140.787 182
138.26 140.974 183
138.589 140.995 184
139.198 141.407 185
-------------
145 133 177
145.258 133.108 178
145.385 133.203 179
145.599 133.669 180
145.914 134.218 181
146.241 134.866 182
146.521 135.065 183
146.865 135.092 184
147.4 135.67 185
148.057 136.45 186
148.855 137.096 187
149.337 137.269 188
149.68 137.339 189
150.152 138.027 190
150.68 139.049 191
151.17 139.839 192
151.693 140.169 193
152.347 140.111 194
153.104 140.704 195
154.099 141.797 196
155.241 142.811 197
156.067 143.064 198
156.549 143.191 199
-------------
142 148 177
142.233 148.064 178
142.269 148.092 179
142.423 148.234 180
142.885 148.411 181
143.314 148.772 182
143.826 149.04 183
144.211 149.115 184
144.663 149.411 185
145.119 149.622 186
146.05 150.218 187
147.076 150.571 188
147.421 150.67 189
148.057 150.888 190
148.706 151.32 191
149.626 152.219 192
150.163 152.599 193
150.755 152.575 194
151.48 152.858 195
-------------
145 142 180
145.463 142.237 181
145.858 142.833 182
146.153 143.07 183
146.486 143.099 184
146.96 143.442 185
147.587 144.115 186
148.472 144.813 187
149.457 145.183 188
149.799 145.273 189
-------------
142 139 181
142.352 139.653 182
142.622 139.881 183
142.961 139.907 184
143.511 140.455 185
144.174 141.23 186
144.982 141.947 187
145.439 142.153 188
-------------
145 148 181
145.457 148.357 182
145.966 148.623 183
146.36 148.706 184
146.813 149.002 185
147.27 149.202 186
148.25 149.807 187
149.269 150.16 188
149.6 150.247 189
-------------
148 148 183
148.386 148.074 184
148.838 148.369 185
149.303 148.562 186
150.281 149.142 187
151.301 149.495 188
151.617 149.567 189
151.96 149.699 190
152.742 150.199 191
153.639 151.104 192
154.221 151.494 193
154.894 151.456 194
155.598 151.739 195
156.495 152.655 196
157.657 153.68 197
158.49 153.938 198
158.965 154.061 199
-------------
148 139 185
148.632 139.772 186
149.433 140.43 187
149.942 140.617 188
150.284 140.688 189
150.755 141.374 190
151.309 142.381 191
151.965 143.216 192
152.49 143.561 193
153.14 143.506 194
153.899 144.097 195
154.89 145.174 196
156.032 146.188 197
156.858 146.444 198
157.342 146.565 199
-------------
142 148 187
143.035 148.309 188
143.38 148.396 189
143.976 148.623 190
144.452 149.039 191
145.288 149.851 192
145.781 150.19 193
146.372 150.162 194
147.234 150.513 195
-------------
148 145 190
148.556 146.004 191
149.369 146.928 192
149.888 147.289 193
150.538 147.234 194
151.31 147.817 195
152.323 148.847 196
153.39 149.882 197
154.205 150.137 198
154.64 150.267 199
-------------
151 145 190
151.562 145.997 191
152.34 146.897 192
152.864 147.252 193
153.514 147.199 194
154.269 147.789 195
155.246 148.86 196
156.389 149.885 197
157.216 150.142 198
157.693 150.263 199
-------------
154 145 191
154.686 145.755 192
155.206 146.106 193
155.854 146.055 194
156.579 146.607 195
157.479 147.622 196
158.622 148.634 197
159.453 148.889 198
159.936 149.009 199
-------------
148 142 192
148.523 142.332 193
149.176 142.276 194
149.934 142.862 195
150.929 143.919 196
152.056 144.92 197
152.877 145.174 198
153.349 145.305 199
-------------
136 109 130
135.65 109.199 131
135.574 109.202 132
135.492 109.231 133
135.377 109.44 134
135.256 109.64 135
135.139 109.821 136
135.122 109.842 137
135.049 109.881 138
134.906 110.139 139
134.631 110.715 140
134.329 111.004 141
134.254 111.018 142
134.266 111.033 143
134.269 111.152 144
134.275 111.738 145
134.305 112.129 146
134.299 112.148 147
134.273 112.178 148
134.151 112.571 149
133.979 113.236 150
133.841 113.652 151
133.76 113.803 152
133.774 113.803 153
133.801 114.107 154
133.843 114.83 155
133.888 115.265 156
133.899 115.412 157
133.882 115.41 158
133.779 115.66 159
133.641 116.372 160
133.48 116.969 161
133.359 117.341 162
133.392 117.346 163
133.48 117.451 164
133.658 117.987 165
133.953 118.653 166
134.253 119.042 167
134.32 119.058 168
134.383 119.143 169
134.567 119.805 170
134.754 120.696 171
135 121.269 172
135.191 121.36 173
135.523 121.41 174
-------------
136 106 135
135.942 106.286 136
135.926 106.304 137
135.836 106.358 138
135.661 106.746 139
135.398 107.371 140
135.109 107.663 141
135.076 107.67 142
135.086 107.688 143
135.091 107.83 144
135.098 108.424 145
135.129 108.811 146
135.121 108.826 147
135.093 108.856 148
134.96 109.253 149
134.781 109.918 150
134.626 110.337 151
134.555 110.484 152
134.571 110.485 153
134.598 110.794 154
134.637 111.516 155
134.689 111.947 156
134.699 112.089 157
134.682 112.087 158
134.578 112.337 159
134.433 113.038 160
134.249 113.609 161
134.12 113.96 162
134.154 113.963 163
134.248 114.057 164
134.419 114.586 165
134.693 115.21 166
134.987 115.563 167
135.051 115.579 168
135.115 115.659 169
135.297 116.301 170
-------------
139 109 135
138.981 109.28 136
138.969 109.298 137
138.883 109.348 138
138.712 109.728 139
138.456 110.354 140
138.166 110.65 141
138.077 110.662 142
138.076 110.682 143
138.078 110.825 144
138.085 111.419 145
138.117 111.811 146
138.118 111.834 147
138.091 111.864 148
137.969 112.26 149
137.794 112.925 150
137.66 113.349 151
137.591 113.498 152
137.602 113.499 153
137.627 113.804 154
137.668 114.529 155
137.721 114.961 156
137.735 115.109 157
137.718 115.107 158
137.617 115.357 159
137.483 116.07 160
137.339 116.676 161
137.22 117.049 162
137.252 117.052 163
137.343 117.159 164
137.526 117.7 165
137.833 118.367 166
138.152 118.746 167
138.227 118.773 168
138.295 118.86 169
138.481 119.521 170
138.669 120.416 171
138.919 120.982 172
139.112 121.075 173
139.446 121.127 174
139.857 121.742 175
140.332 122.462 176
-------------
136 115 149
135.829 115.666 150
135.697 116.091 151
135.598 116.25 152
135.605 116.245 153
135.625 116.55 154
135.665 117.276 155
135.71 117.712 156
135.733 117.871 157
135.717 117.87 158
135.616 118.12 159
135.483 118.835 160
135.351 119.444 161
135.23 119.818 162
135.26 119.822 163
135.347 119.93 164
135.532 120.472 165
135.835 121.144 166
136.152 121.548 167
136.226 121.577 168
136.292 121.664 169
136.477 122.326 170
136.667 123.227 171
136.938 123.829 172
137.13 123.923 173
137.464 123.972 174
137.878 124.59 175
138.37 125.35 176
138.899 125.87 177
139.151 125.964 178
139.269 126.048 179
139.427 126.49 180
139.599 126.955 181
139.805 127.551 182
140.089 127.672 183
140.432 127.7 184
140.925 128.237 185
-------------
139 115 149
138.842 115.659 150
138.713 116.083 151
138.623 116.239 152
138.627 116.239 153
138.642 116.541 154
138.677 117.26 155
138.719 117.688 156
138.741 117.844 157
138.726 117.843 158
138.625 118.088 159
138.492 118.801 160
138.362 119.411 161
138.244 119.784 162
138.271 119.788 163
138.358 119.896 164
138.542 120.436 165
138.848 121.103 166
139.175 121.501 167
139.252 121.529 168
139.32 121.616 169
139.508 122.276 170
139.701 123.178 171
139.991 123.803 172
140.183 123.899 173
140.516 123.951 174
140.935 124.572 175
141.432 125.335 176
141.971 125.857 177
142.228 125.959 178
142.354 126.051 179
142.528 126.512 180
142.724 127.026 181
142.95 127.626 182
143.254 127.775 183
143.603 127.802 184
144.134 128.373 185
144.673 129.083 186
-------------
133 121 159
132.872 121.705 160
132.747 122.308 161
132.621 122.686 162
132.641 122.69 163
132.724 122.797 164
132.929 123.328 165
133.232 124.003 166
133.531 124.409 167
133.606 124.437 168
133.667 124.522 169
133.853 125.181 170
134.045 126.081 171
134.356 126.689 172
134.538 126.781 173
134.87 126.829 174
135.332 127.381 175
135.813 128.116 176
136.314 128.671 177
136.542 128.767 178
136.645 128.839 179
136.794 129.276 180
137.023 129.78 181
137.291 130.391 182
137.563 130.502 183
137.903 130.53 184
-------------
136 121 159
135.87 121.715 160
135.743 122.326 161
135.617 122.707 162
135.636 122.707 163
135.716 122.819 164
135.901 123.361 165
136.204 124.035 166
136.54 124.46 167
136.618 124.49 168
136.684 124.577 169
136.871 125.237 170
137.067 126.142 171
137.37 126.778 172
137.557 126.875 173
137.887 126.924 174
138.307 127.544 175
138.805 128.308 176
139.332 128.872 177
139.578 128.977 178
139.701 129.07 179
139.877 129.544 180
140.127 130.125 181
140.38 130.769 182
140.692 130.923 183
141.04 130.95 184
141.583 131.532 185
142.238 132.311 186
142.96 132.903 187
143.408 133.061 188
-------------
139 121 160
138.872 121.609 161
138.75 121.985 162
138.772 121.991 163
138.855 122.097 164
139.034 122.63 165
139.337 123.291 166
139.672 123.692 167
139.751 123.72 168
139.818 123.806 169
140.005 124.461 170
140.201 125.364 171
140.5 126.003 172
140.69 126.101 173
141.017 126.155 174
141.437 126.775 175
141.934 127.539 176
142.472 128.099 177
142.728 128.207 178
142.856 128.302 179
143.049 128.777 180
143.301 129.348 181
143.554 129.978 182
143.865 130.133 183
144.214 130.16 184
144.757 130.742 185
145.412 131.521 186
146.179 132.121 187
146.64 132.273 188
146.977 132.335 189
-------------
133 124 160
132.876 124.541 161
132.73 124.906 162
132.742 124.913 163
132.808 125.008 164
133.01 125.524 165
133.31 126.196 166
133.638 126.623 167
133.74 126.664 168
133.804 126.747 169
133.993 127.405 170
134.191 128.31 171
134.508 128.921 172
134.671 129.025 173
135.002 129.071 174
135.493 129.603 175
135.99 130.315 176
136.498 130.879 177
136.726 130.976 178
136.823 131.051 179
136.97 131.477 180
137.221 132.012 181
137.532 132.645 182
137.844 132.8 183
138.188 132.827 184
138.715 133.367 185
139.364 134.133 186
-------------
136 124 160
135.88 124.607 161
135.746 124.985 162
135.758 124.988 163
135.832 125.098 164
136.018 125.634 165
136.32 126.31 166
136.675 126.751 167
136.781 126.796 168
136.848 126.882 169
137.036 127.541 170
137.235 128.45 171
137.543 129.095 172
137.719 129.199 173
138.046 129.248 174
138.468 129.867 175
138.968 130.63 176
139.495 131.201 177
139.743 131.308 178
139.865 131.403 179
140.056 131.884 180
140.342 132.467 181
140.636 133.126 182
140.948 133.284 183
141.296 133.311 184
141.839 133.891 185
142.496 134.67 186
143.243 135.298 187
143.694 135.467 188
144.025 135.54 189
144.492 136.23 190
-------------
139 124 160
138.887 124.601 161
138.764 124.971 162
138.776 124.977 163
138.834 125.054 164
139.002 125.548 165
139.296 126.182 166
139.664 126.608 167
139.765 126.647 168
139.829 126.726 169
140.012 127.376 170
140.212 128.282 171
140.517 128.93 172
140.694 129.039 173
141.015 129.092 174
141.434 129.711 175
141.933 130.474 176
142.468 131.037 177
142.725 131.146 178
142.852 131.241 179
143.058 131.722 180
143.353 132.303 181
143.665 132.962 182
143.971 133.131 183
144.319 133.159 184
144.862 133.74 185
145.519 134.52 186
146.308 135.155 187
146.779 135.324 188
147.122 135.393 189
147.591 136.083 190
148.063 137.08 191
148.213 137.61 192
-------------
136 127 160
135.947 127.482 161
135.802 127.836 162
135.81 127.847 163
135.841 127.895 164
136.022 128.339 165
136.313 128.986 166
136.708 129.412 167
136.842 129.469 168
136.913 129.548 169
-------------
136 130 170
136.2 130.907 171
136.51 131.555 172
136.598 131.672 173
136.918 131.716 174
137.38 132.278 175
137.882 133.034 176
138.415 133.614 177
138.652 133.711 178
138.774 133.811 179
138.976 134.301 180
139.277 134.884 181
139.624 135.535 182
139.931 135.713 183
140.277 135.74 184
140.836 136.299 185
141.502 137.068 186
142.24 137.709 187
142.676 137.888 188
142.969 137.944 189
-------------
139 130 170
139.214 130.908 171
139.525 131.561 172
139.698 131.674 173
140.016 131.724 174
140.437 132.34 175
140.936 133.103 176
141.473 133.678 177
141.73 133.788 178
141.858 133.888 179
142.066 134.377 180
142.368 134.961 181
142.71 135.616 182
142.995 135.82 183
143.34 135.847 184
143.882 136.425 185
144.541 137.205 186
145.323 137.863 187
145.784 138.045 188
146.123 138.113 189
146.592 138.805 190
147.103 139.814 191
-------------
136 142 170
136.443 142.206 171
136.824 142.369 172
137.01 142.46 173
137.252 142.485 174
137.373 142.589 175
137.516 142.652 176
137.986 142.93 177
138.259 143.008 178
138.492 143.058 179
138.806 143.254 180
139.214 143.526 181
-------------
136 133 171
136.316 133.628 172
136.381 133.736 173
136.691 133.771 174
137.137 134.297 175
137.631 135.016 176
138.186 135.591 177
138.446 135.683 178
138.569 135.776 179
138.772 136.261 180
139.079 136.846 181
139.431 137.497 182
139.73 137.686 183
140.073 137.71 184
140.661 138.236 185
141.345 138.984 186
142.072 139.627 187
142.505 139.814 188
-------------
139 133 171
139.326 133.65 172
139.431 133.766 173
139.735 133.806 174
140.135 134.358 175
140.636 135.117 176
141.185 135.693 177
141.446 135.801 178
141.58 135.905 179
141.793 136.392 180
142.1 136.977 181
142.45 137.631 182
142.721 137.857 183
143.065 137.884 184
143.607 138.46 185
144.267 139.24 186
145.044 139.915 187
145.501 140.107 188
145.832 140.176 189
146.302 140.867 190
146.842 141.867 191
-------------
139 142 172
139.192 142.103 173
139.437 142.127 174
139.57 142.236 175
139.766 142.311 176
140.252 142.633 177
140.515 142.714 178
140.721 142.771 179
141.036 142.968 180
141.468 143.21 181
141.818 143.802 182
142.088 144.029 183
142.416 144.057 184
142.964 144.446 185
-------------
139 145 172
139.121 145.017 173
139.362 145.041 174
139.474 145.132 175
139.605 145.172 176
139.95 145.288 177
140.209 145.361 178
140.407 145.414 179
140.72 145.608 180
141.186 145.792 181
141.488 146.221 182
141.783 146.425 183
142.106 146.455 184
142.567 146.754 185
-------------
145 151 174
145.034 151.036 175
145.079 151.045 176
145.118 151.084 177
145.244 151.102 178
145.268 151.126 179
145.3 151.196 180
145.491 151.291 181
145.746 151.429 182
146.231 151.689 183
146.625 151.772 184
147.076 152.063 185
147.527 152.245 186
-------------
136 139 176
136.555 139.475 177
136.828 139.565 178
137.042 139.617 179
137.344 139.823 180
137.662 140.162 181
138.01 140.787 182
138.26 140.974 183
138.589 140.995 184
139.198 141.407 185
-------------
145 133 177
145.258 133.108 178
145.385 133.203 179
145.599 133.669 180
145.914 134.218 181
146.241 134.866 182
146.521 135.065 183
146.865 135.092 184
147.4 135.67 185
148.057 136.45 186
148.855 137.096 187
149.337 137.269 188
149.68 137.339 189
150.152 138.027 190
150.68 139.049 191
151.17 139.839 192
151.693 140.169 193
152.347 140.111 194
153.104 140.704 195
154.099 141.797 196
155.241 142.811 197
156.067 143.064 198
156.549 143.191 199
-------------
142 148 177
142.233 148.064 178
142.269 148.092 179
142.423 148.234 180
142.885 148.411 181
143.314 148.772 182
143.826 149.04 183
144.211 149.115 184
144.663 149.411 185
145.119 149.622 186
146.05 150.218 187
147.076 150.571 188
147.421 150.67 189
148.057 150.888 190
148.706 151.32 191
149.626 152.219 192
150.163 152.599 193
150.755 152.575 194
151.48 152.858 195
-------------
145 142 180
145.463 142.237 181
145.858 142.833 182
146.153 143.07 183
146.486 143.099 184
146.96 143.442 185
147.587 144.115 186
148.472 144.813 187
149.457 145.183 188
149.799 145.273 189
-------------
142 139 181
142.352 139.653 182
142.622 139.881 183
142.961 139.907 184
143.511 140.455 185
144.174 141.23 186
144.982 141.947 187
145.439 142.153 188
-------------
145 148 181
145.457 148.357 182
145.966 148.623 183
146.36 148.706 184
146.813 149.002 185
147.27 149.202 186
148.25 149.807 187
149.269 150.16 188
149.6 150.247 189
-------------
148 148 183
148.386 148.074 184
148.838 148.369 185
149.303 148.562 186
150.281 149.142 187
151.301 149.495 188
151.617 149.567 189
151.96 149.699 190
152.742 150.199 191
153.639 151.104 192
154.221 151.494 193
154.894 151.456 194
155.598 151.739 195
156.495 152.655 196
157.657 153.68 197
158.49 153.938 198
158.965 154.061 199
-------------
148 139 185
148.632 139.772 186
149.433 140.43 187
149.942 140.617 188
150.284 140.688 189
150.755 141.374 190
151.309 142.381 191
151.965 143.216 192
152.49 143.561 193
153.14 143.506 194
153.899 144.097 195
154.89 145.174 196
156.032 146.188 197
156.858 146.444 198
157.342 146.565 199
-------------
142 148 187
143.035 148.309 188
143.38 148.396 189
143.976 148.623 190
144.452 149.039 191
145.288 149.851 192
145.781 150.19 193
146.372 150.162 194
147.234 150.513 195
-------------
148 145 190
148.556 146.004 191
149.369 146.928 192
149.888 147.289 193
150.538 147.234 194
151.31 147.817 195
152.323 148.847 196
153.39 149.882 197
154.205 150.137 198
154.64 150.267 199
-------------
151 145 190
151.562 145.997 191
152.34 146.897 192
152.864 147.252 193
153.514 147.199 194
154.269 147.789 195
155.246 148.86 196
156.389 149.885 197
157.216 150.142 198
157.693 150.263 199
-------------
154 145 191
154.686 145.755 192
155.206 146.106 193
155.854 146.055 194
156.579 146.607 195
157.479 147.622 196
158.622 148.634 197
159.453 148.889 198
159.936 149.009 199
-------------
148 142 192
148.523 142.332 193
149.176 142.276 194
149.934 142.862 195
150.929 143.919 196
152.056 144.92 197
152.877 145.174 198
153.349 145.305 199
-------------
