64 103 62
63.6855 103.426 63
63.3409 103.578 64
63.0286 103.615 65
62.7233 103.77 66
62.2944 104.158 67
61.7403 104.6 68
61.0724 104.808 69
60.6001 104.873 70
60.3231 105.005 71
60.0642 105.35 72
59.6914 105.846 73
59.3167 105.964 74
59.0851 106.024 75
58.698 106.226 76
58.1959 106.74 77
57.4871 107.266 78
56.6613 107.514 79
56.1164 107.577 80
55.8183 107.762 81
55.4711 108.264 82
54.9463 108.816 83
54.497 109.025 84
54.0635 109.082 85
53.5926 109.312 86
52.9791 109.859 87
52.1112 110.441 88
51.3338 110.55 89
50.7988 110.575 90
50.3126 110.861 91
49.7813 111.523 92
49.1956 111.974 93
48.6927 112.148 94
48.181 112.239 95
-------------
64 106 62
63.6753 106.423 63
63.3308 106.577 64
63.0225 106.622 65
62.7172 106.779 66
62.2881 107.168 67
61.7325 107.613 68
61.0577 107.827 69
60.5362 107.921 70
60.2469 108.068 71
59.9869 108.415 72
59.5954 108.93 73
59.2187 109.05 74
58.9867 109.115 75
58.6011 109.319 76
58.0981 109.832 77
57.3895 110.36 78
56.5449 110.615 79
55.9926 110.674 80
55.6931 110.858 81
55.3439 111.362 82
54.8181 111.917 83
54.3671 112.124 84
53.935 112.178 85
53.4652 112.409 86
52.8517 112.956 87
51.9815 113.536 88
51.1201 113.686 89
50.5838 113.702 90
50.095 113.983 91
49.5603 114.649 92
48.9637 115.109 93
48.4553 115.277 94
47.9175 115.366 95
47.3458 115.709 96
46.6268 116.355 97
-------------
58 118 70
57.8531 118.072 71
57.8208 118.096 72
57.475 118.224 73
57.1487 118.323 74
56.9482 118.393 75
56.6741 118.525 76
56.2755 118.809 77
55.6916 119.034 78
54.845 119.291 79
54.3207 119.356 80
54.057 119.502 81
53.6929 119.719 82
53.1786 119.96 83
52.7543 120.163 84
52.4178 120.228 85
52.0105 120.421 86
51.409 120.917 87
50.5674 121.453 88
49.6619 121.613 89
49.1254 121.632 90
48.6208 121.833 91
-------------
55 109 73
54.6324 109.12 74
54.404 109.186 75
54.0236 109.387 76
53.5417 109.883 77
52.8443 110.404 78
52.0146 110.656 79
51.4644 110.712 80
51.168 110.896 81
50.8166 111.401 82
50.2944 111.954 83
49.8418 112.16 84
49.4089 112.213 85
48.9412 112.444 86
48.3286 112.991 87
47.4597 113.567 88
46.615 113.692 89
46.0744 113.703 90
45.5818 113.987 91
45.0483 114.655 92
44.45 115.118 93
43.9391 115.285 94
43.4007 115.374 95
42.8221 115.729 96
42.1014 116.385 97
41.0144 116.898 98
39.9543 117.138 99
39.2945 117.182 100
38.621 117.576 101
37.8784 118.361 102
36.8783 118.889 103
35.9625 119.024 104
35.0678 119.206 105
33.9862 119.739 106
32.6638 120.507 107
31.0295 120.947 108
29.6904 121.143 109
28.6837 121.307 110
27.6814 121.878 111
26.5585 122.622 112
25.3519 123.071 113
24.1733 123.197 114
22.9576 123.461 115
21.5975 124.225 116
-------------
55 112 73
54.6365 112.118 74
54.4092 112.188 75
54.0343 112.383 76
53.5537 112.855 77
52.8734 113.363 78
52.0266 113.621 79
51.4733 113.682 80
51.1851 113.865 81
50.8349 114.371 82
50.3073 114.928 83
49.8548 115.137 84
49.4233 115.191 85
48.9569 115.423 86
48.3458 115.972 87
47.476 116.552 88
46.5793 116.707 89
46.0391 116.718 90
45.5473 117.004 91
45.012 117.675 92
44.4106 118.139 93
43.9007 118.307 94
43.3652 118.396 95
42.789 118.753 96
42.0711 119.41 97
40.9818 119.923 98
39.8932 120.166 99
39.2296 120.205 100
38.5543 120.596 101
37.8131 121.385 102
36.8066 121.912 103
35.8911 122.046 104
34.9982 122.228 105
33.9168 122.76 106
32.5952 123.526 107
30.954 123.967 108
29.5571 124.144 109
28.5567 124.261 110
27.5522 124.823 111
26.4273 125.565 112
25.2162 126.011 113
24.0323 126.121 114
22.8162 126.381 115
21.4663 127.114 116
19.8993 127.826 117
18.2429 128.201 118
17.0168 128.293 119
15.9172 128.592 120
14.7332 129.483 121
-------------
58 112 73
57.6226 112.124 74
57.3933 112.195 75
57.0099 112.399 76
56.5077 112.912 77
55.8007 113.44 78
54.9527 113.698 79
54.3991 113.758 80
54.101 113.942 81
53.7498 114.451 82
53.2227 115.008 83
52.771 115.215 84
52.3407 115.266 85
51.8736 115.497 86
51.2618 116.046 87
50.3919 116.626 88
49.4895 116.785 89
48.9503 116.796 90
48.4589 117.079 91
47.9239 117.749 92
47.3237 118.211 93
46.8152 118.375 94
46.2799 118.463 95
45.703 118.818 96
44.9845 119.468 97
43.8955 119.98 98
42.815 120.229 99
42.1547 120.268 100
41.4807 120.653 101
40.7494 121.4 102
39.7712 121.911 103
38.9175 122.044 104
38.0318 122.218 105
36.9628 122.722 106
-------------
52 118 78
51.1733 118.241 79
50.6567 118.297 80
50.4435 118.425 81
50.1872 118.64 82
49.6658 118.966 83
49.2177 119.174 84
48.8107 119.245 85
48.3682 119.449 86
47.7837 119.946 87
46.9307 120.489 88
46.027 120.65 89
45.4918 120.666 90
45.0601 120.926 91
44.5235 121.59 92
43.9183 122.052 93
43.4288 122.229 94
42.9035 122.315 95
42.3323 122.674 96
41.6196 123.331 97
40.5313 123.845 98
39.4377 124.089 99
38.7725 124.129 100
38.0881 124.512 101
37.358 125.308 102
36.3463 125.835 103
35.4514 125.956 104
34.5814 126.144 105
33.52 126.658 106
32.2776 127.418 107
30.6321 127.862 108
29.1564 128.065 109
28.1624 128.169 110
27.1575 128.719 111
26.0594 129.474 112
24.8909 129.883 113
23.8 129.95 114
-------------
49 109 84
48.579 109.051 85
48.1217 109.273 86
47.5366 109.8 87
46.6993 110.338 88
45.9719 110.435 89
45.4546 110.449 90
44.9761 110.713 91
44.454 111.37 92
43.8854 111.797 93
43.3764 111.965 94
42.8377 112.053 95
42.2633 112.401 96
41.5427 113.055 97
40.4635 113.563 98
39.5501 113.782 99
38.9368 113.857 100
38.287 114.259 101
37.5485 115.038 102
36.5997 115.53 103
35.6881 115.665 104
34.8144 115.829 105
33.7404 116.363 106
-------------
40 121 93
39.5076 121.171 94
38.9799 121.263 95
38.4168 121.606 96
37.7282 122.211 97
36.6396 122.726 98
35.5489 122.967 99
34.8834 123.007 100
34.2259 123.407 101
33.4876 124.207 102
32.4776 124.735 103
31.5634 124.875 104
30.7045 125.075 105
29.6438 125.611 106
28.374 126.426 107
26.7276 126.869 108
25.3279 127.023 109
24.3331 127.131 110
23.3328 127.697 111
22.2309 128.47 112
21.0205 128.917 113
19.8412 129.023 114
18.7265 129.286 115
17.3833 130.055 116
15.8247 130.785 117
14.1301 131.173 118
12.8862 131.257 119
11.7917 131.553 120
10.6242 132.491 121
9.23186 133.189 122
7.86969 133.396 123
6.61618 133.526 124
5.45088 133.939 125
4.09251 134.732 126
2.50716 135.173 127
1.02805 135.352 128
0.51543 135.434 129
0.508752 135.437 130
-------------
40 115 94
39.4713 115.088 95
38.9552 115.395 96
38.2437 116.035 97
37.1676 116.538 98
36.1513 116.724 99
35.4954 116.754 100
34.8247 117.136 101
34.085 117.919 102
33.1163 118.437 103
32.203 118.569 104
31.3302 118.747 105
30.2553 119.277 106
28.9379 120.04 107
27.3366 120.453 108
26.0476 120.575 109
25.055 120.705 110
24.0627 121.275 111
22.9465 122.016 112
21.7433 122.459 113
20.5645 122.579 114
19.3482 122.84 115
17.9867 123.608 116
16.4206 124.321 117
14.8361 124.688 118
13.6051 124.782 119
12.5094 125.192 120
11.324 126.119 121
9.9335 126.818 122
8.56822 127.042 123
7.31303 127.177 124
6.10476 127.649 125
4.74216 128.464 126
-------------
31 121 102
30.0541 121.506 103
29.1432 121.642 104
28.3184 121.832 105
27.2724 122.352 106
25.9831 123.093 107
24.3595 123.519 108
23.025 123.641 109
22.0305 123.749 110
21.0293 124.303 111
19.9212 125.043 112
18.7135 125.486 113
17.536 125.591 114
16.3801 125.835 115
15.0451 126.594 116
13.4809 127.301 117
11.8082 127.662 118
10.5699 127.75 119
9.47455 128.05 120
8.30123 128.976 121
6.91 129.672 122
5.54316 129.892 123
4.29003 130.024 124
3.10462 130.499 125
1.75198 131.321 126
0.180658 131.765 127
-------------
31 127 102
30.0266 127.468 103
29.1731 127.647 104
28.3509 127.855 105
27.3546 128.321 106
26.205 129.064 107
24.5584 129.508 108
23.2002 129.716 109
22.2498 129.84 110
21.3146 130.405 111
20.2207 131.182 112
19.0128 131.632 113
17.8969 131.79 114
16.8851 132.05 115
15.563 132.828 116
14.013 133.565 117
12.3179 133.957 118
11.0707 134.044 119
9.98569 134.349 120
8.84169 135.312 121
7.45074 136.011 122
6.09698 136.223 123
4.86688 136.354 124
3.76785 136.791 125
2.47581 137.588 126
0.891477 138.031 127
-------------
34 127 102
32.9848 127.526 103
32.1289 127.729 104
31.2989 127.938 105
30.2582 128.47 106
29.0058 129.283 107
27.3591 129.728 108
25.9698 129.94 109
24.9799 130.046 110
23.9837 130.601 111
22.8879 131.373 112
21.6821 131.822 113
20.6175 131.92 114
19.6278 132.198 115
18.3208 132.952 116
16.7821 133.688 117
15.087 134.081 118
13.8142 134.174 119
12.7286 134.456 120
11.5804 135.368 121
10.1989 136.057 122
8.90563 136.229 123
7.69404 136.341 124
6.60369 136.726 125
5.32377 137.42 126
3.74084 137.862 127
-------------
19 124 110
18.0313 124.461 111
16.967 125.135 112
15.8054 125.549 113
14.6484 125.647 114
13.6844 125.852 115
12.3804 126.595 116
10.8325 127.278 117
9.17292 127.614 118
7.93594 127.696 119
6.8436 127.992 120
5.68435 128.899 121
4.30106 129.592 122
2.93475 129.812 123
1.69259 129.947 124
0.548334 130.424 125
-------------
19 127 111
17.905 127.754 112
16.696 128.204 113
15.5237 128.318 114
14.4819 128.572 115
13.161 129.346 116
11.6025 130.052 117
9.9052 130.436 118
8.66057 130.521 119
7.56701 130.824 120
6.40916 131.773 121
5.01926 132.472 122
3.6525 132.692 123
2.41162 132.828 124
1.29132 133.299 125
-0.0354619 134.117 126
-------------
16 145 112
15.635 145.202 113
15.5942 145.224 114
14.9353 145.365 115
12.6665 145.799 116
-------------
4 148 116
3.92686 148.078 117
3.44141 148.218 118
3.38338 148.291 119
3.05652 148.553 120
2.89023 148.676 121
2.01867 148.938 122
1.04322 149.191 123
0.474736 149.332 124
0.467421 149.333 125
-------------
10 148 116
9.84408 148.159 117
9.36115 148.301 118
9.30126 148.367 119
8.97373 148.626 120
8.812 148.658 121
8.07957 148.75 122
7.11554 148.995 123
6.52276 149.126 124
6.50069 149.128 125
6.39129 149.163 126
-------------
13 148 117
12.5188 148.14 118
12.4568 148.179 119
12.1278 148.411 120
12.0146 148.415 121
11.3391 148.5 122
10.2613 148.735 123
9.63165 148.84 124
9.6111 148.839 125
9.53831 148.862 126
9.34688 148.837 127
-------------
4 151 117
3.51731 151.138 118
3.46973 151.184 119
3.15315 151.434 120
3.00455 151.537 121
2.30931 151.715 122
1.34887 151.959 123
0.79632 152.09 124
0.788204 152.091 125
-------------
10 142 118
9.4388 142.229 119
9.0285 142.488 120
8.4068 142.79 121
7.07427 143.242 122
5.85063 143.546 123
4.99083 143.746 124
-------------
7 151 120
6.86362 151.066 121
6.12547 151.209 122
5.17648 151.453 123
4.62344 151.582 124
4.61189 151.584 125
4.53635 151.611 126
4.29219 151.585 127
-------------
10 151 120
9.8823 151.04 121
9.2237 151.134 122
8.28699 151.37 123
7.73294 151.488 124
7.71507 151.487 125
7.63878 151.51 126
7.43465 151.493 127
-------------
64 103 62
63.6855 103.426 63
63.3409 103.578 64
63.0286 103.615 65
62.7233 103.77 66
62.2944 104.158 67
61.7403 104.6 68
61.0724 104.808 69
60.6001 104.873 70
60.3231 105.005 71
60.0642 105.35 72
59.6914 105.846 73
59.3167 105.964 74
59.0851 106.024 75
58.698 106.226 76
58.1959 106.74 77
57.4871 107.266 78
56.6613 107.514 79
56.1164 107.577 80
55.8183 107.762 81
55.4711 108.264 82
54.9463 108.816 83
54.497 109.025 84
54.0635 109.082 85
53.5926 109.312 86
52.9791 109.859 87
52.1112 110.441 88
51.3338 110.55 89
50.7988 110.575 90
50.3126 110.861 91
49.7813 111.523 92
49.1956 111.974 93
48.6927 112.148 94
48.181 112.239 95
-------------
64 106 62
63.6753 106.423 63
63.3308 106.577 64
63.0225 106.622 65
62.7172 106.779 66
62.2881 107.168 67
61.7325 107.613 68
61.0577 107.827 69
60.5362 107.921 70
60.2469 108.068 71
59.9869 108.415 72
59.5954 108.93 73
59.2187 109.05 74
58.9867 109.115 75
58.6011 109.319 76
58.0981 109.832 77
57.3895 110.36 78
56.5449 110.615 79
55.9926 110.674 80
55.6931 110.858 81
55.3439 111.362 82
54.8181 111.917 83
54.3671 112.124 84
53.935 112.178 85
53.4652 112.409 86
52.8517 112.956 87
51.9815 113.536 88
51.1201 113.686 89
50.5838 113.702 90
50.095 113.983 91
49.5603 114.649 92
48.9637 115.109 93
48.4553 115.277 94
47.9175 115.366 95
47.3458 115.709 96
46.6268 116.355 97
-------------
58 118 70
57.8531 118.072 71
57.8208 118.096 72
57.475 118.224 73
57.1487 118.323 74
56.9482 118.393 75
56.6741 118.525 76
56.2755 118.809 77
55.6916 119.034 78
54.845 119.291 79
54.3207 119.356 80
54.057 119.502 81
53.6929 119.719 82
53.1786 119.96 83
52.7543 120.163 84
52.4178 120.228 85
52.0105 120.421 86
51.409 120.917 87
50.5674 121.453 88
49.6619 121.613 89
49.1254 121.632 90
48.6208 121.833 91
-------------
55 109 73
54.6324 109.12 74
54.404 109.186 75
54.0236 109.387 76
53.5417 109.883 77
52.8443 110.404 78
52.0146 110.656 79
51.4644 110.712 80
51.168 110.896 81
50.8166 111.401 82
50.2944 111.954 83
49.8418 112.16 84
49.4089 112.213 85
48.9412 112.444 86
48.3286 112.991 87
47.4597 113.567 88
46.615 113.692 89
46.0744 113.703 90
45.5818 113.987 91
45.0483 114.655 92
44.45 115.118 93
43.9391 115.285 94
43.4007 115.374 95
42.8221 115.729 96
42.1014 116.385 97
41.0144 116.898 98
39.9543 117.138 99
39.2945 117.182 100
38.621 117.576 101
37.8784 118.361 102
36.8783 118.889 103
35.9625 119.024 104
35.0678 119.206 105
33.9862 119.739 106
32.6638 120.507 107
31.0295 120.947 108
29.6904 121.143 109
28.6837 121.307 110
27.6814 121.878 111
26.5585 122.622 112
25.3519 123.071 113
24.1733 123.197 114
22.9576 123.461 115
21.5975 124.225 116
-------------
55 112 73
54.6365 112.118 74
54.4092 112.188 75
54.0343 112.383 76
53.5537 112.855 77
52.8734 113.363 78
52.0266 113.621 79
51.4733 113.682 80
51.1851 113.865 81
50.8349 114.371 82
50.3073 114.928 83
49.8548 115.137 84
49.4233 115.191 85
48.9569 115.423 86
48.3458 115.972 87
47.476 116.552 88
46.5793 116.707 89
46.0391 116.718 90
45.5473 117.004 91
45.012 117.675 92
44.4106 118.139 93
43.9007 118.307 94
43.3652 118.396 95
42.789 118.753 96
42.0711 119.41 97
40.9818 119.923 98
39.8932 120.166 99
39.2296 120.205 100
38.5543 120.596 101
37.8131 121.385 102
36.8066 121.912 103
35.8911 122.046 104
34.9982 122.228 105
33.9168 122.76 106
32.5952 123.526 107
30.954 123.967 108
29.5571 124.144 109
28.5567 124.261 110
27.5522 124.823 111
26.4273 125.565 112
25.2162 126.011 113
24.0323 126.121 114
22.8162 126.381 115
21.4663 127.114 116
19.8993 127.826 117
18.2429 128.201 118
17.0168 128.293 119
15.9172 128.592 120
14.7332 129.483 121
-------------
58 112 73
57.6226 112.124 74
57.3933 112.195 75
57.0099 112.399 76
56.5077 112.912 77
55.8007 113.44 78
54.9527 113.698 79
54.3991 113.758 80
54.101 113.942 81
53.7498 114.451 82
53.2227 115.008 83
52.771 115.215 84
52.3407 115.266 85
51.8736 115.497 86
51.2618 116.046 87
50.3919 116.626 88
49.4895 116.785 89
48.9503 116.796 90
48.4589 117.079 91
47.9239 117.749 92
47.3237 118.211 93
46.8152 118.375 94
46.2799 118.463 95
45.703 118.818 96
44.9845 119.468 97
43.8955 119.98 98
42.815 120.229 99
42.1547 120.268 100
41.4807 120.653 101
40.7494 121.4 102
39.7712 121.911 103
38.9175 122.044 104
38.0318 122.218 105
36.9628 122.722 106
-------------
52 118 78
51.1733 118.241 79
50.6567 118.297 80
50.4435 118.425 81
50.1872 118.64 82
49.6658 118.966 83
49.2177 119.174 84
48.8107 119.245 85
48.3682 119.449 86
47.7837 119.946 87
46.9307 120.489 88
46.027 120.65 89
45.4918 120.666 90
45.0601 120.926 91
44.5235 121.59 92
43.9183 122.052 93
43.4288 122.229 94
42.9035 122.315 95
42.3323 122.674 96
41.6196 123.331 97
40.5313 123.845 98
39.4377 124.089 99
38.7725 124.129 100
38.0881 124.512 101
37.358 125.308 102
36.3463 125.835 103
35.4514 125.956 104
34.5814 126.144 105
33.52 126.658 106
32.2776 127.418 107
30.6321 127.862 108
29.1564 128.065 109
28.1624 128.169 110
27.1575 128.719 111
26.0594 129.474 112
24.8909 129.883 113
23.8 129.95 114
-------------
49 109 84
48.579 109.051 85
48.1217 109.273 86
47.5366 109.8 87
46.6993 110.338 88
45.9719 110.435 89
45.4546 110.449 90
44.9761 110.713 91
44.454 111.37 92
43.8854 111.797 93
43.3764 111.965 94
42.8377 112.053 95
42.2633 112.401 96
41.5427 113.055 97
40.4635 113.563 98
39.5501 113.782 99
38.9368 113.857 100
38.287 114.259 101
37.5485 115.038 102
36.5997 115.53 103
35.6881 115.665 104
34.8144 115.829 105
33.7404 116.363 106
-------------
40 121 93
39.5076 121.171 94
38.9799 121.263 95
38.4168 121.606 96
37.7282 122.211 97
36.6396 122.726 98
35.5489 122.967 99
34.8834 123.007 100
34.2259 123.407 101
33.4876 124.207 102
32.4776 124.735 103
31.5634 124.875 104
30.7045 125.075 105
29.6438 125.611 106
28.374 126.426 107
26.7276 126.869 108
25.3279 127.023 109
24.3331 127.131 110
23.3328 127.697 111
22.2309 128.47 112
21.0205 128.917 113
19.8412 129.023 114
18.7265 129.286 115
17.3833 130.055 116
15.8247 130.785 117
14.1301 131.173 118
12.8862 131.257 119
11.7917 131.553 120
10.6242 132.491 121
9.23186 133.189 122
7.86969 133.396 123
6.61618 133.526 124
5.45088 133.939 125
4.09251 134.732 126
2.50716 135.173 127
1.02805 135.352 128
0.51543 135.434 129
0.508752 135.437 130
-------------
40 115 94
39.4713 115.088 95
38.9552 115.395 96
38.2437 116.035 97
37.1676 116.538 98
36.1513 116.724 99
35.4954 116.754 100
34.8247 117.136 101
34.085 117.919 102
33.1163 118.437 103
32.203 118.569 104
31.3302 118.747 105
30.2553 119.277 106
28.9379 120.04 107
27.3366 120.453 108
26.0476 120.575 109
25.055 120.705 110
24.0627 121.275 111
22.9465 122.016 112
21.7433 122.459 113
20.5645 122.579 114
19.3482 122.84 115
17.9867 123.608 116
16.4206 124.321 117
14.8361 124.688 118
13.6051 124.782 119
12.5094 125.192 120
11.324 126.119 121
9.9335 126.818 122
8.56822 127.042 123
7.31303 127.177 124
6.10476 127.649 125
4.74216 128.464 126
-------------
31 121 102
30.0541 121.506 103
29.1432 121.642 104
28.3184 121.832 105
27.2724 122.352 106
25.9831 123.093 107
24.3595 123.519 108
23.025 123.641 109
22.0305 123.749 110
21.0293 124.303 111
19.9212 125.043 112
18.7135 125.486 113
17.536 125.591 114
16.3801 125.835 115
15.0451 126.594 116
13.4809 127.301 117
11.8082 127.662 118
10.5699 127.75 119
9.47455 128.05 120
8.30123 128.976 121
6.91 129.672 122
5.54316 129.892 123
4.29003 130.024 124
3.10462 130.499 125
1.75198 131.321 126
0.180658 131.765 127
-------------
31 127 102
30.0266 127.468 103
29.1731 127.647 104
28.3509 127.855 105
27.3546 128.321 106
26.205 129.064 107
24.5584 129.508 108
23.2002 129.716 109
22.2498 129.84 110
21.3146 130.405 111
20.2207 131.182 112
19.0128 131.632 113
17.8969 131.79 114
16.8851 132.05 115
15.563 132.828 116
14.013 133.565 117
12.3179 133.957 118
11.0707 134.044 119
9.98569 134.349 120
8.84169 135.312 121
7.45074 136.011 122
6.09698 136.223 123
4.86688 136.354 124
3.76785 136.791 125
2.47581 137.588 126
0.891477 138.031 127
-------------
34 127 102
32.9848 127.526 103
32.1289 127.729 104
31.2989 127.938 105
30.2582 128.47 106
29.0058 129.283 107
27.3591 129.728 108
25.9698 129.94 109
24.9799 130.046 110
23.9837 130.601 111
22.8879 131.373 112
21.6821 131.822 113
20.6175 131.92 114
19.6278 132.198 115
18.3208 132.952 116
16.7821 133.688 117
15.087 134.081 118
13.8142 134.174 119
12.7286 134.456 120
11.5804 135.368 121
10.1989 136.057 122
8.90563 136.229 123
7.69404 136.341 124
6.60369 136.726 125
5.32377 137.42 126
3.74084 137.862 127
-------------
19 124 110
18.0313 124.461 111
16.967 125.135 112
15.8054 125.549 113
14.6484 125.647 114
13.6844 125.852 115
12.3804 126.595 116
10.8325 127.278 117
9.17292 127.614 118
7.93594 127.696 119
6.8436 127.992 120
5.68435 128.899 121
4.30106 129.592 122
2.93475 129.812 123
1.69259 129.947 124
0.548334 130.424 125
-------------
19 127 111
17.905 127.754 112
16.696 128.204 113
15.5237 128.318 114
14.4819 128.572 115
13.161 129.346 116
11.6025 130.052 117
9.9052 130.436 118
8.66057 130.521 119
7.56701 130.824 120
6.40916 131.773 121
5.01926 132.472 122
3.6525 132.692 123
2.41162 132.828 124
1.29132 133.299 125
-0.0354619 134.117 126
-------------
16 145 112
15.635 145.202 113
15.5942 145.224 114
14.9353 145.365 115
12.6665 145.799 116
-------------
4 148 116
3.92686 148.078 117
3.44141 148.218 118
3.38338 148.291 119
3.05652 148.553 120
2.89023 148.676 121
2.01867 148.938 122
1.04322 149.191 123
0.474736 149.332 124
0.467421 149.333 125
-------------
10 148 116
9.84408 148.159 117
9.36115 148.301 118
9.30126 148.367 119
8.97373 148.626 120
8.812 148.658 121
8.07957 148.75 122
7.11554 148.995 123
6.52276 149.126 124
6.50069 149.128 125
6.39129 149.163 126
-------------
13 148 117
12.5188 148.14 118
12.4568 148.179 119
12.1278 148.411 120
12.0146 148.415 121
11.3391 148.5 122
10.2613 148.735 123
9.63165 148.84 124
9.6111 148.839 125
9.53831 148.862 126
9.34688 148.837 127
-------------
4 151 117
3.51731 151.138 118
3.46973 151.184 119
3.15315 151.434 120
3.00455 151.537 121
2.30931 151.715 122
1.34887 151.959 123
0.79632 152.09 124
0.788204 152.091 125
-------------
10 142 118
9.4388 142.229 119
9.0285 142.488 120
8.4068 142.79 121
7.07427 143.242 122
5.85063 143.546 123
4.99083 143.746 124
-------------
7 151 120
6.86362 151.066 121
6.12547 151.209 122
5.17648 151.453 123
4.62344 151.582 124
4.61189 151.584 125
4.53635 151.611 126
4.29219 151.585 127
-------------
10 151 120
9.8823 151.04 121
9.2237 151.134 122
8.28699 151.37 123
7.73294 151.488 124
7.71507 151.487 125
7.63878 151.51 126
7.43465 151.493 127
-------------
