37 151 174
37.8698 150.937 175
38.3091 150.852 176
38.607 150.85 177
38.8453 150.796 178
40.1751 150.635 179
40.291 150.595 180
40.862 150.421 181
41.5152 150.366 182
41.7799 150.353 183
42.8567 150.22 184
42.907 150.203 185
43.218 150.01 186
43.6622 149.948 187
-------------
37 151 174
37.8698 150.937 175
38.3091 150.852 176
38.607 150.85 177
38.8453 150.796 178
40.1751 150.635 179
40.291 150.595 180
40.862 150.421 181
41.5152 150.366 182
41.7799 150.353 183
42.8567 150.22 184
42.907 150.203 185
43.218 150.01 186
43.6622 149.948 187
-------------
