160 142 0
159.376 141.627 1
158.757 141.333 2
158.222 141.065 3
157.765 140.59 4
157.228 140.067 5
156.656 139.677 6
155.845 139.391 7
154.914 139.162 8
153.785 138.809 9
152.626 138.147 10
151.781 137.595 11
151.149 137.243 12
150.65 137.034 13
150.17 136.804 14
149.72 136.196 15
149.166 135.711 16
148.551 135.354 17
147.859 135.14 18
147.057 134.972 19
146.086 134.532 20
145.118 133.837 21
144.441 133.29 22
143.909 132.951 23
143.54 132.749 24
143.309 132.42 25
143.096 131.757 26
142.787 131.276 27
142.413 130.925 28
141.884 130.736 29
141.263 130.496 30
140.439 130.036 31
139.726 129.388 32
139.242 128.934 33
138.905 128.661 34
138.771 128.538 35
138.752 128.219 36
138.807 127.631 37
138.777 127.135 38
138.637 126.844 39
138.423 126.696 40
138.172 126.514 41
137.779 126.158 42
137.421 125.599 43
137.195 125.183 44
137.129 124.967 45
137.141 124.932 46
137.312 124.804 47
137.579 124.42 48
137.808 124.05 49
137.883 123.727 50
137.927 123.617 51
137.913 123.527 52
137.822 123.349 53
137.643 122.898 54
137.603 122.374 55
137.707 122.068 56
137.88 121.963 57
138.192 121.856 58
138.634 121.575 59
139.065 121.144 60
139.403 120.807 61
139.535 120.638 62
139.582 120.582 63
139.614 120.472 64
139.52 120.103 65
139.511 119.639 66
139.646 119.297 67
139.828 119.165 68
140.09 119.099 69
140.49 118.88 70
140.927 118.572 71
141.272 118.264 72
141.424 118.04 73
141.514 117.927 74
141.516 117.874 75
-------------
160 145 0
159.107 144.566 1
158.333 144.276 2
157.74 144.019 3
157.258 143.549 4
156.719 143.027 5
156.143 142.64 6
155.328 142.353 7
154.336 142.16 8
153.169 141.825 9
151.881 141.228 10
150.889 140.7 11
150.128 140.338 12
149.581 140.125 13
149.065 139.909 14
148.597 139.32 15
148.037 138.855 16
147.426 138.503 17
146.715 138.281 18
145.895 138.107 19
144.903 137.684 20
143.912 137.002 21
143.186 136.475 22
142.636 136.127 23
142.259 135.917 24
141.986 135.608 25
141.733 134.999 26
141.423 134.552 27
141.049 134.206 28
140.518 134.019 29
139.896 133.782 30
139.047 133.338 31
138.324 132.715 32
137.824 132.259 33
137.484 131.983 34
137.344 131.849 35
137.304 131.546 36
137.321 131.006 37
137.291 130.528 38
137.147 130.251 39
136.927 130.1 40
136.677 129.92 41
136.301 129.585 42
135.946 129.04 43
135.73 128.632 44
135.669 128.43 45
135.679 128.393 46
135.843 128.268 47
136.11 127.914 48
136.35 127.598 49
136.43 127.286 50
136.475 127.179 51
136.459 127.118 52
136.385 126.966 53
136.277 126.551 54
136.313 126.066 55
136.5 125.768 56
136.65 125.654 57
-------------
163 145 0
162.2 144.576 1
161.479 144.28 2
160.906 144.02 3
160.421 143.551 4
159.882 143.03 5
159.303 142.644 6
158.489 142.357 7
157.491 142.171 8
156.304 141.849 9
155.015 141.271 10
154.035 140.753 11
153.273 140.415 12
152.733 140.212 13
152.224 140.013 14
151.731 139.499 15
151.2 139.082 16
150.592 138.743 17
149.924 138.538 18
149.118 138.371 19
148.145 137.975 20
147.196 137.391 21
-------------
157 148 0
156.064 147.525 1
155.282 147.232 2
154.68 146.983 3
154.207 146.542 4
153.688 146.028 5
153.12 145.657 6
152.302 145.373 7
151.284 145.228 8
150.089 144.914 9
148.791 144.369 10
147.766 143.881 11
146.982 143.535 12
146.409 143.327 13
145.885 143.113 14
145.452 142.586 15
-------------
160 148 0
159.058 147.53 1
158.268 147.24 2
157.664 146.989 3
157.167 146.532 4
156.629 146.014 5
156.052 145.635 6
155.236 145.35 7
154.199 145.206 8
152.999 144.89 9
151.67 144.357 10
150.636 143.864 11
149.849 143.516 12
149.274 143.308 13
148.739 143.095 14
148.204 142.658 15
147.682 142.288 16
147.08 141.957 17
146.362 141.749 18
145.542 141.577 19
144.56 141.171 20
143.565 140.548 21
142.847 140.057 22
142.299 139.71 23
141.921 139.496 24
141.608 139.221 25
-------------
163 148 0
162.048 147.539 1
161.248 147.255 2
160.642 147.004 3
160.112 146.547 4
159.568 146.032 5
158.98 145.654 6
158.165 145.368 7
157.115 145.221 8
155.867 144.912 9
154.513 144.402 10
153.48 143.913 11
152.691 143.566 12
152.115 143.364 13
151.571 143.165 14
-------------
166 148 0
165.033 147.547 1
164.231 147.279 2
163.626 147.031 3
163.086 146.588 4
162.539 146.085 5
161.949 145.712 6
161.135 145.426 7
160.083 145.28 8
158.831 144.997 9
-------------
160 151 0
159.031 150.543 1
158.213 150.253 2
157.606 150.004 3
157.083 149.563 4
156.569 149.122 5
156.024 148.805 6
155.202 148.522 7
154.157 148.393 8
152.947 148.08 9
151.592 147.587 10
150.538 147.117 11
149.749 146.769 12
149.17 146.559 13
148.568 146.339 14
147.987 146.061 15
147.566 145.903 16
146.971 145.608 17
146.243 145.412 18
145.422 145.242 19
144.485 144.858 20
143.502 144.268 21
142.793 143.803 22
142.283 143.46 23
141.904 143.242 24
141.563 142.989 25
141.384 142.816 26
141.18 142.674 27
140.819 142.348 28
140.29 142.174 29
139.754 142.018 30
139.104 141.717 31
138.487 141.233 32
138.12 140.938 33
137.835 140.68 34
137.672 140.569 35
137.508 140.447 36
137.532 140.362 37
137.589 140.274 38
137.467 140.062 39
137.246 139.918 40
137.041 139.807 41
136.888 139.672 42
136.872 139.586 43
136.683 139.438 44
136.729 139.352 45
136.73 139.319 46
136.692 139.283 47
136.768 139.199 48
136.81 139.154 49
136.825 138.994 50
136.819 138.945 51
136.801 138.91 52
136.828 138.837 53
136.906 138.769 54
136.912 138.722 55
137.102 138.545 56
137.208 138.477 57
137.258 138.353 58
137.253 138.323 59
137.264 138.297 60
137.285 138.233 61
137.29 138.185 62
137.298 138.159 63
137.358 138.109 64
137.441 138.003 65
137.461 137.925 66
137.52 137.745 67
137.554 137.709 68
137.565 137.687 69
137.566 137.664 70
137.592 137.625 71
137.606 137.592 72
137.619 137.567 73
137.628 137.543 74
137.638 137.531 75
137.654 137.498 76
137.67 137.464 77
137.67 137.419 78
137.692 137.417 79
137.707 137.388 80
137.708 137.384 81
137.727 137.369 82
137.74 137.354 83
137.75 137.34 84
137.758 137.324 85
137.777 137.316 86
137.786 137.305 87
137.795 137.287 88
137.803 137.284 89
137.814 137.265 90
137.827 137.255 91
-------------
163 151 0
162.031 150.546 1
161.209 150.262 2
160.601 150.012 3
160.053 149.567 4
159.495 149.118 5
158.921 148.778 6
158.107 148.494 7
157.054 148.356 8
155.773 148.062 9
154.415 147.571 10
153.365 147.101 11
152.573 146.753 12
151.987 146.546 13
151.326 146.32 14
150.746 146.045 15
150.317 145.909 16
149.724 145.617 17
148.997 145.433 18
148.178 145.269 19
147.241 144.943 20
146.249 144.428 21
145.551 144.031 22
-------------
166 151 0
165.031 150.546 1
164.21 150.27 2
163.603 150.021 3
163.057 149.575 4
162.523 149.134 5
161.946 148.78 6
161.137 148.497 7
160.083 148.354 8
158.799 148.063 9
157.443 147.575 10
156.421 147.126 11
155.629 146.782 12
-------------
154 151 6
153.112 150.739 7
152.079 150.618 8
150.878 150.307 9
149.521 149.816 10
148.465 149.35 11
147.677 149.004 12
147.102 148.772 13
146.513 148.527 14
145.93 148.258 15
145.526 148.129 16
144.931 147.837 17
144.202 147.641 18
143.373 147.486 19
142.489 147.132 20
141.533 146.555 21
140.849 146.102 22
140.434 145.773 23
140.055 145.551 24
139.68 145.312 25
139.497 145.123 26
139.298 144.987 27
138.935 144.659 28
138.413 144.479 29
137.889 144.311 30
137.386 143.971 31
136.808 143.479 32
-------------
157 151 6
156.184 150.72 7
155.138 150.594 8
153.907 150.284 9
152.551 149.792 10
151.497 149.325 11
150.709 148.975 12
150.128 148.738 13
149.437 148.459 14
148.854 148.187 15
148.45 148.056 16
147.857 147.764 17
147.128 147.571 18
146.304 147.407 19
145.406 147.059 20
144.433 146.483 21
143.727 146.03 22
143.254 145.734 23
142.872 145.516 24
142.481 145.337 25
142.309 145.182 26
142.114 145.053 27
-------------
148 133 12
147.556 132.789 13
147.097 132.551 14
146.679 131.938 15
146.123 131.442 16
145.513 131.083 17
144.804 130.855 18
143.982 130.65 19
143.011 130.163 20
142.083 129.454 21
141.469 128.88 22
140.991 128.527 23
140.629 128.312 24
140.449 127.941 25
140.237 127.277 26
139.927 126.79 27
139.538 126.438 28
139.013 126.245 29
138.397 125.984 30
137.619 125.486 31
136.933 124.813 32
136.482 124.336 33
136.309 124.087 34
136.219 123.944 35
136.26 123.616 36
136.324 123.017 37
136.296 122.513 38
136.151 122.203 39
135.962 122.042 40
135.717 121.851 41
135.345 121.451 42
135.006 120.874 43
134.83 120.447 44
134.823 120.205 45
134.851 120.163 46
135.023 120.031 47
135.292 119.598 48
135.495 119.179 49
135.565 118.841 50
135.613 118.727 51
135.606 118.625 52
135.519 118.435 53
135.364 117.961 54
135.335 117.429 55
135.444 117.11 56
135.617 116.999 57
135.928 116.892 58
136.36 116.577 59
136.771 116.101 60
137.059 115.711 61
137.193 115.541 62
137.246 115.476 63
137.249 115.329 64
137.149 114.947 65
137.138 114.451 66
137.225 114.093 67
137.404 113.954 68
137.67 113.891 69
138.07 113.667 70
138.489 113.306 71
138.809 112.972 72
138.962 112.744 73
139.056 112.622 74
139.055 112.552 75
138.971 112.236 76
138.959 111.813 77
139.04 111.448 78
139.175 111.333 79
139.422 111.267 80
139.795 111.084 81
140.267 110.779 82
140.733 110.466 83
141.012 110.17 84
141.136 110.085 85
141.232 110.033 86
141.335 109.897 87
141.4 109.509 88
141.595 109.094 89
141.794 108.87 90
142.117 108.779 91
142.56 108.678 92
143.115 108.412 93
143.628 108.043 94
143.941 107.801 95
144.155 107.615 96
144.284 107.597 97
144.365 107.525 98
144.44 107.191 99
144.548 106.814 100
144.676 106.593 101
144.84 106.503 102
-------------
148 136 12
147.522 135.794 13
147.05 135.558 14
146.603 134.946 15
146.042 134.452 16
145.425 134.093 17
144.715 133.866 18
143.892 133.662 19
142.91 133.178 20
141.953 132.464 21
141.294 131.877 22
140.756 131.517 23
140.386 131.304 24
140.182 130.947 25
139.967 130.283 26
139.656 129.797 27
139.273 129.445 28
138.746 129.252 29
138.127 128.995 30
137.338 128.509 31
136.629 127.85 32
136.141 127.38 33
135.838 127.09 34
135.721 126.949 35
135.738 126.611 36
135.79 126.012 37
135.762 125.508 38
135.617 125.199 39
135.421 125.044 40
135.174 124.857 41
134.796 124.469 42
134.451 123.894 43
134.226 123.473 44
134.187 123.233 45
134.204 123.191 46
134.371 123.062 47
134.633 122.648 48
134.846 122.25 49
134.918 121.913 50
134.964 121.801 51
134.955 121.704 52
134.867 121.519 53
134.707 121.049 54
134.668 120.521 55
134.772 120.203 56
134.943 120.093 57
135.254 119.986 58
135.687 119.697 59
136.109 119.249 60
136.431 118.877 61
136.565 118.706 62
136.618 118.648 63
136.639 118.516 64
136.542 118.139 65
136.533 117.656 66
136.619 117.305 67
136.797 117.168 68
137.06 117.102 69
137.459 116.881 70
137.901 116.558 71
138.247 116.245 72
138.401 116.017 73
138.517 115.9 74
138.528 115.842 75
138.447 115.533 76
138.436 115.13 77
138.502 114.772 78
138.63 114.662 79
138.769 114.568 80
139.129 114.386 81
139.604 114.092 82
140.078 113.787 83
140.359 113.491 84
140.481 113.407 85
140.584 113.387 86
140.709 113.285 87
140.779 112.913 88
140.972 112.502 89
141.16 112.284 90
141.393 112.184 91
141.768 112.066 92
142.307 111.822 93
142.808 111.46 94
143.119 111.222 95
143.332 111.037 96
143.456 111.027 97
143.539 110.965 98
143.675 110.662 99
143.821 110.344 100
143.952 110.156 101
144.12 110.073 102
144.232 110.025 103
144.575 109.851 104
145.002 109.577 105
145.404 109.289 106
145.612 109.12 107
145.746 109.034 108
145.797 109.024 109
145.879 108.924 110
145.916 108.662 111
145.939 108.5 112
145.999 108.433 113
146.148 108.342 114
146.329 108.228 115
146.566 108.024 116
146.784 107.76 117
146.892 107.647 118
146.912 107.622 119
146.921 107.607 120
146.934 107.589 121
146.948 107.523 122
146.953 107.491 123
146.976 107.459 124
147.056 107.402 125
147.08 107.374 126
147.124 107.356 127
147.199 107.292 128
147.26 107.255 129
147.279 107.23 130
147.303 107.222 131
147.322 107.207 132
147.345 107.18 133
147.353 107.168 134
147.356 107.139 135
147.37 107.134 136
147.38 107.119 137
147.39 107.106 138
147.407 107.097 139
147.428 107.094 140
147.442 107.085 141
147.453 107.069 142
147.469 107.085 143
-------------
142 139 13
141.573 138.775 14
141.148 138.189 15
140.612 137.712 16
139.999 137.351 17
139.305 137.124 18
138.502 136.915 19
137.522 136.426 20
136.526 135.713 21
135.785 135.152 22
135.231 134.796 23
134.858 134.58 24
134.634 134.266 25
134.453 133.672 26
134.204 133.236 27
133.822 132.89 28
133.292 132.706 29
132.678 132.448 30
131.906 131.972 31
131.181 131.348 32
130.667 130.879 33
130.338 130.593 34
130.214 130.443 35
130.213 130.113 36
130.29 129.546 37
130.352 129.066 38
130.242 128.759 39
130.073 128.607 40
129.879 128.426 41
129.585 128.038 42
129.235 127.474 43
129.002 127.057 44
128.966 126.823 45
128.98 126.779 46
129.136 126.646 47
129.403 126.287 48
129.661 125.952 49
129.771 125.626 50
129.816 125.518 51
129.857 125.468 52
129.898 125.301 53
129.791 124.842 54
129.742 124.333 55
129.843 124.018 56
130 123.901 57
130.253 123.771 58
130.677 123.506 59
131.121 123.123 60
131.471 122.786 61
131.582 122.621 62
131.654 122.598 63
131.723 122.556 64
131.657 122.267 65
131.63 121.843 66
131.641 121.547 67
131.763 121.442 68
131.841 121.349 69
-------------
145 139 13
144.52 138.763 14
144.073 138.154 15
143.514 137.66 16
142.899 137.299 17
142.189 137.073 18
141.368 136.869 19
140.382 136.382 20
139.384 135.67 21
138.647 135.104 22
138.094 134.75 23
137.719 134.533 24
137.486 134.215 25
137.281 133.57 26
136.982 133.094 27
136.604 132.746 28
136.074 132.561 29
135.459 132.311 30
134.676 131.834 31
133.953 131.207 32
133.444 130.738 33
133.115 130.452 34
132.986 130.306 35
132.985 129.974 36
133.032 129.384 37
133.009 128.884 38
132.871 128.577 39
132.679 128.424 40
132.435 128.239 41
132.087 127.859 42
131.737 127.294 43
131.506 126.877 44
131.465 126.644 45
131.477 126.6 46
131.636 126.47 47
131.901 126.105 48
132.14 125.75 49
132.246 125.42 50
132.291 125.311 51
132.316 125.235 52
132.326 125.048 53
132.213 124.588 54
132.164 124.072 55
132.268 123.754 56
132.427 123.637 57
132.718 123.513 58
133.149 123.23 59
133.597 122.821 60
133.969 122.472 61
134.099 122.298 62
134.171 122.268 63
134.234 122.199 64
134.153 121.838 65
134.141 121.377 66
134.198 121.038 67
134.356 120.901 68
134.463 120.773 69
134.792 120.581 70
135.219 120.303 71
135.565 119.995 72
135.719 119.768 73
135.849 119.667 74
135.883 119.663 75
135.859 119.407 76
135.839 119.04 77
135.885 118.706 78
135.985 118.619 79
136.075 118.52 80
136.322 118.349 81
136.745 118.088 82
137.166 117.782 83
137.477 117.508 84
137.602 117.427 85
137.697 117.414 86
137.826 117.325 87
137.966 117.039 88
138.166 116.684 89
-------------
142 139 19
141.008 138.553 20
140 137.855 21
139.264 137.309 22
138.712 136.956 23
138.335 136.74 24
138.091 136.428 25
137.909 135.827 26
137.659 135.406 27
137.285 135.06 28
136.755 134.876 29
136.141 134.636 30
135.354 134.175 31
134.63 133.555 32
134.124 133.096 33
133.795 132.811 34
133.658 132.665 35
133.629 132.361 36
133.682 131.81 37
133.674 131.355 38
133.536 131.064 39
133.325 130.912 40
133.122 130.742 41
132.85 130.386 42
132.501 129.826 43
132.278 129.426 44
132.239 129.201 45
132.25 129.157 46
132.371 129.035 47
132.629 128.677 48
132.861 128.358 49
132.962 128.033 50
133.006 127.926 51
133.025 127.879 52
133.029 127.744 53
132.93 127.291 54
132.888 126.783 55
133.026 126.471 56
133.169 126.35 57
-------------
145 136 23
144.625 135.803 24
144.35 135.504 25
144.092 134.911 26
143.79 134.477 27
143.42 134.133 28
142.89 133.945 29
142.272 133.712 30
141.419 133.272 31
140.701 132.658 32
140.228 132.235 33
139.886 131.963 34
139.749 131.845 35
139.703 131.558 36
139.712 131.051 37
139.689 130.62 38
139.548 130.355 39
139.329 130.206 40
139.081 130.026 41
138.721 129.71 42
138.37 129.2 43
138.161 128.802 44
138.091 128.643 45
138.097 128.612 46
138.255 128.496 47
138.533 128.156 48
138.785 127.901 49
138.865 127.652 50
138.904 127.558 51
138.888 127.507 52
138.819 127.382 53
-------------
136 151 23
135.865 150.833 24
135.501 150.65 25
135.269 150.555 26
135.087 150.492 27
134.652 150.174 28
134.15 149.995 29
133.646 149.782 30
133.615 149.757 31
133.514 149.677 32
133.436 149.608 33
133.391 149.538 34
133.356 149.496 35
133.198 149.375 36
133.171 149.303 37
133.176 149.228 38
133.078 149.021 39
133.003 148.92 40
132.992 148.87 41
132.989 148.831 42
132.974 148.772 43
132.949 148.712 44
132.978 148.649 45
132.973 148.621 46
132.964 148.601 47
132.977 148.549 48
132.984 148.516 49
-------------
136 130 26
135.69 129.521 27
135.307 129.171 28
134.789 128.988 29
134.17 128.726 30
133.388 128.24 31
132.676 127.597 32
132.168 127.122 33
131.845 126.833 34
131.719 126.688 35
131.717 126.354 36
131.758 125.759 37
131.728 125.257 38
131.584 124.949 39
131.395 124.795 40
131.151 124.607 41
130.781 124.207 42
130.431 123.639 43
130.197 123.218 44
130.154 122.98 45
130.165 122.937 46
130.326 122.81 47
130.568 122.437 48
130.764 122.042 49
130.834 121.71 50
130.878 121.6 51
130.884 121.515 52
130.808 121.328 53
130.653 120.855 54
130.612 120.328 55
130.711 120.009 56
130.879 119.898 57
131.192 119.801 58
131.627 119.515 59
132.071 119.096 60
132.401 118.742 61
132.537 118.575 62
132.606 118.529 63
132.653 118.407 64
132.565 118.029 65
132.55 117.553 66
132.616 117.208 67
132.784 117.065 68
133.037 116.989 69
133.436 116.77 70
133.889 116.461 71
134.235 116.148 72
134.389 115.922 73
134.51 115.816 74
134.55 115.775 75
134.496 115.481 76
134.494 115.122 77
134.552 114.803 78
134.628 114.71 79
134.709 114.616 80
135.056 114.445 81
135.529 114.18 82
-------------
139 139 26
138.794 138.777 27
138.431 138.446 28
137.902 138.263 29
137.312 138.055 30
136.529 137.61 31
135.828 137.033 32
135.366 136.631 33
135.044 136.345 34
134.9 136.199 35
134.834 135.935 36
134.859 135.716 37
134.829 135.419 38
134.692 135.162 39
134.472 135.015 40
134.252 134.891 41
134.023 134.611 42
133.842 134.121 43
133.699 133.784 44
133.725 133.607 45
133.735 133.561 46
133.716 133.482 47
133.867 133.218 48
134.008 133.014 49
134.109 132.714 50
134.151 132.611 51
134.136 132.576 52
134.144 132.474 53
-------------
136 121 33
135.88 120.792 34
135.813 120.653 35
135.859 120.342 36
135.941 119.788 37
135.918 119.298 38
135.772 118.993 39
135.601 118.832 40
135.363 118.643 41
134.993 118.242 42
134.679 117.684 43
134.533 117.27 44
134.555 117.044 45
134.585 117.003 46
134.757 116.873 47
135.024 116.439 48
135.216 116.018 49
135.282 115.68 50
135.329 115.566 51
135.322 115.462 52
135.238 115.27 53
135.085 114.797 54
135.086 114.28 55
135.22 113.985 56
135.396 113.875 57
135.704 113.768 58
136.127 113.434 59
136.52 112.949 60
136.782 112.548 61
136.912 112.378 62
136.962 112.309 63
136.963 112.16 64
136.866 111.778 65
136.862 111.278 66
136.966 110.927 67
137.148 110.785 68
137.414 110.722 69
137.81 110.49 70
138.21 110.103 71
138.485 109.746 72
138.632 109.517 73
138.719 109.393 74
138.714 109.321 75
138.631 109.002 76
138.619 108.574 77
138.701 108.207 78
138.84 108.084 79
139.088 108.019 80
139.462 107.835 81
139.917 107.507 82
140.351 107.187 83
140.626 106.892 84
140.75 106.807 85
140.84 106.752 86
140.912 106.602 87
140.975 106.211 88
141.169 105.792 89
141.367 105.565 90
141.697 105.48 91
142.151 105.39 92
142.706 105.119 93
143.217 104.75 94
143.527 104.507 95
143.744 104.322 96
143.872 104.296 97
143.931 104.203 98
143.974 103.852 99
144.081 103.461 100
144.215 103.228 101
144.424 103.146 102
144.774 103.131 103
145.242 102.951 104
145.711 102.664 105
146.117 102.371 106
146.322 102.198 107
146.441 102.105 108
146.498 102.087 109
146.518 101.914 110
146.502 101.575 111
146.556 101.278 112
146.631 101.19 113
146.805 101.112 114
147.118 101.007 115
147.453 100.751 116
147.735 100.436 117
147.824 100.26 118
147.846 100.216 119
147.858 100.202 120
147.836 100.163 121
147.737 99.8715 122
147.715 99.602 123
147.724 99.5048 124
147.82 99.4364 125
147.942 99.3695 126
148.316 99.2031 127
148.658 98.9175 128
148.882 98.769 129
148.967 98.6869 130
149.081 98.6685 131
149.138 98.6354 132
149.194 98.5298 133
-------------
139 124 37
138.977 123.496 38
138.839 123.189 39
138.665 123.036 40
138.433 122.85 41
138.065 122.46 42
137.752 121.895 43
137.587 121.487 44
137.582 121.276 45
137.604 121.241 46
137.778 121.11 47
138.058 120.692 48
138.275 120.281 49
138.348 119.943 50
138.397 119.83 51
138.388 119.729 52
138.297 119.545 53
138.129 119.081 54
138.096 118.553 55
138.189 118.24 56
138.364 118.131 57
138.677 118.023 58
139.115 117.71 59
139.535 117.242 60
139.836 116.866 61
139.971 116.696 62
140.023 116.632 63
140.027 116.487 64
139.924 116.11 65
139.911 115.618 66
140.006 115.265 67
140.188 115.132 68
140.456 115.069 69
140.857 114.845 70
141.283 114.489 71
141.603 114.147 72
141.756 113.92 73
141.845 113.797 74
141.843 113.73 75
141.756 113.416 76
141.747 112.997 77
141.838 112.635 78
141.987 112.522 79
142.23 112.454 80
142.602 112.269 81
143.08 111.964 82
143.554 111.658 83
143.832 111.366 84
143.956 111.281 85
144.046 111.229 86
144.161 111.115 87
144.234 110.73 88
144.464 110.318 89
144.709 110.107 90
145.034 110.019 91
145.475 109.913 92
146.024 109.649 93
146.535 109.28 94
146.848 109.044 95
147.064 108.858 96
147.188 108.836 97
147.266 108.759 98
147.387 108.453 99
147.531 108.079 100
147.737 107.862 101
147.927 107.772 102
-------------
154 91 38
154.047 90.9247 39
154.051 90.916 40
154.027 90.8865 41
154.032 90.7007 42
154.159 90.5036 43
154.315 90.2741 44
154.528 90.2265 45
154.836 90.2081 46
155.177 90.0156 47
155.419 89.7228 48
155.529 89.4284 49
155.563 89.3454 50
155.554 89.3589 51
155.481 89.2906 52
155.465 88.999 53
155.568 88.7038 54
155.688 88.547 55
155.847 88.5307 56
156.157 88.5428 57
156.502 88.3671 58
156.777 88.0824 59
156.902 87.8124 60
156.953 87.7311 61
156.955 87.7252 62
156.89 87.6845 63
156.893 87.5218 64
156.986 87.2576 65
157.118 86.9998 66
157.262 86.9627 67
157.513 86.9868 68
157.801 86.8394 69
157.957 86.6063 70
158.018 86.4192 71
158.043 86.3676 72
158.041 86.3753 73
158.015 86.2951 74
158.007 86.208 75
158.061 85.9433 76
158.154 85.8364 77
158.282 85.8323 78
158.518 85.855 79
158.741 85.7292 80
158.955 85.5032 81
159.144 85.2753 82
159.289 85.2302 83
159.421 85.2341 84
159.494 85.1469 85
159.638 84.9407 86
159.911 84.7215 87
160.195 84.5866 88
160.589 84.5778 89
161.106 84.5542 90
161.704 84.3438 91
162.267 84.0668 92
162.748 83.8708 93
163.134 83.7811 94
163.482 83.7415 95
163.87 83.5742 96
164.135 83.4577 97
164.461 83.2341 98
164.812 83.1423 99
165.267 83.1267 100
165.865 83.0628 101
166.446 82.9043 102
166.948 82.8092 103
167.247 82.7034 104
167.496 82.6978 105
167.769 82.5926 106
168.057 82.4872 107
-------------
133 121 39
132.813 120.844 40
132.568 120.654 41
132.197 120.254 42
131.865 119.689 43
131.713 119.271 44
131.73 119.044 45
131.758 119.002 46
131.929 118.871 47
132.192 118.438 48
132.38 118.024 49
132.444 117.691 50
132.487 117.579 51
132.479 117.478 52
132.394 117.289 53
132.239 116.816 54
132.203 116.286 55
132.302 115.967 56
132.465 115.853 57
132.767 115.773 58
133.183 115.468 59
133.544 115.001 60
133.807 114.619 61
133.937 114.461 62
133.985 114.397 63
133.986 114.252 64
133.885 113.871 65
133.856 113.377 66
133.914 113.02 67
134.07 112.874 68
134.333 112.815 69
134.726 112.606 70
135.133 112.263 71
135.422 111.973 72
135.558 111.762 73
135.656 111.656 74
135.661 111.591 75
135.579 111.274 76
135.549 110.857 77
135.611 110.492 78
135.726 110.379 79
135.973 110.318 80
136.348 110.14 81
136.809 109.855 82
137.258 109.547 83
137.536 109.256 84
137.659 109.174 85
137.756 109.125 86
137.848 108.999 87
137.913 108.618 88
138.105 108.217 89
138.296 108.002 90
138.582 107.927 91
139.013 107.839 92
139.568 107.575 93
140.081 107.207 94
-------------
130 133 41
129.789 132.688 42
129.443 132.151 43
129.199 131.784 44
129.169 131.591 45
129.177 131.547 46
129.167 131.458 47
129.398 131.136 48
129.616 130.845 49
129.724 130.523 50
129.767 130.42 51
129.801 130.395 52
129.883 130.326 53
129.811 129.902 54
129.782 129.481 55
129.829 129.225 56
129.961 129.109 57
130.059 128.957 58
130.383 128.708 59
130.789 128.323 60
131.164 127.978 61
131.329 127.799 62
131.384 127.774 63
131.454 127.732 64
-------------
139 130 49
139.031 129.795 50
139.066 129.714 51
139.049 129.668 52
138.986 129.549 53
139.061 129.475 54
139.257 129.205 55
139.457 128.952 56
139.527 128.891 57
139.602 128.781 58
139.977 128.624 59
140.376 128.272 60
140.638 128.03 61
140.67 127.939 62
140.673 127.906 63
140.677 127.827 64
140.844 127.717 65
141.052 127.6 66
141.173 127.373 67
141.345 127.281 68
141.41 127.177 69
-------------
139 115 55
139.12 114.729 56
139.295 114.62 57
139.605 114.511 58
140.031 114.186 59
140.434 113.711 60
140.713 113.325 61
140.845 113.159 62
140.897 113.092 63
140.901 112.945 64
140.814 112.571 65
140.815 112.077 66
140.925 111.736 67
141.108 111.599 68
141.376 111.534 69
141.775 111.301 70
142.189 110.921 71
142.5 110.566 72
142.653 110.338 73
142.741 110.213 74
142.737 110.141 75
142.652 109.824 76
142.643 109.4 77
142.736 109.039 78
142.881 108.92 79
143.131 108.851 80
143.505 108.662 81
143.981 108.329 82
144.432 107.989 83
144.71 107.692 84
144.835 107.605 85
144.921 107.547 86
144.996 107.399 87
145.06 107.007 88
145.262 106.59 89
145.485 106.369 90
145.819 106.281 91
146.278 106.181 92
146.828 105.899 93
147.338 105.526 94
147.653 105.285 95
147.873 105.1 96
148 105.071 97
148.059 104.978 98
148.091 104.627 99
148.209 104.234 100
148.382 103.999 101
148.596 103.918 102
148.953 103.903 103
149.418 103.721 104
149.88 103.43 105
150.285 103.136 106
150.491 102.964 107
150.614 102.869 108
150.667 102.848 109
150.676 102.667 110
150.663 102.327 111
150.787 102.028 112
150.873 101.943 113
151.055 101.869 114
151.365 101.764 115
151.694 101.512 116
152 101.191 117
152.092 101.024 118
152.113 100.982 119
152.115 100.961 120
152.047 100.889 121
151.969 100.606 122
152.008 100.328 123
152.083 100.218 124
152.188 100.143 125
152.313 100.072 126
152.679 99.9052 127
153.04 99.6021 128
153.279 99.4503 129
153.367 99.3636 130
153.482 99.3433 131
153.548 99.2934 132
153.646 99.1541 133
153.766 98.862 134
153.905 98.6684 135
154.106 98.569 136
154.228 98.4852 137
154.574 98.33 138
155.022 98.0907 139
155.466 97.8811 140
155.694 97.7876 141
155.982 97.6843 142
156.174 97.7198 143
156.361 97.6396 144
156.465 97.5698 145
156.507 97.5179 146
156.563 97.4902 147
156.626 97.4207 148
156.759 97.3576 149
156.924 97.227 150
157.295 97.1244 151
157.242 97.1183 152
-------------
157 85 58
157.229 84.7277 59
157.308 84.4682 60
157.328 84.3981 61
157.323 84.3949 62
157.243 84.3608 63
157.234 84.2011 64
157.326 83.938 65
157.458 83.6842 66
157.602 83.649 67
157.855 83.6734 68
158.144 83.5264 69
158.293 83.2899 70
158.325 83.0986 71
158.332 83.0437 72
158.305 83.0541 73
158.243 82.9743 74
158.246 82.8779 75
158.345 82.5942 76
158.445 82.486 77
158.608 82.4967 78
158.854 82.5211 79
159.1 82.3862 80
159.282 82.1287 81
159.41 81.8581 82
159.549 81.8099 83
159.63 81.835 84
159.662 81.7335 85
159.802 81.5112 86
160.081 81.2864 87
160.384 81.1545 88
160.809 81.1721 89
161.441 81.2158 90
162.057 81 91
162.584 80.6804 92
162.992 80.4534 93
163.373 80.377 94
163.715 80.3702 95
164.007 80.1799 96
164.277 80.0095 97
164.609 79.7643 98
164.965 79.6723 99
165.482 79.7079 100
166.121 79.6482 101
166.696 79.4481 102
167.164 79.229 103
167.464 79.1008 104
167.718 79.1005 105
167.982 79.0126 106
168.244 78.8468 107
168.479 78.6258 108
168.713 78.4855 109
169.015 78.4704 110
169.397 78.5038 111
169.887 78.2967 112
170.326 78.1572 113
170.678 78.0295 114
170.975 77.9714 115
171.2 77.9683 116
171.491 77.8159 117
171.699 77.7156 118
-------------
160 88 58
160.261 87.7387 59
160.398 87.4923 60
160.445 87.4187 61
160.455 87.4106 62
160.449 87.3803 63
160.461 87.2304 64
160.557 86.9715 65
160.698 86.7411 66
160.841 86.7029 67
161.085 86.7188 68
161.368 86.5727 69
161.522 86.3434 70
161.589 86.1697 71
161.625 86.1258 72
161.63 86.1313 73
161.617 86.0815 74
161.612 86.0053 75
161.684 85.7558 76
161.772 85.6518 77
161.888 85.6466 78
162.126 85.6727 79
162.352 85.5457 80
162.558 85.3173 81
162.744 85.0894 82
162.889 85.0449 83
163.022 85.0545 84
163.054 84.9619 85
163.182 84.7501 86
163.452 84.5351 87
163.746 84.4018 88
164.158 84.398 89
164.661 84.3614 90
165.262 84.1484 91
165.787 83.843 92
166.178 83.6319 93
166.536 83.5508 94
166.855 83.5254 95
167.163 83.3494 96
167.435 83.2155 97
167.77 82.9912 98
168.123 82.9012 99
168.584 82.8974 100
169.201 82.8327 101
169.781 82.6696 102
170.228 82.5466 103
170.504 82.4312 104
170.755 82.4267 105
171.022 82.3361 106
171.285 82.2234 107
171.432 82.0941 108
171.686 81.9597 109
171.937 81.9288 110
172.287 81.9498 111
172.735 81.7539 112
173.151 81.639 113
173.475 81.5395 114
173.745 81.4858 115
173.954 81.4666 116
174.247 81.3121 117
174.433 81.2691 118
-------------
139 109 61
139.101 108.851 62
139.15 108.785 63
139.15 108.64 64
139.062 108.269 65
139.079 107.848 66
139.212 107.531 67
139.396 107.396 68
139.654 107.332 69
140.04 107.097 70
140.414 106.713 71
140.661 106.337 72
140.801 106.106 73
140.873 105.979 74
140.866 105.907 75
140.785 105.588 76
140.784 105.168 77
140.896 104.82 78
141.045 104.701 79
141.293 104.63 80
141.666 104.439 81
142.093 104.055 82
142.468 103.688 83
142.733 103.383 84
142.858 103.295 85
142.941 103.227 86
143.008 103.073 87
143.073 102.681 88
143.274 102.261 89
143.49 102.037 90
143.823 101.944 91
144.283 101.845 92
144.83 101.549 93
145.325 101.17 94
145.614 100.905 95
145.835 100.722 96
145.955 100.68 97
146 100.575 98
146.026 100.22 99
146.13 99.8178 100
146.278 99.5707 101
146.495 99.4911 102
146.854 99.4783 103
147.319 99.2926 104
147.772 98.9723 105
148.161 98.6681 106
148.366 98.4957 107
148.476 98.3981 108
148.528 98.371 109
148.509 98.175 110
148.485 97.8237 111
148.551 97.5033 112
148.629 97.4124 113
148.819 97.3457 114
149.131 97.2402 115
149.467 96.9806 116
149.764 96.6561 117
149.857 96.4763 118
149.874 96.4268 119
149.865 96.3882 120
149.796 96.2936 121
149.695 95.9909 122
149.698 95.665 123
149.74 95.5382 124
149.877 95.4689 125
150.168 95.4348 126
150.55 95.2551 127
150.941 94.9408 128
151.183 94.7841 129
151.27 94.6965 130
151.382 94.6719 131
151.445 94.5943 132
151.457 94.3959 133
151.529 94.0535 134
151.642 93.8243 135
151.853 93.7224 136
152.062 93.6533 137
152.514 93.4885 138
152.999 93.2431 139
153.448 93.0246 140
153.672 92.9285 141
153.96 92.8266 142
154.156 92.8668 143
154.323 92.7834 144
154.409 92.7047 145
154.421 92.6555 146
154.418 92.6423 147
154.372 92.6128 148
154.345 92.6134 149
154.056 92.5808 150
154.409 92.482 151
154.199 92.5351 152
153.763 92.6627 153
-------------
142 121 66
142.16 120.686 67
142.308 120.578 68
142.504 120.502 69
142.895 120.305 70
143.342 120.03 71
143.685 119.736 72
143.802 119.574 73
143.847 119.488 74
143.847 119.438 75
143.879 119.343 76
144.055 119.198 77
144.234 118.893 78
144.371 118.812 79
144.421 118.742 80
144.722 118.593 81
145.115 118.395 82
145.582 118.116 83
145.68 117.955 84
145.793 117.877 85
145.82 117.849 86
145.933 117.758 87
146.156 117.62 88
146.447 117.339 89
146.709 117.191 90
146.877 117.132 91
147.092 116.974 92
147.542 116.822 93
-------------
160 82 68
160.272 81.8608 69
160.418 81.6296 70
160.451 81.4465 71
160.458 81.3997 72
160.432 81.41 73
160.376 81.3494 74
160.38 81.2571 75
160.483 80.9764 76
160.584 80.8693 77
160.738 80.8748 78
160.984 80.8996 79
161.231 80.7651 80
161.404 80.5087 81
161.538 80.2265 82
161.62 80.1574 83
161.615 80.1695 84
161.63 80.0695 85
161.771 79.8452 86
162.051 79.6183 87
162.359 79.4836 88
162.794 79.5054 89
163.437 79.5324 90
164.063 79.3072 91
164.575 78.9536 92
164.96 78.7066 93
165.329 78.6274 94
165.643 78.6202 95
165.913 78.4057 96
166.191 78.1927 97
166.528 77.927 98
166.886 77.8343 99
167.405 77.8735 100
168.048 77.8128 101
168.59 77.5577 102
168.997 77.2705 103
169.289 77.1289 104
169.542 77.1309 105
169.78 77.054 106
169.978 76.8291 107
170.216 76.5537 108
170.484 76.3881 109
170.793 76.3778 110
171.178 76.4131 111
171.676 76.1996 112
172.078 75.9843 113
172.425 75.818 114
172.723 75.7579 115
172.959 75.7689 116
173.249 75.6148 117
173.481 75.4648 118
173.817 75.241 119
174.182 75.1596 120
174.686 75.2559 121
175.363 75.2224 122
176.047 75.0638 123
176.586 74.991 124
-------------
145 112 72
145.156 111.777 73
145.243 111.655 74
145.24 111.591 75
145.145 111.304 76
145.125 110.924 77
145.203 110.604 78
145.336 110.492 79
145.585 110.423 80
145.958 110.235 81
146.433 109.92 82
146.894 109.599 83
147.165 109.312 84
147.289 109.225 85
147.372 109.166 86
147.455 109.03 87
147.518 108.645 88
147.722 108.25 89
147.951 108.04 90
148.283 107.953 91
148.742 107.851 92
149.292 107.582 93
149.804 107.213 94
150.12 106.979 95
150.338 106.796 96
150.464 106.766 97
150.531 106.681 98
150.621 106.402 99
150.753 106.024 100
150.952 105.801 101
151.166 105.719 102
151.507 105.7 103
151.973 105.521 104
152.44 105.245 105
152.846 104.955 106
153.045 104.795 107
153.17 104.706 108
153.221 104.684 109
153.293 104.559 110
-------------
160 88 76
160.075 87.8973 77
160.18 87.8871 78
160.414 87.9125 79
160.621 87.793 80
160.85 87.5906 81
161.045 87.3712 82
161.192 87.3262 83
161.337 87.3247 84
161.422 87.2501 85
161.552 87.0487 86
161.821 86.8333 87
162.097 86.7 88
162.478 86.6756 89
162.96 86.6373 90
163.553 86.4269 91
164.081 86.1523 92
164.478 85.9561 93
164.815 85.8601 94
165.132 85.815 95
165.534 85.66 96
165.791 85.5966 97
166.111 85.4216 98
166.458 85.3304 99
166.874 85.2958 100
167.387 85.2219 101
167.964 85.0718 102
168.43 84.9969 103
168.714 84.9129 104
168.916 84.8865 105
169.2 84.7628 106
169.492 84.6688 107
169.513 84.6291 108
169.635 84.5499 109
169.849 84.5096 110
170.125 84.5225 111
170.49 84.3647 112
170.906 84.2533 113
171.26 84.1699 114
171.534 84.1211 115
171.725 84.0736 116
172.019 83.9155 117
172.072 83.8819 118
172.092 83.8519 119
172.21 83.8079 120
-------------
139 118 76
139.022 117.614 77
139.121 117.263 78
139.263 117.152 79
139.359 117.048 80
139.654 116.88 81
140.073 116.616 82
140.541 116.31 83
140.822 116.018 84
140.946 115.935 85
141.039 115.919 86
141.167 115.823 87
141.323 115.508 88
141.546 115.114 89
141.791 114.908 90
142.018 114.805 91
142.245 114.638 92
142.744 114.404 93
143.236 114.045 94
143.562 113.816 95
143.777 113.631 96
143.879 113.621 97
143.964 113.558 98
144.171 113.298 99
144.33 112.995 100
144.501 112.803 101
144.676 112.71 102
144.792 112.66 103
145.098 112.493 104
145.511 112.222 105
145.913 111.938 106
146.122 111.771 107
146.25 111.686 108
146.297 111.674 109
146.383 111.58 110
146.397 111.454 111
146.406 111.364 112
146.458 111.305 113
146.577 111.234 114
146.648 111.176 115
146.656 111.141 116
146.751 111.021 117
146.818 110.973 118
146.825 110.958 119
146.834 110.943 120
146.845 110.926 121
146.859 110.877 122
146.861 110.852 123
146.877 110.831 124
146.916 110.801 125
146.923 110.787 126
146.945 110.779 127
146.992 110.734 128
147.027 110.709 129
147.041 110.688 130
147.054 110.686 131
147.067 110.674 132
147.085 110.659 133
147.09 110.652 134
147.093 110.632 135
-------------
145 106 78
145.137 105.889 79
145.372 105.822 80
145.744 105.631 81
146.182 105.282 82
146.594 104.943 83
146.869 104.647 84
146.995 104.56 85
147.076 104.493 86
147.148 104.345 87
147.218 103.955 88
147.421 103.541 89
147.643 103.321 90
147.978 103.226 91
148.439 103.124 92
148.989 102.832 93
149.497 102.456 94
149.81 102.201 95
150.034 102.016 96
150.158 101.974 97
150.212 101.873 98
150.236 101.521 99
150.347 101.121 100
150.523 100.882 101
150.743 100.8 102
151.105 100.783 103
151.574 100.597 104
152.039 100.279 105
152.436 99.9734 106
152.644 99.8015 107
152.757 99.7025 108
152.802 99.667 109
152.787 99.4711 110
152.762 99.122 111
152.868 98.7988 112
152.955 98.7121 113
153.147 98.6448 114
153.459 98.5385 115
153.794 98.2796 116
154.096 97.9543 117
154.193 97.7775 118
154.21 97.7311 119
154.203 97.6987 120
154.129 97.6115 121
154.024 97.3186 122
154.043 96.9927 123
154.114 96.8682 124
154.253 96.8014 125
154.546 96.7697 126
154.929 96.592 127
155.32 96.2778 128
155.563 96.1226 129
155.652 96.0343 130
155.761 96.0086 131
155.816 95.9283 132
155.854 95.7427 133
155.962 95.4088 134
156.123 95.195 135
156.336 95.0955 136
156.569 95.0313 137
157.031 94.8649 138
157.501 94.6213 139
157.948 94.4073 140
158.175 94.3129 141
158.463 94.2105 142
158.659 94.2503 143
158.833 94.1737 144
158.932 94.0988 145
158.994 94.036 146
159.149 93.9736 147
159.253 93.8977 148
159.492 93.8376 149
159.715 93.6558 150
160.09 93.5479 151
160.123 93.5015 152
160.33 93.4462 153
160.439 93.4079 154
160.562 93.2812 155
160.623 92.9886 156
160.649 92.8468 157
160.787 92.7341 158
160.892 92.6528 159
161.033 92.5331 160
161.356 92.344 161
161.702 92.1376 162
161.938 91.993 163
162.13 91.9303 164
162.25 91.9132 165
162.386 91.8709 166
162.468 91.7496 167
162.488 91.6904 168
162.549 91.6164 169
162.695 91.5664 170
-------------
145 100 83
145.231 99.7296 84
145.354 99.6429 85
145.434 99.5745 86
145.495 99.4313 87
145.568 99.0593 88
145.778 98.6796 89
145.999 98.47 90
146.331 98.3758 91
146.791 98.276 92
147.325 97.9838 93
147.789 97.6053 94
148.068 97.3461 95
148.289 97.1635 96
148.405 97.1133 97
148.446 97.0048 98
148.474 96.6571 99
148.583 96.2571 100
148.758 96.0193 101
148.979 95.9377 102
149.341 95.9205 103
149.803 95.7289 104
150.259 95.3963 105
150.623 95.0698 106
150.826 94.8959 107
150.938 94.7964 108
150.981 94.7525 109
150.961 94.5561 110
150.942 94.2046 111
151.048 93.8756 112
151.129 93.7808 113
151.319 93.7129 114
151.63 93.602 115
151.962 93.3303 116
152.233 92.9915 117
152.323 92.8066 118
152.34 92.7551 119
152.33 92.7154 120
152.26 92.6195 121
152.161 92.314 122
152.179 91.9727 123
152.234 91.8344 124
152.378 91.7673 125
152.672 91.7381 126
153.045 91.5164 127
153.433 91.194 128
153.656 91.0076 129
153.745 90.9187 130
153.829 90.8768 131
153.849 90.7568 132
153.811 90.5496 133
153.879 90.1964 134
153.998 89.9621 135
154.216 89.8636 136
154.525 89.8349 137
154.994 89.6659 138
155.478 89.4164 139
155.925 89.1961 140
156.155 89.1032 141
156.439 89.0038 142
156.634 89.0424 143
156.768 88.9621 144
156.83 88.8502 145
156.858 88.7867 146
156.857 88.7736 147
-------------
148 115 83
148.166 114.835 84
148.286 114.755 85
148.363 114.713 86
148.48 114.623 87
148.689 114.469 88
148.982 114.175 89
149.243 114.003 90
149.383 113.953 91
149.689 113.82 92
150.215 113.631 93
150.676 113.324 94
150.897 113.183 95
151.048 113.048 96
151.151 113.025 97
151.206 112.962 98
151.452 112.837 99
151.751 112.666 100
151.962 112.508 101
152.13 112.435 102
152.207 112.406 103
152.522 112.294 104
152.906 112.122 105
-------------
163 76 87
163.307 75.8723 88
163.74 75.902 89
164.389 75.9603 90
165.013 75.7375 91
165.4 75.3671 92
165.626 75.1159 93
165.884 75.0565 94
166.102 75.0706 95
166.311 74.8786 96
166.587 74.6642 97
166.924 74.3939 98
167.283 74.3022 99
167.803 74.3446 100
168.447 74.2846 101
168.943 74.0083 102
169.305 73.7028 103
169.582 73.5481 104
169.822 73.5519 105
170.005 73.5009 106
170.19 73.2686 107
170.429 72.9571 108
170.699 72.7828 109
171.012 72.7754 110
171.401 72.8182 111
171.899 72.6011 112
172.26 72.3423 113
172.518 72.1178 114
172.813 72.0551 115
173.047 72.0792 116
173.301 71.9176 117
173.521 71.7204 118
173.856 71.4862 119
174.224 71.4055 120
174.741 71.5204 121
175.425 71.4933 122
176.072 71.3045 123
176.402 71.1608 124
176.675 71.1812 125
-------------
148 100 89
148.213 99.8147 90
148.547 99.7198 91
149.006 99.6176 92
149.551 99.3343 93
150.03 98.9911 94
150.32 98.7507 95
150.544 98.5673 96
150.662 98.5214 97
150.711 98.4231 98
150.741 98.122 99
150.86 97.7468 100
151.036 97.509 101
151.256 97.4269 102
151.618 97.4086 103
152.08 97.2187 104
152.539 96.8883 105
152.926 96.5755 106
153.133 96.4028 107
153.246 96.3034 108
153.289 96.2605 109
153.271 96.0635 110
153.251 95.7134 111
153.358 95.3852 112
153.442 95.2925 113
153.633 95.2247 114
153.947 95.1151 115
154.281 94.846 116
154.575 94.5142 117
154.67 94.3304 118
154.689 94.28 119
154.682 94.243 120
154.61 94.1489 121
154.512 93.8441 122
154.527 93.5098 123
154.587 93.3779 124
154.733 93.3105 125
155.028 93.2801 126
155.407 93.0628 127
155.795 92.7392 128
156.036 92.5746 129
156.126 92.4851 130
156.21 92.4441 131
156.229 92.3207 132
156.191 92.114 133
156.26 91.7608 134
156.397 91.535 135
156.614 91.4359 136
156.925 91.4054 137
157.395 91.2356 138
157.873 90.9797 139
158.322 90.7593 140
158.55 90.6653 141
158.836 90.5644 142
159.031 90.604 143
159.186 90.5303 144
159.266 90.4424 145
159.294 90.3781 146
-------------
166 79 90
166.626 78.7739 91
167.133 78.4295 92
167.497 78.1806 93
167.862 78.0993 94
168.171 78.0851 95
168.434 77.8697 96
168.713 77.657 97
169.05 77.3898 98
169.409 77.2963 99
169.928 77.3346 100
170.571 77.2708 101
171.112 77.0041 102
171.514 76.7093 103
171.803 76.5625 104
172.056 76.5648 105
172.287 76.4887 106
172.475 76.257 107
172.713 75.9484 108
172.983 75.7763 109
173.292 75.7667 110
173.677 75.8014 111
174.175 75.5842 112
174.554 75.3367 113
174.866 75.1242 114
175.164 75.063 115
175.398 75.0799 116
175.665 74.9187 117
175.874 74.7402 118
176.213 74.5135 119
176.579 74.4321 120
177.096 74.5436 121
177.776 74.5151 122
178.441 74.3388 123
-------------
169 82 93
169.363 81.9253 94
169.682 81.9075 95
169.926 81.7234 96
170.175 81.5903 97
170.5 81.3764 98
170.855 81.2874 99
171.367 81.3257 100
172 81.2642 101
172.545 81.0514 102
172.932 80.8747 103
173.207 80.7556 104
173.458 80.7523 105
173.716 80.6709 106
173.941 80.5537 107
174.118 80.4052 108
174.39 80.2587 109
174.675 80.2477 110
175.053 80.2796 111
175.542 80.0732 112
175.955 79.9512 113
176.29 79.8201 114
176.577 79.7631 115
176.803 79.7658 116
177.094 79.6127 117
177.294 79.5689 118
177.62 79.4223 119
177.98 79.3456 120
178.332 79.4087 121
178.842 79.3407 122
-------------
151 109 95
151.214 108.824 96
151.336 108.796 97
151.406 108.719 98
151.579 108.527 99
151.843 108.282 100
152.063 108.079 101
152.248 108 102
152.511 107.969 103
152.927 107.817 104
153.393 107.559 105
153.794 107.281 106
153.931 107.16 107
154.06 107.08 108
154.104 107.058 109
154.182 106.953 110
154.301 106.857 111
154.431 106.598 112
154.513 106.541 113
154.613 106.478 114
154.789 106.406 115
155.029 106.241 116
155.334 105.978 117
155.361 105.922 118
155.375 105.896 119
155.366 105.875 120
155.314 105.824 121
155.345 105.774 122
155.357 105.708 123
155.463 105.646 124
155.552 105.585 125
155.594 105.533 126
-------------
169 73 97
169.318 72.7485 98
169.673 72.6566 99
170.176 72.6919 100
170.816 72.6308 101
171.308 72.3584 102
171.626 72.0722 103
171.881 71.9242 104
172.102 71.9261 105
172.163 71.9065 106
172.337 71.6803 107
172.576 71.3692 108
172.846 71.1945 109
173.16 71.1872 110
173.547 71.2271 111
174.048 71.0083 112
174.414 70.7442 113
174.689 70.5086 114
174.983 70.4434 115
175.216 70.4666 116
175.465 70.3024 117
175.687 70.099 118
176.026 69.86 119
176.395 69.778 120
176.914 69.8921 121
177.6 69.866 122
178.214 69.6396 123
178.455 69.4685 124
178.65 69.4471 125
-------------
172 76 100
172.637 75.9334 101
173.162 75.6696 102
173.56 75.3772 103
173.845 75.2309 104
174.089 75.2298 105
174.302 75.163 106
174.489 74.9321 107
174.726 74.6246 108
174.996 74.4526 109
175.307 74.4436 110
175.693 74.478 111
176.192 74.2586 112
176.568 74.0027 113
176.873 73.7893 114
177.17 73.7273 115
177.405 73.7467 116
177.666 73.5836 117
177.871 73.3892 118
178.211 73.1543 119
178.579 73.0723 120
179.096 73.1845 121
179.78 73.1583 122
-------------
145 106 103
145.465 105.821 104
145.927 105.545 105
146.332 105.255 106
146.536 105.082 107
146.667 104.996 108
146.724 104.984 109
146.761 104.848 110
146.741 104.532 111
146.769 104.269 112
146.83 104.193 113
146.983 104.106 114
147.266 103.999 115
147.54 103.771 116
147.786 103.458 117
147.868 103.3 118
147.895 103.265 119
147.905 103.252 120
147.911 103.234 121
147.826 102.958 122
147.822 102.724 123
147.842 102.64 124
147.941 102.569 125
148.044 102.491 126
148.402 102.328 127
148.727 102.041 128
148.966 101.891 129
149.054 101.808 130
149.166 101.786 131
149.204 101.761 132
149.305 101.655 133
149.362 101.55 134
149.375 101.489 135
149.426 101.46 136
149.494 101.408 137
-------------
148 106 103
148.462 105.819 104
148.917 105.538 105
149.323 105.247 106
149.529 105.075 107
149.659 104.986 108
149.712 104.969 109
149.752 104.819 110
149.76 104.499 111
149.849 104.21 112
149.931 104.127 113
150.088 104.037 114
150.367 103.934 115
150.655 103.707 116
150.948 103.39 117
151.039 103.228 118
151.063 103.191 119
151.069 103.177 120
151.041 103.134 121
150.991 102.871 122
151.02 102.624 123
151.111 102.533 124
151.212 102.461 125
151.315 102.382 126
151.675 102.218 127
152.016 101.92 128
152.255 101.769 129
152.344 101.685 130
152.458 101.663 131
152.523 101.623 132
152.651 101.506 133
-------------
151 91 107
151.074 90.9217 108
151.112 90.8792 109
151.088 90.6996 110
151.081 90.3576 111
151.183 90.0387 112
151.258 89.9458 113
151.429 89.8927 114
151.715 89.7862 115
152.036 89.5139 116
152.282 89.186 117
152.365 89.0053 118
152.382 88.9552 119
152.373 88.9149 120
152.305 88.8202 121
152.22 88.5206 122
152.268 88.1818 123
152.341 88.0547 124
152.486 87.9857 125
152.779 87.9578 126
153.144 87.7208 127
153.522 87.3911 128
153.726 87.1854 129
153.814 87.0962 130
153.88 87.046 131
153.892 86.9198 132
153.851 86.7135 133
153.922 86.3609 134
154.052 86.128 135
154.272 86.0297 136
154.581 86.0021 137
155.05 85.8249 138
155.512 85.539 139
155.901 85.2759 140
156.125 85.185 141
156.358 85.0908 142
156.521 85.1211 143
156.552 85.0244 144
156.547 84.9086 145
156.571 84.8409 146
156.566 84.8293 147
-------------
154 103 111
154.14 102.713 112
154.229 102.632 113
154.402 102.563 114
154.705 102.46 115
155.031 102.223 116
155.355 101.925 117
155.442 101.783 118
155.46 101.749 119
155.454 101.724 120
155.386 101.658 121
155.4 101.569 122
155.507 101.368 123
155.613 101.279 124
155.701 101.215 125
155.877 101.165 126
156.253 101.013 127
156.618 100.727 128
156.831 100.603 129
156.9 100.538 130
157.012 100.518 131
157.007 100.457 132
157.144 100.371 133
157.35 100.185 134
157.52 100.027 135
157.717 99.9472 136
157.805 99.8732 137
158.144 99.7492 138
158.573 99.5334 139
158.906 99.4052 140
158.989 99.3539 141
159.23 99.2668 142
159.389 99.2945 143
159.576 99.2171 144
159.684 99.188 145
159.772 99.1527 146
159.896 99.1203 147
159.985 99.0651 148
160.21 99.0049 149
160.413 98.9013 150
160.775 98.8036 151
160.789 98.7821 152
160.919 98.7379 153
160.994 98.6915 154
161.129 98.5793 155
161.135 98.472 156
161.138 98.4304 157
161.186 98.373 158
161.242 98.3223 159
161.248 98.268 160
161.271 98.2535 161
161.385 98.1757 162
161.475 98.1387 163
161.545 98.1141 164
161.605 98.0817 165
161.664 98.0649 166
161.687 97.9985 167
161.693 97.963 168
161.708 97.9345 169
161.725 97.9225 170
161.737 97.914 171
161.743 97.9017 172
161.759 97.9082 173
161.776 97.9009 174
161.787 97.9111 175
161.796 97.9082 176
161.806 97.9094 177
161.808 97.8967 178
-------------
160 142 0
159.376 141.627 1
158.757 141.333 2
158.222 141.065 3
157.765 140.59 4
157.228 140.067 5
156.656 139.677 6
155.845 139.391 7
154.914 139.162 8
153.785 138.809 9
152.626 138.147 10
151.781 137.595 11
151.149 137.243 12
150.65 137.034 13
150.17 136.804 14
149.72 136.196 15
149.166 135.711 16
148.551 135.354 17
147.859 135.14 18
147.057 134.972 19
146.086 134.532 20
145.118 133.837 21
144.441 133.29 22
143.909 132.951 23
143.54 132.749 24
143.309 132.42 25
143.096 131.757 26
142.787 131.276 27
142.413 130.925 28
141.884 130.736 29
141.263 130.496 30
140.439 130.036 31
139.726 129.388 32
139.242 128.934 33
138.905 128.661 34
138.771 128.538 35
138.752 128.219 36
138.807 127.631 37
138.777 127.135 38
138.637 126.844 39
138.423 126.696 40
138.172 126.514 41
137.779 126.158 42
137.421 125.599 43
137.195 125.183 44
137.129 124.967 45
137.141 124.932 46
137.312 124.804 47
137.579 124.42 48
137.808 124.05 49
137.883 123.727 50
137.927 123.617 51
137.913 123.527 52
137.822 123.349 53
137.643 122.898 54
137.603 122.374 55
137.707 122.068 56
137.88 121.963 57
138.192 121.856 58
138.634 121.575 59
139.065 121.144 60
139.403 120.807 61
139.535 120.638 62
139.582 120.582 63
139.614 120.472 64
139.52 120.103 65
139.511 119.639 66
139.646 119.297 67
139.828 119.165 68
140.09 119.099 69
140.49 118.88 70
140.927 118.572 71
141.272 118.264 72
141.424 118.04 73
141.514 117.927 74
141.516 117.874 75
-------------
160 145 0
159.107 144.566 1
158.333 144.276 2
157.74 144.019 3
157.258 143.549 4
156.719 143.027 5
156.143 142.64 6
155.328 142.353 7
154.336 142.16 8
153.169 141.825 9
151.881 141.228 10
150.889 140.7 11
150.128 140.338 12
149.581 140.125 13
149.065 139.909 14
148.597 139.32 15
148.037 138.855 16
147.426 138.503 17
146.715 138.281 18
145.895 138.107 19
144.903 137.684 20
143.912 137.002 21
143.186 136.475 22
142.636 136.127 23
142.259 135.917 24
141.986 135.608 25
141.733 134.999 26
141.423 134.552 27
141.049 134.206 28
140.518 134.019 29
139.896 133.782 30
139.047 133.338 31
138.324 132.715 32
137.824 132.259 33
137.484 131.983 34
137.344 131.849 35
137.304 131.546 36
137.321 131.006 37
137.291 130.528 38
137.147 130.251 39
136.927 130.1 40
136.677 129.92 41
136.301 129.585 42
135.946 129.04 43
135.73 128.632 44
135.669 128.43 45
135.679 128.393 46
135.843 128.268 47
136.11 127.914 48
136.35 127.598 49
136.43 127.286 50
136.475 127.179 51
136.459 127.118 52
136.385 126.966 53
136.277 126.551 54
136.313 126.066 55
136.5 125.768 56
136.65 125.654 57
-------------
163 145 0
162.2 144.576 1
161.479 144.28 2
160.906 144.02 3
160.421 143.551 4
159.882 143.03 5
159.303 142.644 6
158.489 142.357 7
157.491 142.171 8
156.304 141.849 9
155.015 141.271 10
154.035 140.753 11
153.273 140.415 12
152.733 140.212 13
152.224 140.013 14
151.731 139.499 15
151.2 139.082 16
150.592 138.743 17
149.924 138.538 18
149.118 138.371 19
148.145 137.975 20
147.196 137.391 21
-------------
157 148 0
156.064 147.525 1
155.282 147.232 2
154.68 146.983 3
154.207 146.542 4
153.688 146.028 5
153.12 145.657 6
152.302 145.373 7
151.284 145.228 8
150.089 144.914 9
148.791 144.369 10
147.766 143.881 11
146.982 143.535 12
146.409 143.327 13
145.885 143.113 14
145.452 142.586 15
-------------
160 148 0
159.058 147.53 1
158.268 147.24 2
157.664 146.989 3
157.167 146.532 4
156.629 146.014 5
156.052 145.635 6
155.236 145.35 7
154.199 145.206 8
152.999 144.89 9
151.67 144.357 10
150.636 143.864 11
149.849 143.516 12
149.274 143.308 13
148.739 143.095 14
148.204 142.658 15
147.682 142.288 16
147.08 141.957 17
146.362 141.749 18
145.542 141.577 19
144.56 141.171 20
143.565 140.548 21
142.847 140.057 22
142.299 139.71 23
141.921 139.496 24
141.608 139.221 25
-------------
163 148 0
162.048 147.539 1
161.248 147.255 2
160.642 147.004 3
160.112 146.547 4
159.568 146.032 5
158.98 145.654 6
158.165 145.368 7
157.115 145.221 8
155.867 144.912 9
154.513 144.402 10
153.48 143.913 11
152.691 143.566 12
152.115 143.364 13
151.571 143.165 14
-------------
166 148 0
165.033 147.547 1
164.231 147.279 2
163.626 147.031 3
163.086 146.588 4
162.539 146.085 5
161.949 145.712 6
161.135 145.426 7
160.083 145.28 8
158.831 144.997 9
-------------
160 151 0
159.031 150.543 1
158.213 150.253 2
157.606 150.004 3
157.083 149.563 4
156.569 149.122 5
156.024 148.805 6
155.202 148.522 7
154.157 148.393 8
152.947 148.08 9
151.592 147.587 10
150.538 147.117 11
149.749 146.769 12
149.17 146.559 13
148.568 146.339 14
147.987 146.061 15
147.566 145.903 16
146.971 145.608 17
146.243 145.412 18
145.422 145.242 19
144.485 144.858 20
143.502 144.268 21
142.793 143.803 22
142.283 143.46 23
141.904 143.242 24
141.563 142.989 25
141.384 142.816 26
141.18 142.674 27
140.819 142.348 28
140.29 142.174 29
139.754 142.018 30
139.104 141.717 31
138.487 141.233 32
138.12 140.938 33
137.835 140.68 34
137.672 140.569 35
137.508 140.447 36
137.532 140.362 37
137.589 140.274 38
137.467 140.062 39
137.246 139.918 40
137.041 139.807 41
136.888 139.672 42
136.872 139.586 43
136.683 139.438 44
136.729 139.352 45
136.73 139.319 46
136.692 139.283 47
136.768 139.199 48
136.81 139.154 49
136.825 138.994 50
136.819 138.945 51
136.801 138.91 52
136.828 138.837 53
136.906 138.769 54
136.912 138.722 55
137.102 138.545 56
137.208 138.477 57
137.258 138.353 58
137.253 138.323 59
137.264 138.297 60
137.285 138.233 61
137.29 138.185 62
137.298 138.159 63
137.358 138.109 64
137.441 138.003 65
137.461 137.925 66
137.52 137.745 67
137.554 137.709 68
137.565 137.687 69
137.566 137.664 70
137.592 137.625 71
137.606 137.592 72
137.619 137.567 73
137.628 137.543 74
137.638 137.531 75
137.654 137.498 76
137.67 137.464 77
137.67 137.419 78
137.692 137.417 79
137.707 137.388 80
137.708 137.384 81
137.727 137.369 82
137.74 137.354 83
137.75 137.34 84
137.758 137.324 85
137.777 137.316 86
137.786 137.305 87
137.795 137.287 88
137.803 137.284 89
137.814 137.265 90
137.827 137.255 91
-------------
163 151 0
162.031 150.546 1
161.209 150.262 2
160.601 150.012 3
160.053 149.567 4
159.495 149.118 5
158.921 148.778 6
158.107 148.494 7
157.054 148.356 8
155.773 148.062 9
154.415 147.571 10
153.365 147.101 11
152.573 146.753 12
151.987 146.546 13
151.326 146.32 14
150.746 146.045 15
150.317 145.909 16
149.724 145.617 17
148.997 145.433 18
148.178 145.269 19
147.241 144.943 20
146.249 144.428 21
145.551 144.031 22
-------------
166 151 0
165.031 150.546 1
164.21 150.27 2
163.603 150.021 3
163.057 149.575 4
162.523 149.134 5
161.946 148.78 6
161.137 148.497 7
160.083 148.354 8
158.799 148.063 9
157.443 147.575 10
156.421 147.126 11
155.629 146.782 12
-------------
154 151 6
153.112 150.739 7
152.079 150.618 8
150.878 150.307 9
149.521 149.816 10
148.465 149.35 11
147.677 149.004 12
147.102 148.772 13
146.513 148.527 14
145.93 148.258 15
145.526 148.129 16
144.931 147.837 17
144.202 147.641 18
143.373 147.486 19
142.489 147.132 20
141.533 146.555 21
140.849 146.102 22
140.434 145.773 23
140.055 145.551 24
139.68 145.312 25
139.497 145.123 26
139.298 144.987 27
138.935 144.659 28
138.413 144.479 29
137.889 144.311 30
137.386 143.971 31
136.808 143.479 32
-------------
157 151 6
156.184 150.72 7
155.138 150.594 8
153.907 150.284 9
152.551 149.792 10
151.497 149.325 11
150.709 148.975 12
150.128 148.738 13
149.437 148.459 14
148.854 148.187 15
148.45 148.056 16
147.857 147.764 17
147.128 147.571 18
146.304 147.407 19
145.406 147.059 20
144.433 146.483 21
143.727 146.03 22
143.254 145.734 23
142.872 145.516 24
142.481 145.337 25
142.309 145.182 26
142.114 145.053 27
-------------
148 133 12
147.556 132.789 13
147.097 132.551 14
146.679 131.938 15
146.123 131.442 16
145.513 131.083 17
144.804 130.855 18
143.982 130.65 19
143.011 130.163 20
142.083 129.454 21
141.469 128.88 22
140.991 128.527 23
140.629 128.312 24
140.449 127.941 25
140.237 127.277 26
139.927 126.79 27
139.538 126.438 28
139.013 126.245 29
138.397 125.984 30
137.619 125.486 31
136.933 124.813 32
136.482 124.336 33
136.309 124.087 34
136.219 123.944 35
136.26 123.616 36
136.324 123.017 37
136.296 122.513 38
136.151 122.203 39
135.962 122.042 40
135.717 121.851 41
135.345 121.451 42
135.006 120.874 43
134.83 120.447 44
134.823 120.205 45
134.851 120.163 46
135.023 120.031 47
135.292 119.598 48
135.495 119.179 49
135.565 118.841 50
135.613 118.727 51
135.606 118.625 52
135.519 118.435 53
135.364 117.961 54
135.335 117.429 55
135.444 117.11 56
135.617 116.999 57
135.928 116.892 58
136.36 116.577 59
136.771 116.101 60
137.059 115.711 61
137.193 115.541 62
137.246 115.476 63
137.249 115.329 64
137.149 114.947 65
137.138 114.451 66
137.225 114.093 67
137.404 113.954 68
137.67 113.891 69
138.07 113.667 70
138.489 113.306 71
138.809 112.972 72
138.962 112.744 73
139.056 112.622 74
139.055 112.552 75
138.971 112.236 76
138.959 111.813 77
139.04 111.448 78
139.175 111.333 79
139.422 111.267 80
139.795 111.084 81
140.267 110.779 82
140.733 110.466 83
141.012 110.17 84
141.136 110.085 85
141.232 110.033 86
141.335 109.897 87
141.4 109.509 88
141.595 109.094 89
141.794 108.87 90
142.117 108.779 91
142.56 108.678 92
143.115 108.412 93
143.628 108.043 94
143.941 107.801 95
144.155 107.615 96
144.284 107.597 97
144.365 107.525 98
144.44 107.191 99
144.548 106.814 100
144.676 106.593 101
144.84 106.503 102
-------------
148 136 12
147.522 135.794 13
147.05 135.558 14
146.603 134.946 15
146.042 134.452 16
145.425 134.093 17
144.715 133.866 18
143.892 133.662 19
142.91 133.178 20
141.953 132.464 21
141.294 131.877 22
140.756 131.517 23
140.386 131.304 24
140.182 130.947 25
139.967 130.283 26
139.656 129.797 27
139.273 129.445 28
138.746 129.252 29
138.127 128.995 30
137.338 128.509 31
136.629 127.85 32
136.141 127.38 33
135.838 127.09 34
135.721 126.949 35
135.738 126.611 36
135.79 126.012 37
135.762 125.508 38
135.617 125.199 39
135.421 125.044 40
135.174 124.857 41
134.796 124.469 42
134.451 123.894 43
134.226 123.473 44
134.187 123.233 45
134.204 123.191 46
134.371 123.062 47
134.633 122.648 48
134.846 122.25 49
134.918 121.913 50
134.964 121.801 51
134.955 121.704 52
134.867 121.519 53
134.707 121.049 54
134.668 120.521 55
134.772 120.203 56
134.943 120.093 57
135.254 119.986 58
135.687 119.697 59
136.109 119.249 60
136.431 118.877 61
136.565 118.706 62
136.618 118.648 63
136.639 118.516 64
136.542 118.139 65
136.533 117.656 66
136.619 117.305 67
136.797 117.168 68
137.06 117.102 69
137.459 116.881 70
137.901 116.558 71
138.247 116.245 72
138.401 116.017 73
138.517 115.9 74
138.528 115.842 75
138.447 115.533 76
138.436 115.13 77
138.502 114.772 78
138.63 114.662 79
138.769 114.568 80
139.129 114.386 81
139.604 114.092 82
140.078 113.787 83
140.359 113.491 84
140.481 113.407 85
140.584 113.387 86
140.709 113.285 87
140.779 112.913 88
140.972 112.502 89
141.16 112.284 90
141.393 112.184 91
141.768 112.066 92
142.307 111.822 93
142.808 111.46 94
143.119 111.222 95
143.332 111.037 96
143.456 111.027 97
143.539 110.965 98
143.675 110.662 99
143.821 110.344 100
143.952 110.156 101
144.12 110.073 102
144.232 110.025 103
144.575 109.851 104
145.002 109.577 105
145.404 109.289 106
145.612 109.12 107
145.746 109.034 108
145.797 109.024 109
145.879 108.924 110
145.916 108.662 111
145.939 108.5 112
145.999 108.433 113
146.148 108.342 114
146.329 108.228 115
146.566 108.024 116
146.784 107.76 117
146.892 107.647 118
146.912 107.622 119
146.921 107.607 120
146.934 107.589 121
146.948 107.523 122
146.953 107.491 123
146.976 107.459 124
147.056 107.402 125
147.08 107.374 126
147.124 107.356 127
147.199 107.292 128
147.26 107.255 129
147.279 107.23 130
147.303 107.222 131
147.322 107.207 132
147.345 107.18 133
147.353 107.168 134
147.356 107.139 135
147.37 107.134 136
147.38 107.119 137
147.39 107.106 138
147.407 107.097 139
147.428 107.094 140
147.442 107.085 141
147.453 107.069 142
147.469 107.085 143
-------------
142 139 13
141.573 138.775 14
141.148 138.189 15
140.612 137.712 16
139.999 137.351 17
139.305 137.124 18
138.502 136.915 19
137.522 136.426 20
136.526 135.713 21
135.785 135.152 22
135.231 134.796 23
134.858 134.58 24
134.634 134.266 25
134.453 133.672 26
134.204 133.236 27
133.822 132.89 28
133.292 132.706 29
132.678 132.448 30
131.906 131.972 31
131.181 131.348 32
130.667 130.879 33
130.338 130.593 34
130.214 130.443 35
130.213 130.113 36
130.29 129.546 37
130.352 129.066 38
130.242 128.759 39
130.073 128.607 40
129.879 128.426 41
129.585 128.038 42
129.235 127.474 43
129.002 127.057 44
128.966 126.823 45
128.98 126.779 46
129.136 126.646 47
129.403 126.287 48
129.661 125.952 49
129.771 125.626 50
129.816 125.518 51
129.857 125.468 52
129.898 125.301 53
129.791 124.842 54
129.742 124.333 55
129.843 124.018 56
130 123.901 57
130.253 123.771 58
130.677 123.506 59
131.121 123.123 60
131.471 122.786 61
131.582 122.621 62
131.654 122.598 63
131.723 122.556 64
131.657 122.267 65
131.63 121.843 66
131.641 121.547 67
131.763 121.442 68
131.841 121.349 69
-------------
145 139 13
144.52 138.763 14
144.073 138.154 15
143.514 137.66 16
142.899 137.299 17
142.189 137.073 18
141.368 136.869 19
140.382 136.382 20
139.384 135.67 21
138.647 135.104 22
138.094 134.75 23
137.719 134.533 24
137.486 134.215 25
137.281 133.57 26
136.982 133.094 27
136.604 132.746 28
136.074 132.561 29
135.459 132.311 30
134.676 131.834 31
133.953 131.207 32
133.444 130.738 33
133.115 130.452 34
132.986 130.306 35
132.985 129.974 36
133.032 129.384 37
133.009 128.884 38
132.871 128.577 39
132.679 128.424 40
132.435 128.239 41
132.087 127.859 42
131.737 127.294 43
131.506 126.877 44
131.465 126.644 45
131.477 126.6 46
131.636 126.47 47
131.901 126.105 48
132.14 125.75 49
132.246 125.42 50
132.291 125.311 51
132.316 125.235 52
132.326 125.048 53
132.213 124.588 54
132.164 124.072 55
132.268 123.754 56
132.427 123.637 57
132.718 123.513 58
133.149 123.23 59
133.597 122.821 60
133.969 122.472 61
134.099 122.298 62
134.171 122.268 63
134.234 122.199 64
134.153 121.838 65
134.141 121.377 66
134.198 121.038 67
134.356 120.901 68
134.463 120.773 69
134.792 120.581 70
135.219 120.303 71
135.565 119.995 72
135.719 119.768 73
135.849 119.667 74
135.883 119.663 75
135.859 119.407 76
135.839 119.04 77
135.885 118.706 78
135.985 118.619 79
136.075 118.52 80
136.322 118.349 81
136.745 118.088 82
137.166 117.782 83
137.477 117.508 84
137.602 117.427 85
137.697 117.414 86
137.826 117.325 87
137.966 117.039 88
138.166 116.684 89
-------------
142 139 19
141.008 138.553 20
140 137.855 21
139.264 137.309 22
138.712 136.956 23
138.335 136.74 24
138.091 136.428 25
137.909 135.827 26
137.659 135.406 27
137.285 135.06 28
136.755 134.876 29
136.141 134.636 30
135.354 134.175 31
134.63 133.555 32
134.124 133.096 33
133.795 132.811 34
133.658 132.665 35
133.629 132.361 36
133.682 131.81 37
133.674 131.355 38
133.536 131.064 39
133.325 130.912 40
133.122 130.742 41
132.85 130.386 42
132.501 129.826 43
132.278 129.426 44
132.239 129.201 45
132.25 129.157 46
132.371 129.035 47
132.629 128.677 48
132.861 128.358 49
132.962 128.033 50
133.006 127.926 51
133.025 127.879 52
133.029 127.744 53
132.93 127.291 54
132.888 126.783 55
133.026 126.471 56
133.169 126.35 57
-------------
145 136 23
144.625 135.803 24
144.35 135.504 25
144.092 134.911 26
143.79 134.477 27
143.42 134.133 28
142.89 133.945 29
142.272 133.712 30
141.419 133.272 31
140.701 132.658 32
140.228 132.235 33
139.886 131.963 34
139.749 131.845 35
139.703 131.558 36
139.712 131.051 37
139.689 130.62 38
139.548 130.355 39
139.329 130.206 40
139.081 130.026 41
138.721 129.71 42
138.37 129.2 43
138.161 128.802 44
138.091 128.643 45
138.097 128.612 46
138.255 128.496 47
138.533 128.156 48
138.785 127.901 49
138.865 127.652 50
138.904 127.558 51
138.888 127.507 52
138.819 127.382 53
-------------
136 151 23
135.865 150.833 24
135.501 150.65 25
135.269 150.555 26
135.087 150.492 27
134.652 150.174 28
134.15 149.995 29
133.646 149.782 30
133.615 149.757 31
133.514 149.677 32
133.436 149.608 33
133.391 149.538 34
133.356 149.496 35
133.198 149.375 36
133.171 149.303 37
133.176 149.228 38
133.078 149.021 39
133.003 148.92 40
132.992 148.87 41
132.989 148.831 42
132.974 148.772 43
132.949 148.712 44
132.978 148.649 45
132.973 148.621 46
132.964 148.601 47
132.977 148.549 48
132.984 148.516 49
-------------
136 130 26
135.69 129.521 27
135.307 129.171 28
134.789 128.988 29
134.17 128.726 30
133.388 128.24 31
132.676 127.597 32
132.168 127.122 33
131.845 126.833 34
131.719 126.688 35
131.717 126.354 36
131.758 125.759 37
131.728 125.257 38
131.584 124.949 39
131.395 124.795 40
131.151 124.607 41
130.781 124.207 42
130.431 123.639 43
130.197 123.218 44
130.154 122.98 45
130.165 122.937 46
130.326 122.81 47
130.568 122.437 48
130.764 122.042 49
130.834 121.71 50
130.878 121.6 51
130.884 121.515 52
130.808 121.328 53
130.653 120.855 54
130.612 120.328 55
130.711 120.009 56
130.879 119.898 57
131.192 119.801 58
131.627 119.515 59
132.071 119.096 60
132.401 118.742 61
132.537 118.575 62
132.606 118.529 63
132.653 118.407 64
132.565 118.029 65
132.55 117.553 66
132.616 117.208 67
132.784 117.065 68
133.037 116.989 69
133.436 116.77 70
133.889 116.461 71
134.235 116.148 72
134.389 115.922 73
134.51 115.816 74
134.55 115.775 75
134.496 115.481 76
134.494 115.122 77
134.552 114.803 78
134.628 114.71 79
134.709 114.616 80
135.056 114.445 81
135.529 114.18 82
-------------
139 139 26
138.794 138.777 27
138.431 138.446 28
137.902 138.263 29
137.312 138.055 30
136.529 137.61 31
135.828 137.033 32
135.366 136.631 33
135.044 136.345 34
134.9 136.199 35
134.834 135.935 36
134.859 135.716 37
134.829 135.419 38
134.692 135.162 39
134.472 135.015 40
134.252 134.891 41
134.023 134.611 42
133.842 134.121 43
133.699 133.784 44
133.725 133.607 45
133.735 133.561 46
133.716 133.482 47
133.867 133.218 48
134.008 133.014 49
134.109 132.714 50
134.151 132.611 51
134.136 132.576 52
134.144 132.474 53
-------------
136 121 33
135.88 120.792 34
135.813 120.653 35
135.859 120.342 36
135.941 119.788 37
135.918 119.298 38
135.772 118.993 39
135.601 118.832 40
135.363 118.643 41
134.993 118.242 42
134.679 117.684 43
134.533 117.27 44
134.555 117.044 45
134.585 117.003 46
134.757 116.873 47
135.024 116.439 48
135.216 116.018 49
135.282 115.68 50
135.329 115.566 51
135.322 115.462 52
135.238 115.27 53
135.085 114.797 54
135.086 114.28 55
135.22 113.985 56
135.396 113.875 57
135.704 113.768 58
136.127 113.434 59
136.52 112.949 60
136.782 112.548 61
136.912 112.378 62
136.962 112.309 63
136.963 112.16 64
136.866 111.778 65
136.862 111.278 66
136.966 110.927 67
137.148 110.785 68
137.414 110.722 69
137.81 110.49 70
138.21 110.103 71
138.485 109.746 72
138.632 109.517 73
138.719 109.393 74
138.714 109.321 75
138.631 109.002 76
138.619 108.574 77
138.701 108.207 78
138.84 108.084 79
139.088 108.019 80
139.462 107.835 81
139.917 107.507 82
140.351 107.187 83
140.626 106.892 84
140.75 106.807 85
140.84 106.752 86
140.912 106.602 87
140.975 106.211 88
141.169 105.792 89
141.367 105.565 90
141.697 105.48 91
142.151 105.39 92
142.706 105.119 93
143.217 104.75 94
143.527 104.507 95
143.744 104.322 96
143.872 104.296 97
143.931 104.203 98
143.974 103.852 99
144.081 103.461 100
144.215 103.228 101
144.424 103.146 102
144.774 103.131 103
145.242 102.951 104
145.711 102.664 105
146.117 102.371 106
146.322 102.198 107
146.441 102.105 108
146.498 102.087 109
146.518 101.914 110
146.502 101.575 111
146.556 101.278 112
146.631 101.19 113
146.805 101.112 114
147.118 101.007 115
147.453 100.751 116
147.735 100.436 117
147.824 100.26 118
147.846 100.216 119
147.858 100.202 120
147.836 100.163 121
147.737 99.8715 122
147.715 99.602 123
147.724 99.5048 124
147.82 99.4364 125
147.942 99.3695 126
148.316 99.2031 127
148.658 98.9175 128
148.882 98.769 129
148.967 98.6869 130
149.081 98.6685 131
149.138 98.6354 132
149.194 98.5298 133
-------------
139 124 37
138.977 123.496 38
138.839 123.189 39
138.665 123.036 40
138.433 122.85 41
138.065 122.46 42
137.752 121.895 43
137.587 121.487 44
137.582 121.276 45
137.604 121.241 46
137.778 121.11 47
138.058 120.692 48
138.275 120.281 49
138.348 119.943 50
138.397 119.83 51
138.388 119.729 52
138.297 119.545 53
138.129 119.081 54
138.096 118.553 55
138.189 118.24 56
138.364 118.131 57
138.677 118.023 58
139.115 117.71 59
139.535 117.242 60
139.836 116.866 61
139.971 116.696 62
140.023 116.632 63
140.027 116.487 64
139.924 116.11 65
139.911 115.618 66
140.006 115.265 67
140.188 115.132 68
140.456 115.069 69
140.857 114.845 70
141.283 114.489 71
141.603 114.147 72
141.756 113.92 73
141.845 113.797 74
141.843 113.73 75
141.756 113.416 76
141.747 112.997 77
141.838 112.635 78
141.987 112.522 79
142.23 112.454 80
142.602 112.269 81
143.08 111.964 82
143.554 111.658 83
143.832 111.366 84
143.956 111.281 85
144.046 111.229 86
144.161 111.115 87
144.234 110.73 88
144.464 110.318 89
144.709 110.107 90
145.034 110.019 91
145.475 109.913 92
146.024 109.649 93
146.535 109.28 94
146.848 109.044 95
147.064 108.858 96
147.188 108.836 97
147.266 108.759 98
147.387 108.453 99
147.531 108.079 100
147.737 107.862 101
147.927 107.772 102
-------------
154 91 38
154.047 90.9247 39
154.051 90.916 40
154.027 90.8865 41
154.032 90.7007 42
154.159 90.5036 43
154.315 90.2741 44
154.528 90.2265 45
154.836 90.2081 46
155.177 90.0156 47
155.419 89.7228 48
155.529 89.4284 49
155.563 89.3454 50
155.554 89.3589 51
155.481 89.2906 52
155.465 88.999 53
155.568 88.7038 54
155.688 88.547 55
155.847 88.5307 56
156.157 88.5428 57
156.502 88.3671 58
156.777 88.0824 59
156.902 87.8124 60
156.953 87.7311 61
156.955 87.7252 62
156.89 87.6845 63
156.893 87.5218 64
156.986 87.2576 65
157.118 86.9998 66
157.262 86.9627 67
157.513 86.9868 68
157.801 86.8394 69
157.957 86.6063 70
158.018 86.4192 71
158.043 86.3676 72
158.041 86.3753 73
158.015 86.2951 74
158.007 86.208 75
158.061 85.9433 76
158.154 85.8364 77
158.282 85.8323 78
158.518 85.855 79
158.741 85.7292 80
158.955 85.5032 81
159.144 85.2753 82
159.289 85.2302 83
159.421 85.2341 84
159.494 85.1469 85
159.638 84.9407 86
159.911 84.7215 87
160.195 84.5866 88
160.589 84.5778 89
161.106 84.5542 90
161.704 84.3438 91
162.267 84.0668 92
162.748 83.8708 93
163.134 83.7811 94
163.482 83.7415 95
163.87 83.5742 96
164.135 83.4577 97
164.461 83.2341 98
164.812 83.1423 99
165.267 83.1267 100
165.865 83.0628 101
166.446 82.9043 102
166.948 82.8092 103
167.247 82.7034 104
167.496 82.6978 105
167.769 82.5926 106
168.057 82.4872 107
-------------
133 121 39
132.813 120.844 40
132.568 120.654 41
132.197 120.254 42
131.865 119.689 43
131.713 119.271 44
131.73 119.044 45
131.758 119.002 46
131.929 118.871 47
132.192 118.438 48
132.38 118.024 49
132.444 117.691 50
132.487 117.579 51
132.479 117.478 52
132.394 117.289 53
132.239 116.816 54
132.203 116.286 55
132.302 115.967 56
132.465 115.853 57
132.767 115.773 58
133.183 115.468 59
133.544 115.001 60
133.807 114.619 61
133.937 114.461 62
133.985 114.397 63
133.986 114.252 64
133.885 113.871 65
133.856 113.377 66
133.914 113.02 67
134.07 112.874 68
134.333 112.815 69
134.726 112.606 70
135.133 112.263 71
135.422 111.973 72
135.558 111.762 73
135.656 111.656 74
135.661 111.591 75
135.579 111.274 76
135.549 110.857 77
135.611 110.492 78
135.726 110.379 79
135.973 110.318 80
136.348 110.14 81
136.809 109.855 82
137.258 109.547 83
137.536 109.256 84
137.659 109.174 85
137.756 109.125 86
137.848 108.999 87
137.913 108.618 88
138.105 108.217 89
138.296 108.002 90
138.582 107.927 91
139.013 107.839 92
139.568 107.575 93
140.081 107.207 94
-------------
130 133 41
129.789 132.688 42
129.443 132.151 43
129.199 131.784 44
129.169 131.591 45
129.177 131.547 46
129.167 131.458 47
129.398 131.136 48
129.616 130.845 49
129.724 130.523 50
129.767 130.42 51
129.801 130.395 52
129.883 130.326 53
129.811 129.902 54
129.782 129.481 55
129.829 129.225 56
129.961 129.109 57
130.059 128.957 58
130.383 128.708 59
130.789 128.323 60
131.164 127.978 61
131.329 127.799 62
131.384 127.774 63
131.454 127.732 64
-------------
139 130 49
139.031 129.795 50
139.066 129.714 51
139.049 129.668 52
138.986 129.549 53
139.061 129.475 54
139.257 129.205 55
139.457 128.952 56
139.527 128.891 57
139.602 128.781 58
139.977 128.624 59
140.376 128.272 60
140.638 128.03 61
140.67 127.939 62
140.673 127.906 63
140.677 127.827 64
140.844 127.717 65
141.052 127.6 66
141.173 127.373 67
141.345 127.281 68
141.41 127.177 69
-------------
139 115 55
139.12 114.729 56
139.295 114.62 57
139.605 114.511 58
140.031 114.186 59
140.434 113.711 60
140.713 113.325 61
140.845 113.159 62
140.897 113.092 63
140.901 112.945 64
140.814 112.571 65
140.815 112.077 66
140.925 111.736 67
141.108 111.599 68
141.376 111.534 69
141.775 111.301 70
142.189 110.921 71
142.5 110.566 72
142.653 110.338 73
142.741 110.213 74
142.737 110.141 75
142.652 109.824 76
142.643 109.4 77
142.736 109.039 78
142.881 108.92 79
143.131 108.851 80
143.505 108.662 81
143.981 108.329 82
144.432 107.989 83
144.71 107.692 84
144.835 107.605 85
144.921 107.547 86
144.996 107.399 87
145.06 107.007 88
145.262 106.59 89
145.485 106.369 90
145.819 106.281 91
146.278 106.181 92
146.828 105.899 93
147.338 105.526 94
147.653 105.285 95
147.873 105.1 96
148 105.071 97
148.059 104.978 98
148.091 104.627 99
148.209 104.234 100
148.382 103.999 101
148.596 103.918 102
148.953 103.903 103
149.418 103.721 104
149.88 103.43 105
150.285 103.136 106
150.491 102.964 107
150.614 102.869 108
150.667 102.848 109
150.676 102.667 110
150.663 102.327 111
150.787 102.028 112
150.873 101.943 113
151.055 101.869 114
151.365 101.764 115
151.694 101.512 116
152 101.191 117
152.092 101.024 118
152.113 100.982 119
152.115 100.961 120
152.047 100.889 121
151.969 100.606 122
152.008 100.328 123
152.083 100.218 124
152.188 100.143 125
152.313 100.072 126
152.679 99.9052 127
153.04 99.6021 128
153.279 99.4503 129
153.367 99.3636 130
153.482 99.3433 131
153.548 99.2934 132
153.646 99.1541 133
153.766 98.862 134
153.905 98.6684 135
154.106 98.569 136
154.228 98.4852 137
154.574 98.33 138
155.022 98.0907 139
155.466 97.8811 140
155.694 97.7876 141
155.982 97.6843 142
156.174 97.7198 143
156.361 97.6396 144
156.465 97.5698 145
156.507 97.5179 146
156.563 97.4902 147
156.626 97.4207 148
156.759 97.3576 149
156.924 97.227 150
157.295 97.1244 151
157.242 97.1183 152
-------------
157 85 58
157.229 84.7277 59
157.308 84.4682 60
157.328 84.3981 61
157.323 84.3949 62
157.243 84.3608 63
157.234 84.2011 64
157.326 83.938 65
157.458 83.6842 66
157.602 83.649 67
157.855 83.6734 68
158.144 83.5264 69
158.293 83.2899 70
158.325 83.0986 71
158.332 83.0437 72
158.305 83.0541 73
158.243 82.9743 74
158.246 82.8779 75
158.345 82.5942 76
158.445 82.486 77
158.608 82.4967 78
158.854 82.5211 79
159.1 82.3862 80
159.282 82.1287 81
159.41 81.8581 82
159.549 81.8099 83
159.63 81.835 84
159.662 81.7335 85
159.802 81.5112 86
160.081 81.2864 87
160.384 81.1545 88
160.809 81.1721 89
161.441 81.2158 90
162.057 81 91
162.584 80.6804 92
162.992 80.4534 93
163.373 80.377 94
163.715 80.3702 95
164.007 80.1799 96
164.277 80.0095 97
164.609 79.7643 98
164.965 79.6723 99
165.482 79.7079 100
166.121 79.6482 101
166.696 79.4481 102
167.164 79.229 103
167.464 79.1008 104
167.718 79.1005 105
167.982 79.0126 106
168.244 78.8468 107
168.479 78.6258 108
168.713 78.4855 109
169.015 78.4704 110
169.397 78.5038 111
169.887 78.2967 112
170.326 78.1572 113
170.678 78.0295 114
170.975 77.9714 115
171.2 77.9683 116
171.491 77.8159 117
171.699 77.7156 118
-------------
160 88 58
160.261 87.7387 59
160.398 87.4923 60
160.445 87.4187 61
160.455 87.4106 62
160.449 87.3803 63
160.461 87.2304 64
160.557 86.9715 65
160.698 86.7411 66
160.841 86.7029 67
161.085 86.7188 68
161.368 86.5727 69
161.522 86.3434 70
161.589 86.1697 71
161.625 86.1258 72
161.63 86.1313 73
161.617 86.0815 74
161.612 86.0053 75
161.684 85.7558 76
161.772 85.6518 77
161.888 85.6466 78
162.126 85.6727 79
162.352 85.5457 80
162.558 85.3173 81
162.744 85.0894 82
162.889 85.0449 83
163.022 85.0545 84
163.054 84.9619 85
163.182 84.7501 86
163.452 84.5351 87
163.746 84.4018 88
164.158 84.398 89
164.661 84.3614 90
165.262 84.1484 91
165.787 83.843 92
166.178 83.6319 93
166.536 83.5508 94
166.855 83.5254 95
167.163 83.3494 96
167.435 83.2155 97
167.77 82.9912 98
168.123 82.9012 99
168.584 82.8974 100
169.201 82.8327 101
169.781 82.6696 102
170.228 82.5466 103
170.504 82.4312 104
170.755 82.4267 105
171.022 82.3361 106
171.285 82.2234 107
171.432 82.0941 108
171.686 81.9597 109
171.937 81.9288 110
172.287 81.9498 111
172.735 81.7539 112
173.151 81.639 113
173.475 81.5395 114
173.745 81.4858 115
173.954 81.4666 116
174.247 81.3121 117
174.433 81.2691 118
-------------
139 109 61
139.101 108.851 62
139.15 108.785 63
139.15 108.64 64
139.062 108.269 65
139.079 107.848 66
139.212 107.531 67
139.396 107.396 68
139.654 107.332 69
140.04 107.097 70
140.414 106.713 71
140.661 106.337 72
140.801 106.106 73
140.873 105.979 74
140.866 105.907 75
140.785 105.588 76
140.784 105.168 77
140.896 104.82 78
141.045 104.701 79
141.293 104.63 80
141.666 104.439 81
142.093 104.055 82
142.468 103.688 83
142.733 103.383 84
142.858 103.295 85
142.941 103.227 86
143.008 103.073 87
143.073 102.681 88
143.274 102.261 89
143.49 102.037 90
143.823 101.944 91
144.283 101.845 92
144.83 101.549 93
145.325 101.17 94
145.614 100.905 95
145.835 100.722 96
145.955 100.68 97
146 100.575 98
146.026 100.22 99
146.13 99.8178 100
146.278 99.5707 101
146.495 99.4911 102
146.854 99.4783 103
147.319 99.2926 104
147.772 98.9723 105
148.161 98.6681 106
148.366 98.4957 107
148.476 98.3981 108
148.528 98.371 109
148.509 98.175 110
148.485 97.8237 111
148.551 97.5033 112
148.629 97.4124 113
148.819 97.3457 114
149.131 97.2402 115
149.467 96.9806 116
149.764 96.6561 117
149.857 96.4763 118
149.874 96.4268 119
149.865 96.3882 120
149.796 96.2936 121
149.695 95.9909 122
149.698 95.665 123
149.74 95.5382 124
149.877 95.4689 125
150.168 95.4348 126
150.55 95.2551 127
150.941 94.9408 128
151.183 94.7841 129
151.27 94.6965 130
151.382 94.6719 131
151.445 94.5943 132
151.457 94.3959 133
151.529 94.0535 134
151.642 93.8243 135
151.853 93.7224 136
152.062 93.6533 137
152.514 93.4885 138
152.999 93.2431 139
153.448 93.0246 140
153.672 92.9285 141
153.96 92.8266 142
154.156 92.8668 143
154.323 92.7834 144
154.409 92.7047 145
154.421 92.6555 146
154.418 92.6423 147
154.372 92.6128 148
154.345 92.6134 149
154.056 92.5808 150
154.409 92.482 151
154.199 92.5351 152
153.763 92.6627 153
-------------
142 121 66
142.16 120.686 67
142.308 120.578 68
142.504 120.502 69
142.895 120.305 70
143.342 120.03 71
143.685 119.736 72
143.802 119.574 73
143.847 119.488 74
143.847 119.438 75
143.879 119.343 76
144.055 119.198 77
144.234 118.893 78
144.371 118.812 79
144.421 118.742 80
144.722 118.593 81
145.115 118.395 82
145.582 118.116 83
145.68 117.955 84
145.793 117.877 85
145.82 117.849 86
145.933 117.758 87
146.156 117.62 88
146.447 117.339 89
146.709 117.191 90
146.877 117.132 91
147.092 116.974 92
147.542 116.822 93
-------------
160 82 68
160.272 81.8608 69
160.418 81.6296 70
160.451 81.4465 71
160.458 81.3997 72
160.432 81.41 73
160.376 81.3494 74
160.38 81.2571 75
160.483 80.9764 76
160.584 80.8693 77
160.738 80.8748 78
160.984 80.8996 79
161.231 80.7651 80
161.404 80.5087 81
161.538 80.2265 82
161.62 80.1574 83
161.615 80.1695 84
161.63 80.0695 85
161.771 79.8452 86
162.051 79.6183 87
162.359 79.4836 88
162.794 79.5054 89
163.437 79.5324 90
164.063 79.3072 91
164.575 78.9536 92
164.96 78.7066 93
165.329 78.6274 94
165.643 78.6202 95
165.913 78.4057 96
166.191 78.1927 97
166.528 77.927 98
166.886 77.8343 99
167.405 77.8735 100
168.048 77.8128 101
168.59 77.5577 102
168.997 77.2705 103
169.289 77.1289 104
169.542 77.1309 105
169.78 77.054 106
169.978 76.8291 107
170.216 76.5537 108
170.484 76.3881 109
170.793 76.3778 110
171.178 76.4131 111
171.676 76.1996 112
172.078 75.9843 113
172.425 75.818 114
172.723 75.7579 115
172.959 75.7689 116
173.249 75.6148 117
173.481 75.4648 118
173.817 75.241 119
174.182 75.1596 120
174.686 75.2559 121
175.363 75.2224 122
176.047 75.0638 123
176.586 74.991 124
-------------
145 112 72
145.156 111.777 73
145.243 111.655 74
145.24 111.591 75
145.145 111.304 76
145.125 110.924 77
145.203 110.604 78
145.336 110.492 79
145.585 110.423 80
145.958 110.235 81
146.433 109.92 82
146.894 109.599 83
147.165 109.312 84
147.289 109.225 85
147.372 109.166 86
147.455 109.03 87
147.518 108.645 88
147.722 108.25 89
147.951 108.04 90
148.283 107.953 91
148.742 107.851 92
149.292 107.582 93
149.804 107.213 94
150.12 106.979 95
150.338 106.796 96
150.464 106.766 97
150.531 106.681 98
150.621 106.402 99
150.753 106.024 100
150.952 105.801 101
151.166 105.719 102
151.507 105.7 103
151.973 105.521 104
152.44 105.245 105
152.846 104.955 106
153.045 104.795 107
153.17 104.706 108
153.221 104.684 109
153.293 104.559 110
-------------
160 88 76
160.075 87.8973 77
160.18 87.8871 78
160.414 87.9125 79
160.621 87.793 80
160.85 87.5906 81
161.045 87.3712 82
161.192 87.3262 83
161.337 87.3247 84
161.422 87.2501 85
161.552 87.0487 86
161.821 86.8333 87
162.097 86.7 88
162.478 86.6756 89
162.96 86.6373 90
163.553 86.4269 91
164.081 86.1523 92
164.478 85.9561 93
164.815 85.8601 94
165.132 85.815 95
165.534 85.66 96
165.791 85.5966 97
166.111 85.4216 98
166.458 85.3304 99
166.874 85.2958 100
167.387 85.2219 101
167.964 85.0718 102
168.43 84.9969 103
168.714 84.9129 104
168.916 84.8865 105
169.2 84.7628 106
169.492 84.6688 107
169.513 84.6291 108
169.635 84.5499 109
169.849 84.5096 110
170.125 84.5225 111
170.49 84.3647 112
170.906 84.2533 113
171.26 84.1699 114
171.534 84.1211 115
171.725 84.0736 116
172.019 83.9155 117
172.072 83.8819 118
172.092 83.8519 119
172.21 83.8079 120
-------------
139 118 76
139.022 117.614 77
139.121 117.263 78
139.263 117.152 79
139.359 117.048 80
139.654 116.88 81
140.073 116.616 82
140.541 116.31 83
140.822 116.018 84
140.946 115.935 85
141.039 115.919 86
141.167 115.823 87
141.323 115.508 88
141.546 115.114 89
141.791 114.908 90
142.018 114.805 91
142.245 114.638 92
142.744 114.404 93
143.236 114.045 94
143.562 113.816 95
143.777 113.631 96
143.879 113.621 97
143.964 113.558 98
144.171 113.298 99
144.33 112.995 100
144.501 112.803 101
144.676 112.71 102
144.792 112.66 103
145.098 112.493 104
145.511 112.222 105
145.913 111.938 106
146.122 111.771 107
146.25 111.686 108
146.297 111.674 109
146.383 111.58 110
146.397 111.454 111
146.406 111.364 112
146.458 111.305 113
146.577 111.234 114
146.648 111.176 115
146.656 111.141 116
146.751 111.021 117
146.818 110.973 118
146.825 110.958 119
146.834 110.943 120
146.845 110.926 121
146.859 110.877 122
146.861 110.852 123
146.877 110.831 124
146.916 110.801 125
146.923 110.787 126
146.945 110.779 127
146.992 110.734 128
147.027 110.709 129
147.041 110.688 130
147.054 110.686 131
147.067 110.674 132
147.085 110.659 133
147.09 110.652 134
147.093 110.632 135
-------------
145 106 78
145.137 105.889 79
145.372 105.822 80
145.744 105.631 81
146.182 105.282 82
146.594 104.943 83
146.869 104.647 84
146.995 104.56 85
147.076 104.493 86
147.148 104.345 87
147.218 103.955 88
147.421 103.541 89
147.643 103.321 90
147.978 103.226 91
148.439 103.124 92
148.989 102.832 93
149.497 102.456 94
149.81 102.201 95
150.034 102.016 96
150.158 101.974 97
150.212 101.873 98
150.236 101.521 99
150.347 101.121 100
150.523 100.882 101
150.743 100.8 102
151.105 100.783 103
151.574 100.597 104
152.039 100.279 105
152.436 99.9734 106
152.644 99.8015 107
152.757 99.7025 108
152.802 99.667 109
152.787 99.4711 110
152.762 99.122 111
152.868 98.7988 112
152.955 98.7121 113
153.147 98.6448 114
153.459 98.5385 115
153.794 98.2796 116
154.096 97.9543 117
154.193 97.7775 118
154.21 97.7311 119
154.203 97.6987 120
154.129 97.6115 121
154.024 97.3186 122
154.043 96.9927 123
154.114 96.8682 124
154.253 96.8014 125
154.546 96.7697 126
154.929 96.592 127
155.32 96.2778 128
155.563 96.1226 129
155.652 96.0343 130
155.761 96.0086 131
155.816 95.9283 132
155.854 95.7427 133
155.962 95.4088 134
156.123 95.195 135
156.336 95.0955 136
156.569 95.0313 137
157.031 94.8649 138
157.501 94.6213 139
157.948 94.4073 140
158.175 94.3129 141
158.463 94.2105 142
158.659 94.2503 143
158.833 94.1737 144
158.932 94.0988 145
158.994 94.036 146
159.149 93.9736 147
159.253 93.8977 148
159.492 93.8376 149
159.715 93.6558 150
160.09 93.5479 151
160.123 93.5015 152
160.33 93.4462 153
160.439 93.4079 154
160.562 93.2812 155
160.623 92.9886 156
160.649 92.8468 157
160.787 92.7341 158
160.892 92.6528 159
161.033 92.5331 160
161.356 92.344 161
161.702 92.1376 162
161.938 91.993 163
162.13 91.9303 164
162.25 91.9132 165
162.386 91.8709 166
162.468 91.7496 167
162.488 91.6904 168
162.549 91.6164 169
162.695 91.5664 170
-------------
145 100 83
145.231 99.7296 84
145.354 99.6429 85
145.434 99.5745 86
145.495 99.4313 87
145.568 99.0593 88
145.778 98.6796 89
145.999 98.47 90
146.331 98.3758 91
146.791 98.276 92
147.325 97.9838 93
147.789 97.6053 94
148.068 97.3461 95
148.289 97.1635 96
148.405 97.1133 97
148.446 97.0048 98
148.474 96.6571 99
148.583 96.2571 100
148.758 96.0193 101
148.979 95.9377 102
149.341 95.9205 103
149.803 95.7289 104
150.259 95.3963 105
150.623 95.0698 106
150.826 94.8959 107
150.938 94.7964 108
150.981 94.7525 109
150.961 94.5561 110
150.942 94.2046 111
151.048 93.8756 112
151.129 93.7808 113
151.319 93.7129 114
151.63 93.602 115
151.962 93.3303 116
152.233 92.9915 117
152.323 92.8066 118
152.34 92.7551 119
152.33 92.7154 120
152.26 92.6195 121
152.161 92.314 122
152.179 91.9727 123
152.234 91.8344 124
152.378 91.7673 125
152.672 91.7381 126
153.045 91.5164 127
153.433 91.194 128
153.656 91.0076 129
153.745 90.9187 130
153.829 90.8768 131
153.849 90.7568 132
153.811 90.5496 133
153.879 90.1964 134
153.998 89.9621 135
154.216 89.8636 136
154.525 89.8349 137
154.994 89.6659 138
155.478 89.4164 139
155.925 89.1961 140
156.155 89.1032 141
156.439 89.0038 142
156.634 89.0424 143
156.768 88.9621 144
156.83 88.8502 145
156.858 88.7867 146
156.857 88.7736 147
-------------
148 115 83
148.166 114.835 84
148.286 114.755 85
148.363 114.713 86
148.48 114.623 87
148.689 114.469 88
148.982 114.175 89
149.243 114.003 90
149.383 113.953 91
149.689 113.82 92
150.215 113.631 93
150.676 113.324 94
150.897 113.183 95
151.048 113.048 96
151.151 113.025 97
151.206 112.962 98
151.452 112.837 99
151.751 112.666 100
151.962 112.508 101
152.13 112.435 102
152.207 112.406 103
152.522 112.294 104
152.906 112.122 105
-------------
163 76 87
163.307 75.8723 88
163.74 75.902 89
164.389 75.9603 90
165.013 75.7375 91
165.4 75.3671 92
165.626 75.1159 93
165.884 75.0565 94
166.102 75.0706 95
166.311 74.8786 96
166.587 74.6642 97
166.924 74.3939 98
167.283 74.3022 99
167.803 74.3446 100
168.447 74.2846 101
168.943 74.0083 102
169.305 73.7028 103
169.582 73.5481 104
169.822 73.5519 105
170.005 73.5009 106
170.19 73.2686 107
170.429 72.9571 108
170.699 72.7828 109
171.012 72.7754 110
171.401 72.8182 111
171.899 72.6011 112
172.26 72.3423 113
172.518 72.1178 114
172.813 72.0551 115
173.047 72.0792 116
173.301 71.9176 117
173.521 71.7204 118
173.856 71.4862 119
174.224 71.4055 120
174.741 71.5204 121
175.425 71.4933 122
176.072 71.3045 123
176.402 71.1608 124
176.675 71.1812 125
-------------
148 100 89
148.213 99.8147 90
148.547 99.7198 91
149.006 99.6176 92
149.551 99.3343 93
150.03 98.9911 94
150.32 98.7507 95
150.544 98.5673 96
150.662 98.5214 97
150.711 98.4231 98
150.741 98.122 99
150.86 97.7468 100
151.036 97.509 101
151.256 97.4269 102
151.618 97.4086 103
152.08 97.2187 104
152.539 96.8883 105
152.926 96.5755 106
153.133 96.4028 107
153.246 96.3034 108
153.289 96.2605 109
153.271 96.0635 110
153.251 95.7134 111
153.358 95.3852 112
153.442 95.2925 113
153.633 95.2247 114
153.947 95.1151 115
154.281 94.846 116
154.575 94.5142 117
154.67 94.3304 118
154.689 94.28 119
154.682 94.243 120
154.61 94.1489 121
154.512 93.8441 122
154.527 93.5098 123
154.587 93.3779 124
154.733 93.3105 125
155.028 93.2801 126
155.407 93.0628 127
155.795 92.7392 128
156.036 92.5746 129
156.126 92.4851 130
156.21 92.4441 131
156.229 92.3207 132
156.191 92.114 133
156.26 91.7608 134
156.397 91.535 135
156.614 91.4359 136
156.925 91.4054 137
157.395 91.2356 138
157.873 90.9797 139
158.322 90.7593 140
158.55 90.6653 141
158.836 90.5644 142
159.031 90.604 143
159.186 90.5303 144
159.266 90.4424 145
159.294 90.3781 146
-------------
166 79 90
166.626 78.7739 91
167.133 78.4295 92
167.497 78.1806 93
167.862 78.0993 94
168.171 78.0851 95
168.434 77.8697 96
168.713 77.657 97
169.05 77.3898 98
169.409 77.2963 99
169.928 77.3346 100
170.571 77.2708 101
171.112 77.0041 102
171.514 76.7093 103
171.803 76.5625 104
172.056 76.5648 105
172.287 76.4887 106
172.475 76.257 107
172.713 75.9484 108
172.983 75.7763 109
173.292 75.7667 110
173.677 75.8014 111
174.175 75.5842 112
174.554 75.3367 113
174.866 75.1242 114
175.164 75.063 115
175.398 75.0799 116
175.665 74.9187 117
175.874 74.7402 118
176.213 74.5135 119
176.579 74.4321 120
177.096 74.5436 121
177.776 74.5151 122
178.441 74.3388 123
-------------
169 82 93
169.363 81.9253 94
169.682 81.9075 95
169.926 81.7234 96
170.175 81.5903 97
170.5 81.3764 98
170.855 81.2874 99
171.367 81.3257 100
172 81.2642 101
172.545 81.0514 102
172.932 80.8747 103
173.207 80.7556 104
173.458 80.7523 105
173.716 80.6709 106
173.941 80.5537 107
174.118 80.4052 108
174.39 80.2587 109
174.675 80.2477 110
175.053 80.2796 111
175.542 80.0732 112
175.955 79.9512 113
176.29 79.8201 114
176.577 79.7631 115
176.803 79.7658 116
177.094 79.6127 117
177.294 79.5689 118
177.62 79.4223 119
177.98 79.3456 120
178.332 79.4087 121
178.842 79.3407 122
-------------
151 109 95
151.214 108.824 96
151.336 108.796 97
151.406 108.719 98
151.579 108.527 99
151.843 108.282 100
152.063 108.079 101
152.248 108 102
152.511 107.969 103
152.927 107.817 104
153.393 107.559 105
153.794 107.281 106
153.931 107.16 107
154.06 107.08 108
154.104 107.058 109
154.182 106.953 110
154.301 106.857 111
154.431 106.598 112
154.513 106.541 113
154.613 106.478 114
154.789 106.406 115
155.029 106.241 116
155.334 105.978 117
155.361 105.922 118
155.375 105.896 119
155.366 105.875 120
155.314 105.824 121
155.345 105.774 122
155.357 105.708 123
155.463 105.646 124
155.552 105.585 125
155.594 105.533 126
-------------
169 73 97
169.318 72.7485 98
169.673 72.6566 99
170.176 72.6919 100
170.816 72.6308 101
171.308 72.3584 102
171.626 72.0722 103
171.881 71.9242 104
172.102 71.9261 105
172.163 71.9065 106
172.337 71.6803 107
172.576 71.3692 108
172.846 71.1945 109
173.16 71.1872 110
173.547 71.2271 111
174.048 71.0083 112
174.414 70.7442 113
174.689 70.5086 114
174.983 70.4434 115
175.216 70.4666 116
175.465 70.3024 117
175.687 70.099 118
176.026 69.86 119
176.395 69.778 120
176.914 69.8921 121
177.6 69.866 122
178.214 69.6396 123
178.455 69.4685 124
178.65 69.4471 125
-------------
172 76 100
172.637 75.9334 101
173.162 75.6696 102
173.56 75.3772 103
173.845 75.2309 104
174.089 75.2298 105
174.302 75.163 106
174.489 74.9321 107
174.726 74.6246 108
174.996 74.4526 109
175.307 74.4436 110
175.693 74.478 111
176.192 74.2586 112
176.568 74.0027 113
176.873 73.7893 114
177.17 73.7273 115
177.405 73.7467 116
177.666 73.5836 117
177.871 73.3892 118
178.211 73.1543 119
178.579 73.0723 120
179.096 73.1845 121
179.78 73.1583 122
-------------
145 106 103
145.465 105.821 104
145.927 105.545 105
146.332 105.255 106
146.536 105.082 107
146.667 104.996 108
146.724 104.984 109
146.761 104.848 110
146.741 104.532 111
146.769 104.269 112
146.83 104.193 113
146.983 104.106 114
147.266 103.999 115
147.54 103.771 116
147.786 103.458 117
147.868 103.3 118
147.895 103.265 119
147.905 103.252 120
147.911 103.234 121
147.826 102.958 122
147.822 102.724 123
147.842 102.64 124
147.941 102.569 125
148.044 102.491 126
148.402 102.328 127
148.727 102.041 128
148.966 101.891 129
149.054 101.808 130
149.166 101.786 131
149.204 101.761 132
149.305 101.655 133
149.362 101.55 134
149.375 101.489 135
149.426 101.46 136
149.494 101.408 137
-------------
148 106 103
148.462 105.819 104
148.917 105.538 105
149.323 105.247 106
149.529 105.075 107
149.659 104.986 108
149.712 104.969 109
149.752 104.819 110
149.76 104.499 111
149.849 104.21 112
149.931 104.127 113
150.088 104.037 114
150.367 103.934 115
150.655 103.707 116
150.948 103.39 117
151.039 103.228 118
151.063 103.191 119
151.069 103.177 120
151.041 103.134 121
150.991 102.871 122
151.02 102.624 123
151.111 102.533 124
151.212 102.461 125
151.315 102.382 126
151.675 102.218 127
152.016 101.92 128
152.255 101.769 129
152.344 101.685 130
152.458 101.663 131
152.523 101.623 132
152.651 101.506 133
-------------
151 91 107
151.074 90.9217 108
151.112 90.8792 109
151.088 90.6996 110
151.081 90.3576 111
151.183 90.0387 112
151.258 89.9458 113
151.429 89.8927 114
151.715 89.7862 115
152.036 89.5139 116
152.282 89.186 117
152.365 89.0053 118
152.382 88.9552 119
152.373 88.9149 120
152.305 88.8202 121
152.22 88.5206 122
152.268 88.1818 123
152.341 88.0547 124
152.486 87.9857 125
152.779 87.9578 126
153.144 87.7208 127
153.522 87.3911 128
153.726 87.1854 129
153.814 87.0962 130
153.88 87.046 131
153.892 86.9198 132
153.851 86.7135 133
153.922 86.3609 134
154.052 86.128 135
154.272 86.0297 136
154.581 86.0021 137
155.05 85.8249 138
155.512 85.539 139
155.901 85.2759 140
156.125 85.185 141
156.358 85.0908 142
156.521 85.1211 143
156.552 85.0244 144
156.547 84.9086 145
156.571 84.8409 146
156.566 84.8293 147
-------------
154 103 111
154.14 102.713 112
154.229 102.632 113
154.402 102.563 114
154.705 102.46 115
155.031 102.223 116
155.355 101.925 117
155.442 101.783 118
155.46 101.749 119
155.454 101.724 120
155.386 101.658 121
155.4 101.569 122
155.507 101.368 123
155.613 101.279 124
155.701 101.215 125
155.877 101.165 126
156.253 101.013 127
156.618 100.727 128
156.831 100.603 129
156.9 100.538 130
157.012 100.518 131
157.007 100.457 132
157.144 100.371 133
157.35 100.185 134
157.52 100.027 135
157.717 99.9472 136
157.805 99.8732 137
158.144 99.7492 138
158.573 99.5334 139
158.906 99.4052 140
158.989 99.3539 141
159.23 99.2668 142
159.389 99.2945 143
159.576 99.2171 144
159.684 99.188 145
159.772 99.1527 146
159.896 99.1203 147
159.985 99.0651 148
160.21 99.0049 149
160.413 98.9013 150
160.775 98.8036 151
160.789 98.7821 152
160.919 98.7379 153
160.994 98.6915 154
161.129 98.5793 155
161.135 98.472 156
161.138 98.4304 157
161.186 98.373 158
161.242 98.3223 159
161.248 98.268 160
161.271 98.2535 161
161.385 98.1757 162
161.475 98.1387 163
161.545 98.1141 164
161.605 98.0817 165
161.664 98.0649 166
161.687 97.9985 167
161.693 97.963 168
161.708 97.9345 169
161.725 97.9225 170
161.737 97.914 171
161.743 97.9017 172
161.759 97.9082 173
161.776 97.9009 174
161.787 97.9111 175
161.796 97.9082 176
161.806 97.9094 177
161.808 97.8967 178
-------------
