22 151 171
22.8752 151.042 172
23.6585 150.895 173
23.8938 150.759 174
24.2537 150.665 175
24.7432 150.563 176
-------------
31 151 171
31.3792 150.944 172
32.1645 150.804 173
32.4009 150.677 174
33.3446 150.631 175
-------------
25 151 172
25.7841 150.849 173
26.0308 150.714 174
26.3971 150.617 175
26.9846 150.505 176
-------------
22 151 171
22.8752 151.042 172
23.6585 150.895 173
23.8938 150.759 174
24.2537 150.665 175
24.7432 150.563 176
-------------
31 151 171
31.3792 150.944 172
32.1645 150.804 173
32.4009 150.677 174
33.3446 150.631 175
-------------
25 151 172
25.7841 150.849 173
26.0308 150.714 174
26.3971 150.617 175
26.9846 150.505 176
-------------
