4 145 155
5.69919 144.825 156
6.84791 144.587 157
7.91907 144.351 158
9.23258 144.164 159
10.8042 143.967 160
12.2624 143.799 161
13.5246 143.426 162
14.6787 143.03 163
15.9955 142.901 164
17.6329 142.857 165
19.6786 142.659 166
21.1982 142.432 167
22.4487 142.099 168
23.7619 141.9 169
25.138 141.689 170
26.7179 141.444 171
28.025 141.075 172
29.1805 140.686 173
30.4313 140.444 174
31.9283 140.465 175
33.927 140.351 176
-------------
4 136 156
5.14274 135.727 157
6.19412 135.464 158
7.49734 135.274 159
8.97754 135.078 160
10.1569 134.769 161
11.3438 134.259 162
12.4764 133.856 163
13.781 133.737 164
15.4 133.733 165
17.286 133.522 166
18.7018 133.081 167
19.9519 132.718 168
21.2761 132.52 169
22.6546 132.316 170
24.0214 132.031 171
25.2505 131.522 172
26.4118 131.092 173
27.6867 130.875 174
29.1909 130.906 175
31.1222 130.85 176
32.8933 130.52 177
34.401 130.048 178
35.9096 129.749 179
37.3738 129.65 180
39.0239 129.424 181
40.6179 129.001 182
42.0762 128.56 183
43.4583 128.169 184
44.9521 128.085 185
46.7526 128.122 186
48.786 127.918 187
50.4767 127.422 188
-------------
4 139 156
5.15722 138.727 157
6.22635 138.469 158
7.5369 138.28 159
9.04108 138.086 160
10.343 137.763 161
11.5402 137.254 162
12.6776 136.84 163
13.9869 136.715 164
15.6214 136.682 165
17.5918 136.462 166
19.0504 136.029 167
20.3144 135.672 168
21.639 135.473 169
23.0175 135.267 170
24.4524 134.974 171
25.6853 134.465 172
26.8463 134.036 173
28.1187 133.81 174
29.6217 133.835 175
31.5939 133.749 176
33.421 133.421 177
34.9387 132.95 178
36.451 132.648 179
37.9166 132.529 180
39.5762 132.292 181
41.1881 131.867 182
42.6479 131.425 183
44.0372 131.029 184
45.591 130.926 185
47.4081 130.922 186
49.4818 130.721 187
51.2761 130.202 188
52.7655 129.806 189
54.0101 129.658 190
55.2674 129.517 191
56.57 129.213 192
57.6713 128.758 193
58.6416 128.34 194
59.592 128.106 195
60.7144 128.055 196
61.9492 128.006 197
63.3038 127.749 198
64.4679 127.395 199
-------------
4 151 156
4.95986 150.847 157
5.92014 150.646 158
7.23377 150.469 159
8.8851 150.214 160
10.5426 150.169 161
11.7305 149.887 162
12.8715 149.516 163
14.0056 149.5 164
15.5577 149.452 165
17.6014 149.301 166
-------------
10 139 158
11.2701 138.802 159
12.7592 138.612 160
14.0324 138.329 161
15.2261 137.858 162
16.3674 137.454 163
17.6761 137.331 164
19.2927 137.292 165
21.2451 137.073 166
22.701 136.679 167
23.9605 136.324 168
25.2842 136.127 169
26.6635 135.921 170
28.1052 135.624 171
29.3402 135.12 172
30.5032 134.693 173
31.7806 134.471 174
33.2827 134.495 175
35.2561 134.396 176
37.0529 134.071 177
38.5597 133.599 178
40.0678 133.298 179
41.5316 133.196 180
43.1866 132.961 181
44.8016 132.542 182
46.262 132.103 183
47.6542 131.709 184
49.2127 131.609 185
51.0405 131.564 186
53.1015 131.362 187
54.7936 130.829 188
56.2233 130.442 189
57.4581 130.308 190
58.7096 130.184 191
60.0144 129.88 192
61.1149 129.425 193
62.0884 129.009 194
63.0379 128.775 195
64.1614 128.726 196
65.397 128.678 197
66.7622 128.426 198
67.9616 128.065 199
-------------
4 142 158
5.31312 141.81 159
6.85805 141.603 160
8.21914 141.293 161
9.42082 140.785 162
10.5567 140.354 163
11.8689 140.223 164
13.5068 140.18 165
15.5443 139.972 166
17.1735 139.588 167
18.4809 139.243 168
19.8068 139.041 169
21.1851 138.828 170
22.6815 138.525 171
23.9205 138.019 172
25.0793 137.587 173
26.3361 137.328 174
27.836 137.347 175
29.8285 137.238 176
31.8968 136.914 177
33.4829 136.426 178
34.9982 136.12 179
36.445 135.955 180
38.1095 135.693 181
39.7402 135.276 182
41.1933 134.83 183
-------------
10 142 158
11.3108 141.813 159
12.8456 141.624 160
14.1766 141.39 161
15.391 140.956 162
16.5403 140.556 163
17.8522 140.434 164
19.4871 140.39 165
21.4765 140.171 166
22.9763 139.852 167
24.2361 139.517 168
25.5508 139.323 169
26.9306 139.119 170
28.4261 138.849 171
29.6798 138.398 172
30.8516 138.001 173
32.1292 137.775 174
33.6307 137.797 175
35.6272 137.685 176
37.4634 137.507 177
38.9656 137.078 178
40.4531 136.78 179
41.8897 136.649 180
43.5624 136.387 181
45.3027 136.099 182
46.7769 135.717 183
48.1667 135.336 184
49.7204 135.231 185
51.5558 135.063 186
53.6748 134.937 187
-------------
4 145 158
5.31393 144.81 159
6.90985 144.576 160
8.44493 144.348 161
9.65876 143.852 162
10.7985 143.421 163
12.1116 143.286 164
13.7494 143.239 165
15.8125 143.036 166
17.6168 142.712 167
18.943 142.379 168
20.2688 142.175 169
21.6462 141.948 170
23.2094 141.671 171
24.4519 141.179 172
25.5884 140.749 173
26.7871 140.485 174
28.2432 140.497 175
30.2396 140.384 176
32.462 140.228 177
34.2047 139.86 178
35.7209 139.572 179
-------------
4 136 159
5.49509 135.807 160
6.77884 135.503 161
7.9719 134.991 162
9.1048 134.58 163
10.4089 134.453 164
12.022 134.434 165
13.875 134.234 166
15.2994 133.826 167
16.5557 133.478 168
17.8777 133.279 169
19.251 133.077 170
-------------
4 148 159
5.62458 147.733 160
7.2944 147.609 161
8.46784 147.235 162
9.55765 146.79 163
10.8195 146.653 164
12.3931 146.585 165
14.4736 146.411 166
16.4747 146.244 167
17.8152 145.951 168
19.1312 145.751 169
-------------
4 151 159
5.62302 150.73 160
7.28484 150.694 161
8.36149 150.439 162
9.35797 149.997 163
-------------
4 142 161
5.20275 141.491 162
6.32814 141.053 163
7.63723 140.915 164
9.26762 140.857 165
11.3151 140.646 166
13.0506 140.289 167
14.37 139.957 168
-------------
4 145 161
5.20519 144.497 162
6.32076 144.039 163
7.61818 143.889 164
9.21562 143.788 165
11.2763 143.579 166
13.0596 143.275 167
14.3713 142.953 168
-------------
4 151 161
5.07362 150.739 162
6.06429 150.294 163
6.75939 150.268 164
7.77769 150.064 165
-------------
16 145 162
17.1464 144.615 163
18.4605 144.488 164
20.0964 144.443 165
22.1038 144.251 166
23.5261 144.09 167
-------------
16 148 162
17.1377 147.639 163
18.3987 147.558 164
20.0178 147.504 165
21.7697 147.382 166
-------------
13 130 163
14.2389 129.906 164
15.7929 129.943 165
17.5339 129.749 166
18.8348 129.339 167
19.9962 129 168
21.3119 128.814 169
22.6795 128.638 170
23.9499 128.381 171
25.1349 127.925 172
26.2949 127.516 173
27.5704 127.315 174
29.073 127.361 175
30.8702 127.372 176
32.4902 127.097 177
-------------
16 133 163
17.2748 132.888 164
18.8658 132.883 165
20.6706 132.672 166
22.0122 132.232 167
23.2487 131.87 168
24.5718 131.672 169
25.9497 131.469 170
27.2431 131.155 171
28.4686 130.647 172
29.6317 130.218 173
30.9106 130.003 174
32.4156 130.037 175
34.3325 129.985 176
36.0948 129.653 177
37.5986 129.177 178
39.1069 128.876 179
40.5721 128.778 180
42.2181 128.55 181
43.821 128.124 182
45.281 127.682 183
46.6749 127.289 184
48.2362 127.195 185
50.027 127.24 186
52.0206 127.015 187
53.6441 126.478 188
55.0323 126.086 189
56.2678 125.965 190
57.5117 125.859 191
58.8009 125.554 192
59.8896 125.093 193
60.858 124.677 194
61.8092 124.446 195
62.935 124.405 196
64.1668 124.361 197
65.3189 124.085 198
66.3265 123.683 199
-------------
13 139 163
14.312 138.872 164
15.9492 138.831 165
17.9522 138.614 166
19.4788 138.213 167
20.7464 137.858 168
22.0706 137.659 169
23.449 137.45 170
24.9047 137.155 171
26.1403 136.649 172
27.3006 136.219 173
28.5719 135.986 174
30.0744 136.009 175
32.0636 135.906 176
34.0046 135.594 177
35.5615 135.113 178
37.0755 134.809 179
38.5368 134.661 180
40.2085 134.402 181
41.8392 133.975 182
43.2985 133.533 183
44.6745 133.126 184
46.2257 133.015 185
48.0333 132.956 186
50.1284 132.754 187
51.9751 132.229 188
53.4661 131.832 189
54.7038 131.659 190
55.959 131.506 191
57.2726 131.2 192
58.3735 130.744 193
59.3403 130.326 194
60.2827 130.088 195
61.3616 130.007 196
62.5916 129.955 197
63.9615 129.707 198
65.2001 129.385 199
-------------
10 151 164
11.1638 150.842 165
13.1594 150.723 166
15.1463 150.739 167
16.3548 150.668 168
-------------
16 136 167
17.2707 135.649 168
18.5953 135.449 169
19.9723 135.243 170
21.3664 134.98 171
22.581 134.478 172
23.736 134.048 173
24.9878 133.819 174
26.4871 133.843 175
28.4235 133.771 176
30.288 133.455 177
31.7959 133.001 178
33.3081 132.699 179
34.7188 132.57 180
36.3644 132.336 181
-------------
25 136 167
26.2534 135.646 168
27.5753 135.451 169
28.9536 135.247 170
30.3846 134.954 171
31.6179 134.462 172
32.7815 134.038 173
34.0599 133.819 174
35.5611 133.842 175
37.5247 133.728 176
39.3037 133.406 177
40.8065 132.934 178
42.3136 132.634 179
43.7768 132.534 180
45.4293 132.302 181
47.0381 131.879 182
48.4971 131.443 183
49.8905 131.051 184
51.4497 130.951 185
53.2648 130.931 186
55.2807 130.694 187
56.8863 130.162 188
58.2587 129.773 189
59.4892 129.648 190
60.7328 129.54 191
62.0277 129.242 192
63.1193 128.79 193
64.0962 128.379 194
65.0461 128.145 195
66.1714 128.104 196
67.4068 128.057 197
68.5649 127.812 198
-------------
25 139 167
26.251 138.673 168
27.5669 138.486 169
28.9459 138.282 170
30.3937 138.006 171
31.6495 137.581 172
32.8142 137.204 173
34.092 136.983 174
35.5928 137.005 175
37.5797 136.891 176
39.3626 136.656 177
40.8324 136.236 178
42.3047 135.946 179
43.7492 135.845 180
45.4113 135.605 181
47.1278 135.33 182
48.6088 134.957 183
50.0029 134.578 184
51.5601 134.477 185
53.4276 134.336 186
55.4965 134.164 187
-------------
19 145 167
20.3221 144.688 168
21.6441 144.487 169
23.0142 144.259 170
24.5989 144.021 171
25.8532 143.762 172
26.6881 143.51 173
-------------
25 142 168
26.2886 141.814 169
27.6606 141.61 170
29.2167 141.379 171
30.5072 141.045 172
31.6452 140.699 173
32.9203 140.473 174
34.4134 140.491 175
36.4111 140.376 176
38.1213 140.401 177
39.5359 140.048 178
41.012 139.803 179
42.2528 139.705 180
43.9322 139.432 181
45.7264 139.285 182
47.1868 139.004 183
-------------
28 130 170
29.2159 129.696 171
30.4319 129.192 172
31.5951 128.766 173
32.8739 128.554 174
34.3769 128.591 175
36.2367 128.532 176
37.9932 128.199 177
39.4952 127.723 178
41.0028 127.423 179
42.4693 127.327 180
44.1019 127.101 181
45.6933 126.672 182
47.1533 126.231 183
48.5522 125.84 184
50.1181 125.747 185
51.9021 125.795 186
53.8607 125.546 187
55.4623 125.003 188
56.8461 124.609 189
58.0803 124.489 190
59.3181 124.386 191
60.5857 124.07 192
61.6574 123.6 193
62.6325 123.186 194
63.5838 122.955 195
64.7092 122.916 196
65.9401 122.873 197
67.0492 122.592 198
67.9282 122.203 199
-------------
22 148 170
23.5352 147.835 171
24.6533 147.785 172
25.3979 147.616 173
25.739 147.499 174
-------------
34 133 172
35.1535 132.581 173
36.431 132.363 174
37.9298 132.387 175
39.8375 132.257 176
41.6072 131.931 177
43.1058 131.463 178
44.6109 131.163 179
46.071 131.064 180
47.7163 130.837 181
49.3228 130.419 182
50.7777 129.98 183
52.1707 129.588 184
53.7306 129.489 185
55.4797 129.509 186
57.4647 129.246 187
59.0551 128.703 188
60.423 128.312 189
61.6547 128.192 190
62.8942 128.088 191
64.1741 127.785 192
65.2526 127.334 193
66.2242 126.921 194
67.1741 126.688 195
68.2999 126.649 196
69.5351 126.602 197
70.624 126.347 198
71.465 126.009 199
-------------
34 136 172
35.1447 135.614 173
36.4212 135.396 174
37.9207 135.419 175
39.8691 135.301 176
41.6105 135 177
43.0818 134.581 178
44.5573 134.304 179
46.0113 134.218 180
47.6623 133.989 181
49.2754 133.674 182
50.7311 133.291 183
52.1154 132.908 184
53.6736 132.809 185
55.5011 132.719 186
57.5074 132.492 187
58.9974 132.022 188
60.2399 131.729 189
61.4082 131.615 190
62.6476 131.51 191
63.9785 131.273 192
65.0978 130.941 193
66.0904 130.583 194
67.0399 130.349 195
68.1624 130.305 196
69.3981 130.258 197
70.4704 130.07 198
-------------
37 124 177
38.475 123.538 178
39.9593 123.289 179
41.4068 123.238 180
42.9857 123.046 181
44.4642 122.664 182
45.9188 122.239 183
47.3242 121.915 184
48.896 121.863 185
50.649 121.942 186
52.5003 121.731 187
54.0844 121.195 188
55.3996 120.854 189
56.6194 120.753 190
57.8488 120.672 191
58.9563 120.363 192
59.9777 119.928 193
60.9455 119.533 194
61.8993 119.322 195
63.0167 119.293 196
64.2092 119.295 197
65.2617 119.059 198
66.1121 118.71 199
-------------
40 127 177
41.4979 126.527 178
42.9996 126.227 179
44.462 126.133 180
46.077 125.907 181
47.6497 125.48 182
49.1094 125.04 183
50.5104 124.655 184
52.079 124.565 185
53.8567 124.615 186
55.7676 124.355 187
57.3658 123.813 188
58.7487 123.418 189
59.9821 123.3 190
61.2118 123.197 191
62.4276 122.861 192
63.4907 122.389 193
64.4684 121.975 194
65.4199 121.744 195
66.5447 121.705 196
67.7732 121.66 197
68.8751 121.378 198
69.7458 120.987 199
-------------
49 121 183
50.3645 120.677 184
51.9358 120.629 185
53.657 120.729 186
55.4047 120.494 187
56.9129 119.948 188
58.2895 119.56 189
59.5158 119.454 190
60.7021 119.38 191
61.7706 119.064 192
62.8167 118.59 193
63.7965 118.18 194
64.7499 117.954 195
65.8664 117.918 196
67.0726 117.896 197
68.1606 117.613 198
69.0257 117.221 199
-------------
58 124 187
59.5963 123.458 188
60.9779 123.064 189
62.2104 122.946 190
63.4367 122.844 191
64.6554 122.52 192
65.722 122.056 193
66.7002 121.644 194
67.651 121.412 195
68.7731 121.373 196
69.9955 121.322 197
71.0946 121.037 198
71.9633 120.649 199
-------------
64 127 190
65.2376 126.897 191
66.5108 126.596 192
67.5347 126.166 193
68.4748 125.772 194
69.4237 125.539 195
70.5478 125.5 196
71.7798 125.456 197
72.8658 125.19 198
73.6717 124.879 199
-------------
4 145 155
5.69919 144.825 156
6.84791 144.587 157
7.91907 144.351 158
9.23258 144.164 159
10.8042 143.967 160
12.2624 143.799 161
13.5246 143.426 162
14.6787 143.03 163
15.9955 142.901 164
17.6329 142.857 165
19.6786 142.659 166
21.1982 142.432 167
22.4487 142.099 168
23.7619 141.9 169
25.138 141.689 170
26.7179 141.444 171
28.025 141.075 172
29.1805 140.686 173
30.4313 140.444 174
31.9283 140.465 175
33.927 140.351 176
-------------
4 136 156
5.14274 135.727 157
6.19412 135.464 158
7.49734 135.274 159
8.97754 135.078 160
10.1569 134.769 161
11.3438 134.259 162
12.4764 133.856 163
13.781 133.737 164
15.4 133.733 165
17.286 133.522 166
18.7018 133.081 167
19.9519 132.718 168
21.2761 132.52 169
22.6546 132.316 170
24.0214 132.031 171
25.2505 131.522 172
26.4118 131.092 173
27.6867 130.875 174
29.1909 130.906 175
31.1222 130.85 176
32.8933 130.52 177
34.401 130.048 178
35.9096 129.749 179
37.3738 129.65 180
39.0239 129.424 181
40.6179 129.001 182
42.0762 128.56 183
43.4583 128.169 184
44.9521 128.085 185
46.7526 128.122 186
48.786 127.918 187
50.4767 127.422 188
-------------
4 139 156
5.15722 138.727 157
6.22635 138.469 158
7.5369 138.28 159
9.04108 138.086 160
10.343 137.763 161
11.5402 137.254 162
12.6776 136.84 163
13.9869 136.715 164
15.6214 136.682 165
17.5918 136.462 166
19.0504 136.029 167
20.3144 135.672 168
21.639 135.473 169
23.0175 135.267 170
24.4524 134.974 171
25.6853 134.465 172
26.8463 134.036 173
28.1187 133.81 174
29.6217 133.835 175
31.5939 133.749 176
33.421 133.421 177
34.9387 132.95 178
36.451 132.648 179
37.9166 132.529 180
39.5762 132.292 181
41.1881 131.867 182
42.6479 131.425 183
44.0372 131.029 184
45.591 130.926 185
47.4081 130.922 186
49.4818 130.721 187
51.2761 130.202 188
52.7655 129.806 189
54.0101 129.658 190
55.2674 129.517 191
56.57 129.213 192
57.6713 128.758 193
58.6416 128.34 194
59.592 128.106 195
60.7144 128.055 196
61.9492 128.006 197
63.3038 127.749 198
64.4679 127.395 199
-------------
4 151 156
4.95986 150.847 157
5.92014 150.646 158
7.23377 150.469 159
8.8851 150.214 160
10.5426 150.169 161
11.7305 149.887 162
12.8715 149.516 163
14.0056 149.5 164
15.5577 149.452 165
17.6014 149.301 166
-------------
10 139 158
11.2701 138.802 159
12.7592 138.612 160
14.0324 138.329 161
15.2261 137.858 162
16.3674 137.454 163
17.6761 137.331 164
19.2927 137.292 165
21.2451 137.073 166
22.701 136.679 167
23.9605 136.324 168
25.2842 136.127 169
26.6635 135.921 170
28.1052 135.624 171
29.3402 135.12 172
30.5032 134.693 173
31.7806 134.471 174
33.2827 134.495 175
35.2561 134.396 176
37.0529 134.071 177
38.5597 133.599 178
40.0678 133.298 179
41.5316 133.196 180
43.1866 132.961 181
44.8016 132.542 182
46.262 132.103 183
47.6542 131.709 184
49.2127 131.609 185
51.0405 131.564 186
53.1015 131.362 187
54.7936 130.829 188
56.2233 130.442 189
57.4581 130.308 190
58.7096 130.184 191
60.0144 129.88 192
61.1149 129.425 193
62.0884 129.009 194
63.0379 128.775 195
64.1614 128.726 196
65.397 128.678 197
66.7622 128.426 198
67.9616 128.065 199
-------------
4 142 158
5.31312 141.81 159
6.85805 141.603 160
8.21914 141.293 161
9.42082 140.785 162
10.5567 140.354 163
11.8689 140.223 164
13.5068 140.18 165
15.5443 139.972 166
17.1735 139.588 167
18.4809 139.243 168
19.8068 139.041 169
21.1851 138.828 170
22.6815 138.525 171
23.9205 138.019 172
25.0793 137.587 173
26.3361 137.328 174
27.836 137.347 175
29.8285 137.238 176
31.8968 136.914 177
33.4829 136.426 178
34.9982 136.12 179
36.445 135.955 180
38.1095 135.693 181
39.7402 135.276 182
41.1933 134.83 183
-------------
10 142 158
11.3108 141.813 159
12.8456 141.624 160
14.1766 141.39 161
15.391 140.956 162
16.5403 140.556 163
17.8522 140.434 164
19.4871 140.39 165
21.4765 140.171 166
22.9763 139.852 167
24.2361 139.517 168
25.5508 139.323 169
26.9306 139.119 170
28.4261 138.849 171
29.6798 138.398 172
30.8516 138.001 173
32.1292 137.775 174
33.6307 137.797 175
35.6272 137.685 176
37.4634 137.507 177
38.9656 137.078 178
40.4531 136.78 179
41.8897 136.649 180
43.5624 136.387 181
45.3027 136.099 182
46.7769 135.717 183
48.1667 135.336 184
49.7204 135.231 185
51.5558 135.063 186
53.6748 134.937 187
-------------
4 145 158
5.31393 144.81 159
6.90985 144.576 160
8.44493 144.348 161
9.65876 143.852 162
10.7985 143.421 163
12.1116 143.286 164
13.7494 143.239 165
15.8125 143.036 166
17.6168 142.712 167
18.943 142.379 168
20.2688 142.175 169
21.6462 141.948 170
23.2094 141.671 171
24.4519 141.179 172
25.5884 140.749 173
26.7871 140.485 174
28.2432 140.497 175
30.2396 140.384 176
32.462 140.228 177
34.2047 139.86 178
35.7209 139.572 179
-------------
4 136 159
5.49509 135.807 160
6.77884 135.503 161
7.9719 134.991 162
9.1048 134.58 163
10.4089 134.453 164
12.022 134.434 165
13.875 134.234 166
15.2994 133.826 167
16.5557 133.478 168
17.8777 133.279 169
19.251 133.077 170
-------------
4 148 159
5.62458 147.733 160
7.2944 147.609 161
8.46784 147.235 162
9.55765 146.79 163
10.8195 146.653 164
12.3931 146.585 165
14.4736 146.411 166
16.4747 146.244 167
17.8152 145.951 168
19.1312 145.751 169
-------------
4 151 159
5.62302 150.73 160
7.28484 150.694 161
8.36149 150.439 162
9.35797 149.997 163
-------------
4 142 161
5.20275 141.491 162
6.32814 141.053 163
7.63723 140.915 164
9.26762 140.857 165
11.3151 140.646 166
13.0506 140.289 167
14.37 139.957 168
-------------
4 145 161
5.20519 144.497 162
6.32076 144.039 163
7.61818 143.889 164
9.21562 143.788 165
11.2763 143.579 166
13.0596 143.275 167
14.3713 142.953 168
-------------
4 151 161
5.07362 150.739 162
6.06429 150.294 163
6.75939 150.268 164
7.77769 150.064 165
-------------
16 145 162
17.1464 144.615 163
18.4605 144.488 164
20.0964 144.443 165
22.1038 144.251 166
23.5261 144.09 167
-------------
16 148 162
17.1377 147.639 163
18.3987 147.558 164
20.0178 147.504 165
21.7697 147.382 166
-------------
13 130 163
14.2389 129.906 164
15.7929 129.943 165
17.5339 129.749 166
18.8348 129.339 167
19.9962 129 168
21.3119 128.814 169
22.6795 128.638 170
23.9499 128.381 171
25.1349 127.925 172
26.2949 127.516 173
27.5704 127.315 174
29.073 127.361 175
30.8702 127.372 176
32.4902 127.097 177
-------------
16 133 163
17.2748 132.888 164
18.8658 132.883 165
20.6706 132.672 166
22.0122 132.232 167
23.2487 131.87 168
24.5718 131.672 169
25.9497 131.469 170
27.2431 131.155 171
28.4686 130.647 172
29.6317 130.218 173
30.9106 130.003 174
32.4156 130.037 175
34.3325 129.985 176
36.0948 129.653 177
37.5986 129.177 178
39.1069 128.876 179
40.5721 128.778 180
42.2181 128.55 181
43.821 128.124 182
45.281 127.682 183
46.6749 127.289 184
48.2362 127.195 185
50.027 127.24 186
52.0206 127.015 187
53.6441 126.478 188
55.0323 126.086 189
56.2678 125.965 190
57.5117 125.859 191
58.8009 125.554 192
59.8896 125.093 193
60.858 124.677 194
61.8092 124.446 195
62.935 124.405 196
64.1668 124.361 197
65.3189 124.085 198
66.3265 123.683 199
-------------
13 139 163
14.312 138.872 164
15.9492 138.831 165
17.9522 138.614 166
19.4788 138.213 167
20.7464 137.858 168
22.0706 137.659 169
23.449 137.45 170
24.9047 137.155 171
26.1403 136.649 172
27.3006 136.219 173
28.5719 135.986 174
30.0744 136.009 175
32.0636 135.906 176
34.0046 135.594 177
35.5615 135.113 178
37.0755 134.809 179
38.5368 134.661 180
40.2085 134.402 181
41.8392 133.975 182
43.2985 133.533 183
44.6745 133.126 184
46.2257 133.015 185
48.0333 132.956 186
50.1284 132.754 187
51.9751 132.229 188
53.4661 131.832 189
54.7038 131.659 190
55.959 131.506 191
57.2726 131.2 192
58.3735 130.744 193
59.3403 130.326 194
60.2827 130.088 195
61.3616 130.007 196
62.5916 129.955 197
63.9615 129.707 198
65.2001 129.385 199
-------------
10 151 164
11.1638 150.842 165
13.1594 150.723 166
15.1463 150.739 167
16.3548 150.668 168
-------------
16 136 167
17.2707 135.649 168
18.5953 135.449 169
19.9723 135.243 170
21.3664 134.98 171
22.581 134.478 172
23.736 134.048 173
24.9878 133.819 174
26.4871 133.843 175
28.4235 133.771 176
30.288 133.455 177
31.7959 133.001 178
33.3081 132.699 179
34.7188 132.57 180
36.3644 132.336 181
-------------
25 136 167
26.2534 135.646 168
27.5753 135.451 169
28.9536 135.247 170
30.3846 134.954 171
31.6179 134.462 172
32.7815 134.038 173
34.0599 133.819 174
35.5611 133.842 175
37.5247 133.728 176
39.3037 133.406 177
40.8065 132.934 178
42.3136 132.634 179
43.7768 132.534 180
45.4293 132.302 181
47.0381 131.879 182
48.4971 131.443 183
49.8905 131.051 184
51.4497 130.951 185
53.2648 130.931 186
55.2807 130.694 187
56.8863 130.162 188
58.2587 129.773 189
59.4892 129.648 190
60.7328 129.54 191
62.0277 129.242 192
63.1193 128.79 193
64.0962 128.379 194
65.0461 128.145 195
66.1714 128.104 196
67.4068 128.057 197
68.5649 127.812 198
-------------
25 139 167
26.251 138.673 168
27.5669 138.486 169
28.9459 138.282 170
30.3937 138.006 171
31.6495 137.581 172
32.8142 137.204 173
34.092 136.983 174
35.5928 137.005 175
37.5797 136.891 176
39.3626 136.656 177
40.8324 136.236 178
42.3047 135.946 179
43.7492 135.845 180
45.4113 135.605 181
47.1278 135.33 182
48.6088 134.957 183
50.0029 134.578 184
51.5601 134.477 185
53.4276 134.336 186
55.4965 134.164 187
-------------
19 145 167
20.3221 144.688 168
21.6441 144.487 169
23.0142 144.259 170
24.5989 144.021 171
25.8532 143.762 172
26.6881 143.51 173
-------------
25 142 168
26.2886 141.814 169
27.6606 141.61 170
29.2167 141.379 171
30.5072 141.045 172
31.6452 140.699 173
32.9203 140.473 174
34.4134 140.491 175
36.4111 140.376 176
38.1213 140.401 177
39.5359 140.048 178
41.012 139.803 179
42.2528 139.705 180
43.9322 139.432 181
45.7264 139.285 182
47.1868 139.004 183
-------------
28 130 170
29.2159 129.696 171
30.4319 129.192 172
31.5951 128.766 173
32.8739 128.554 174
34.3769 128.591 175
36.2367 128.532 176
37.9932 128.199 177
39.4952 127.723 178
41.0028 127.423 179
42.4693 127.327 180
44.1019 127.101 181
45.6933 126.672 182
47.1533 126.231 183
48.5522 125.84 184
50.1181 125.747 185
51.9021 125.795 186
53.8607 125.546 187
55.4623 125.003 188
56.8461 124.609 189
58.0803 124.489 190
59.3181 124.386 191
60.5857 124.07 192
61.6574 123.6 193
62.6325 123.186 194
63.5838 122.955 195
64.7092 122.916 196
65.9401 122.873 197
67.0492 122.592 198
67.9282 122.203 199
-------------
22 148 170
23.5352 147.835 171
24.6533 147.785 172
25.3979 147.616 173
25.739 147.499 174
-------------
34 133 172
35.1535 132.581 173
36.431 132.363 174
37.9298 132.387 175
39.8375 132.257 176
41.6072 131.931 177
43.1058 131.463 178
44.6109 131.163 179
46.071 131.064 180
47.7163 130.837 181
49.3228 130.419 182
50.7777 129.98 183
52.1707 129.588 184
53.7306 129.489 185
55.4797 129.509 186
57.4647 129.246 187
59.0551 128.703 188
60.423 128.312 189
61.6547 128.192 190
62.8942 128.088 191
64.1741 127.785 192
65.2526 127.334 193
66.2242 126.921 194
67.1741 126.688 195
68.2999 126.649 196
69.5351 126.602 197
70.624 126.347 198
71.465 126.009 199
-------------
34 136 172
35.1447 135.614 173
36.4212 135.396 174
37.9207 135.419 175
39.8691 135.301 176
41.6105 135 177
43.0818 134.581 178
44.5573 134.304 179
46.0113 134.218 180
47.6623 133.989 181
49.2754 133.674 182
50.7311 133.291 183
52.1154 132.908 184
53.6736 132.809 185
55.5011 132.719 186
57.5074 132.492 187
58.9974 132.022 188
60.2399 131.729 189
61.4082 131.615 190
62.6476 131.51 191
63.9785 131.273 192
65.0978 130.941 193
66.0904 130.583 194
67.0399 130.349 195
68.1624 130.305 196
69.3981 130.258 197
70.4704 130.07 198
-------------
37 124 177
38.475 123.538 178
39.9593 123.289 179
41.4068 123.238 180
42.9857 123.046 181
44.4642 122.664 182
45.9188 122.239 183
47.3242 121.915 184
48.896 121.863 185
50.649 121.942 186
52.5003 121.731 187
54.0844 121.195 188
55.3996 120.854 189
56.6194 120.753 190
57.8488 120.672 191
58.9563 120.363 192
59.9777 119.928 193
60.9455 119.533 194
61.8993 119.322 195
63.0167 119.293 196
64.2092 119.295 197
65.2617 119.059 198
66.1121 118.71 199
-------------
40 127 177
41.4979 126.527 178
42.9996 126.227 179
44.462 126.133 180
46.077 125.907 181
47.6497 125.48 182
49.1094 125.04 183
50.5104 124.655 184
52.079 124.565 185
53.8567 124.615 186
55.7676 124.355 187
57.3658 123.813 188
58.7487 123.418 189
59.9821 123.3 190
61.2118 123.197 191
62.4276 122.861 192
63.4907 122.389 193
64.4684 121.975 194
65.4199 121.744 195
66.5447 121.705 196
67.7732 121.66 197
68.8751 121.378 198
69.7458 120.987 199
-------------
49 121 183
50.3645 120.677 184
51.9358 120.629 185
53.657 120.729 186
55.4047 120.494 187
56.9129 119.948 188
58.2895 119.56 189
59.5158 119.454 190
60.7021 119.38 191
61.7706 119.064 192
62.8167 118.59 193
63.7965 118.18 194
64.7499 117.954 195
65.8664 117.918 196
67.0726 117.896 197
68.1606 117.613 198
69.0257 117.221 199
-------------
58 124 187
59.5963 123.458 188
60.9779 123.064 189
62.2104 122.946 190
63.4367 122.844 191
64.6554 122.52 192
65.722 122.056 193
66.7002 121.644 194
67.651 121.412 195
68.7731 121.373 196
69.9955 121.322 197
71.0946 121.037 198
71.9633 120.649 199
-------------
64 127 190
65.2376 126.897 191
66.5108 126.596 192
67.5347 126.166 193
68.4748 125.772 194
69.4237 125.539 195
70.5478 125.5 196
71.7798 125.456 197
72.8658 125.19 198
73.6717 124.879 199
-------------
