232 139 120
229.997 138.726 121
228.079 138.789 122
225.974 139.201 123
223.691 139.553 124
221.399 139.736 125
219.259 139.693 126
217.459 139.566 127
215.496 139.685 128
213.34 140.207 129
210.841 140.676 130
208.167 140.851 131
205.968 140.639 132
-------------
232 142 120
229.923 141.639 121
227.951 141.633 122
225.84 142.052 123
223.524 142.409 124
221.082 142.509 125
218.782 142.404 126
216.82 142.183 127
214.791 142.287 128
212.592 142.813 129
210.069 143.288 130
207.336 143.444 131
205.054 143.233 132
202.981 142.949 133
200.865 143.243 134
198.551 143.954 135
196.082 144.424 136
193.633 144.562 137
191.415 144.349 138
189.359 144.242 139
187.119 144.727 140
184.724 145.389 141
181.981 145.696 142
179.404 145.621 143
177.135 145.305 144
174.959 145.406 145
172.683 145.969 146
170.175 146.512 147
167.433 146.83 148
164.952 146.813 149
162.726 146.706 150
160.502 146.865 151
158.056 147.501 152
155.26 147.987 153
152.277 148.092 154
149.847 147.916 155
147.63 147.897 156
145.33 148.319 157
142.829 149.028 158
140.028 149.42 159
137.313 149.499 160
134.957 149.353 161
132.622 149.346 162
130.15 149.868 163
127.42 150.573 164
124.404 150.887 165
121.697 150.809 166
119.244 150.669 167
116.851 150.971 168
114.3 151.76 169
111.573 152.384 170
108.819 152.628 171
106.404 152.45 172
104.107 152.346 173
101.701 152.821 174
99.0831 153.522 175
96.1747 153.98 176
93.4781 154.055 177
91.0801 153.892 178
88.743 154.047 179
86.3065 154.723 180
83.6773 155.488 181
81.0619 155.951 182
78.5736 156.023 183
76.1305 155.809 184
73.7304 156.051 185
71.0756 156.72 186
-------------
232 145 120
229.922 144.631 121
227.957 144.607 122
225.855 145.025 123
223.533 145.366 124
220.947 145.449 125
218.587 145.343 126
216.535 145.107 127
214.506 145.206 128
212.332 145.735 129
209.811 146.208 130
206.969 146.319 131
204.513 146.075 132
202.372 145.726 133
200.254 146 134
197.948 146.69 135
195.374 147.132 136
192.635 147.23 137
190.374 147.025 138
188.305 146.93 139
186.133 147.402 140
183.782 148.068 141
181.046 148.352 142
178.375 148.257 143
176.1 147.934 144
173.911 147.999 145
171.641 148.556 146
169.148 149.062 147
166.393 149.36 148
163.866 149.345 149
161.57 149.247 150
159.346 149.407 151
156.944 150.016 152
154.181 150.483 153
151.16 150.566 154
148.604 150.399 155
146.384 150.38 156
144.086 150.798 157
141.609 151.483 158
138.765 151.799 159
135.968 151.815 160
133.542 151.711 161
131.211 151.705 162
128.756 152.222 163
126.047 152.906 164
123.038 153.16 165
120.31 153.091 166
117.851 152.962 167
115.458 153.264 168
112.911 154.042 169
110.172 154.635 170
107.386 154.773 171
104.961 154.603 172
102.663 154.501 173
100.26 154.976 174
97.6539 155.668 175
94.7471 156.121 176
92.0505 156.196 177
89.6391 156.041 178
87.3012 156.197 179
84.9092 156.874 180
-------------
232 148 120
229.928 147.631 121
227.978 147.605 122
225.892 148.026 123
223.562 148.358 124
220.902 148.435 125
218.497 148.336 126
216.451 148.109 127
214.516 148.212 128
212.399 148.752 129
209.878 149.224 130
207.02 149.326 131
204.481 149.052 132
202.406 148.692 133
200.334 148.929 134
198.056 149.609 135
195.392 150.011 136
192.462 150.084 137
190.195 149.913 138
188.131 149.837 139
186.076 150.305 140
183.75 150.98 141
181.005 151.245 142
178.198 151.119 143
175.919 150.785 144
173.777 150.791 145
171.515 151.34 146
169.008 151.81 147
166.231 152.089 148
163.592 152.083 149
161.295 151.987 150
159.091 152.15 151
156.776 152.747 152
154.053 153.193 153
151.009 153.267 154
148.443 153.1 155
146.247 153.078 156
143.949 153.494 157
141.473 154.16 158
138.622 154.455 159
135.822 154.47 160
133.393 154.369 161
131.07 154.363 162
128.644 154.868 163
126.006 155.503 164
122.998 155.752 165
120.255 155.691 166
117.797 155.564 167
115.406 155.864 168
112.867 156.626 169
-------------
232 139 121
230.027 139.018 122
227.91 139.443 123
225.595 139.831 124
223.174 139.957 125
220.893 139.866 126
218.878 139.627 127
216.845 139.732 128
214.642 140.266 129
212.13 140.741 130
209.427 140.9 131
207.25 140.672 132
-------------
232 142 121
230.024 141.995 122
227.908 142.419 123
225.582 142.791 124
223.071 142.895 125
220.722 142.786 126
218.679 142.543 127
216.643 142.647 128
214.431 143.189 129
211.908 143.664 130
209.135 143.803 131
206.815 143.557 132
204.672 143.213 133
202.548 143.502 134
200.218 144.209 135
197.691 144.692 136
195.007 144.8 137
192.765 144.589 138
190.694 144.499 139
188.45 144.993 140
186.053 145.656 141
183.309 145.959 142
180.737 145.881 143
178.474 145.561 144
176.294 145.662 145
174.014 146.224 146
171.495 146.771 147
168.737 147.094 148
166.188 147.063 149
163.939 146.967 150
161.715 147.127 151
159.269 147.766 152
156.472 148.253 153
153.484 148.372 154
151.065 148.199 155
148.849 148.183 156
146.548 148.605 157
144.028 149.305 158
141.214 149.697 159
138.447 149.733 160
136.036 149.623 161
133.703 149.618 162
131.231 150.139 163
128.498 150.843 164
125.481 151.182 165
122.774 151.103 166
120.317 150.966 167
117.924 151.268 168
115.37 152.054 169
112.63 152.68 170
109.845 152.879 171
107.439 152.699 172
105.142 152.596 173
102.736 153.071 174
100.117 153.769 175
97.2053 154.227 176
94.5086 154.302 177
92.1079 154.156 178
89.7698 154.312 179
87.3028 154.971 180
84.6563 155.738 181
82.0322 156.197 182
79.5428 156.284 183
77.1052 156.072 184
74.7064 156.318 185
72.0512 156.987 186
-------------
232 145 121
230.03 144.98 122
227.92 145.403 123
225.594 145.751 124
222.977 145.836 125
220.588 145.726 126
218.525 145.487 127
216.491 145.59 128
214.332 146.131 129
211.811 146.605 130
208.959 146.713 131
206.517 146.452 132
204.37 146.102 133
202.246 146.378 134
199.927 147.078 135
197.339 147.525 136
194.47 147.592 137
192.208 147.386 138
190.132 147.298 139
187.923 147.792 140
185.562 148.464 141
182.822 148.75 142
180.141 148.652 143
177.864 148.328 144
175.676 148.412 145
173.399 148.971 146
170.892 149.48 147
168.118 149.778 148
165.474 149.741 149
163.177 149.644 150
160.953 149.808 151
158.533 150.443 152
155.745 150.916 153
152.722 151.004 154
150.203 150.837 155
147.976 150.82 156
145.674 151.238 157
143.162 151.926 158
140.308 152.228 159
137.51 152.244 160
135.084 152.14 161
132.752 152.135 162
130.281 152.656 163
127.586 153.322 164
124.576 153.576 165
121.848 153.507 166
119.388 153.38 167
116.995 153.681 168
114.445 154.451 169
111.701 155.044 170
108.911 155.18 171
106.485 155.011 172
104.187 154.909 173
101.783 155.384 174
99.1709 156.068 175
96.2616 156.521 176
-------------
232 148 121
230.043 147.972 122
227.949 148.401 123
225.617 148.735 124
222.895 148.784 125
220.485 148.681 126
218.424 148.455 127
216.459 148.565 128
214.368 149.121 129
211.847 149.594 130
208.989 149.696 131
206.444 149.411 132
204.322 149.042 133
202.224 149.299 134
199.937 149.983 135
197.233 150.336 136
194.297 150.398 137
192.032 150.209 138
189.964 150.141 139
187.85 150.626 140
185.523 151.302 141
182.772 151.564 142
179.959 151.426 143
177.665 151.085 144
175.472 151.106 145
173.209 151.656 146
170.677 152.1 147
167.864 152.354 148
165.194 152.324 149
162.897 152.228 150
160.685 152.399 151
158.31 153.022 152
155.577 153.468 153
152.536 153.544 154
149.97 153.376 155
147.735 153.362 156
145.435 153.779 157
142.932 154.436 158
140.062 154.712 159
137.262 154.727 160
134.832 154.626 161
132.51 154.623 162
130.039 155.141 163
127.392 155.778 164
124.384 156.026 165
121.641 155.964 166
119.181 155.839 167
116.788 156.14 168
114.239 156.903 169
-------------
232 151 121
230.184 150.981 122
228.153 151.44 123
225.82 151.769 124
223.039 151.819 125
220.618 151.716 126
218.574 151.545 127
216.656 151.677 128
214.822 152.208 129
212.303 152.681 130
209.445 152.783 131
206.891 152.498 132
204.749 152.122 133
202.706 152.389 134
200.426 153.076 135
197.616 153.381 136
194.674 153.44 137
192.41 153.301 138
190.346 153.247 139
188.385 153.807 140
186.06 154.484 141
183.306 154.742 142
180.449 154.583 143
178.132 154.224 144
175.984 154.198 145
173.721 154.748 146
171.159 155.124 147
168.333 155.367 148
165.641 155.353 149
163.344 155.26 150
161.17 155.456 151
158.821 156.097 152
156.082 156.534 153
-------------
232 142 123
229.674 142.391 124
227.119 142.543 125
224.768 142.422 126
222.722 142.173 127
220.686 142.278 128
218.46 142.826 129
215.939 143.306 130
213.168 143.502 131
210.825 143.24 132
208.626 142.9 133
206.494 143.187 134
204.149 143.895 135
201.505 144.342 136
198.923 144.482 137
196.746 144.275 138
194.735 144.228 139
192.479 144.728 140
190.08 145.394 141
187.342 145.728 142
184.714 145.665 143
182.45 145.356 144
180.248 145.52 145
177.953 146.08 146
175.404 146.617 147
172.621 146.915 148
170.116 146.858 149
167.902 146.776 150
165.652 146.965 151
163.205 147.609 152
160.409 148.091 153
157.4 148.271 154
155.06 148.13 155
152.803 148.181 156
150.499 148.599 157
147.956 149.276 158
145.126 149.588 159
142.401 149.604 160
140.024 149.501 161
137.77 149.598 162
135.303 150.128 163
132.553 150.795 164
129.552 151.08 165
126.935 150.953 166
124.489 150.869 167
122.096 151.173 168
119.517 151.925 169
116.759 152.367 170
114.016 152.495 171
111.748 152.43 172
109.53 152.548 173
107.14 153.034 174
104.555 153.637 175
101.642 154.019 176
99.0121 153.998 177
96.648 154.094 178
94.2822 154.291 179
91.6907 154.834 180
88.6687 154.995 181
85.9653 155.028 182
83.5107 155.161 183
81.1903 155.39 184
78.8693 155.72 185
76.2512 156.15 186
73.334 156.283 187
70.5769 156.322 188
68.277 156.403 189
66.1603 156.473 190
-------------
232 145 123
229.66 145.347 124
227.006 145.43 125
224.621 145.305 126
222.555 145.062 127
220.519 145.167 128
218.291 145.717 129
215.769 146.194 130
212.953 146.329 131
210.564 146.05 132
208.34 145.689 133
206.211 145.968 134
203.861 146.67 135
201.112 147.046 136
198.282 147.122 137
196.022 146.907 138
193.945 146.843 139
191.693 147.345 140
189.294 148.012 141
186.546 148.294 142
183.874 148.198 143
181.577 147.869 144
179.332 147.989 145
177.034 148.548 146
174.487 149.047 147
171.672 149.311 148
169.094 149.266 149
166.801 149.175 150
164.554 149.356 151
162.107 150 152
159.308 150.462 153
156.287 150.578 154
153.782 150.402 155
151.509 150.424 156
149.205 150.843 157
146.657 151.516 158
143.804 151.775 159
141.025 151.788 160
138.61 151.689 161
136.308 151.732 162
133.836 152.254 163
131.101 152.911 164
128.089 153.162 165
125.386 153.081 166
122.906 152.975 167
120.511 153.277 168
117.947 154.04 169
115.182 154.621 170
112.392 154.748 171
109.999 154.646 172
107.727 154.736 173
105.321 155.212 174
102.713 155.858 175
99.7997 156.305 176
97.1028 156.377 177
94.7022 156.398 178
92.3577 156.56 179
-------------
232 148 123
229.667 148.331 124
226.964 148.383 125
224.561 148.257 126
222.495 148.015 127
220.465 148.121 128
218.269 148.665 129
215.75 149.143 130
212.918 149.258 131
210.384 148.962 132
208.145 148.585 133
206.016 148.859 134
203.682 149.556 135
200.901 149.901 136
197.979 149.957 137
195.716 149.746 138
193.64 149.686 139
191.437 150.21 140
189.051 150.877 141
186.3 151.137 142
183.612 151.038 143
181.284 150.682 144
179.024 150.718 145
176.735 151.274 146
174.188 151.753 147
171.366 151.995 148
168.698 151.958 149
166.402 151.866 150
164.173 152.045 151
161.735 152.684 152
158.973 153.123 153
155.935 153.203 154
153.416 153.018 155
151.13 153.022 156
148.827 153.441 157
146.279 154.108 158
143.382 154.331 159
140.582 154.344 160
138.161 154.247 161
135.852 154.271 162
133.379 154.791 163
130.701 155.426 164
127.691 155.671 165
124.981 155.602 166
122.489 155.517 167
120.093 155.819 168
117.539 156.58 169
-------------
232 151 123
229.69 151.28 124
226.917 151.316 125
224.502 151.194 126
222.459 151.004 127
220.527 151.146 128
218.564 151.716 129
216.052 152.195 130
213.196 152.296 131
210.636 152.004 132
208.374 151.622 133
206.25 151.894 134
203.956 152.589 135
201.126 152.887 136
198.177 152.935 137
195.923 152.763 138
193.875 152.751 139
191.909 153.375 140
189.577 154.052 141
186.824 154.303 142
183.995 154.148 143
181.662 153.789 144
179.406 153.825 145
177.141 154.377 146
174.585 154.793 147
171.761 155.031 148
169.084 154.991 149
166.79 154.904 150
164.614 155.106 151
162.246 155.75 152
159.506 156.18 153
156.468 156.253 154
153.9 156.087 155
151.603 156.097 156
149.303 156.518 157
-------------
232 142 124
229.469 142.153 125
227.18 142.037 126
225.13 141.801 127
223.095 141.909 128
220.866 142.457 129
218.36 142.937 130
215.625 143.138 131
213.395 142.871 132
211.174 142.52 133
209.04 142.805 134
206.691 143.503 135
203.999 143.859 136
201.503 143.89 137
199.312 143.686 138
197.276 143.734 139
195.024 144.234 140
192.662 144.875 141
189.982 145.187 142
187.554 145.054 143
185.326 144.735 144
183.132 144.978 145
180.846 145.524 146
178.257 145.991 147
175.556 146.17 148
173.133 146.05 149
171.036 146.048 150
168.782 146.34 151
166.359 146.975 152
163.777 147.351 153
161.068 147.412 154
158.836 147.204 155
156.623 147.338 156
-------------
232 145 124
229.373 145.079 125
227.02 144.941 126
224.953 144.697 127
222.916 144.804 128
220.687 145.355 129
218.17 145.836 130
215.387 145.97 131
213.033 145.685 132
210.806 145.326 133
208.669 145.609 134
206.314 146.311 135
203.585 146.681 136
200.945 146.622 137
198.693 146.398 138
196.613 146.423 139
194.348 146.933 140
191.948 147.601 141
189.231 147.88 142
186.65 147.744 143
184.403 147.416 144
182.167 147.61 145
179.865 148.17 146
177.311 148.668 147
174.508 148.892 148
171.997 148.79 149
169.716 148.753 150
167.426 149 151
164.979 149.646 152
162.243 150.058 153
159.257 150.173 154
156.993 149.965 155
154.721 150.043 156
152.413 150.465 157
149.856 151.122 158
146.976 151.228 159
144.295 151.165 160
141.902 151.078 161
139.688 151.276 162
137.222 151.835 163
134.539 152.388 164
131.852 152.411 165
129.38 152.203 166
126.912 152.18 167
124.513 152.489 168
121.572 153.008 169
118.769 153.08 170
116.04 153.133 171
113.703 153.146 172
111.395 153.41 173
109 153.912 174
106.44 154.468 175
103.587 154.722 176
100.959 154.634 177
98.5666 154.781 178
96.057 155.246 179
93.2503 155.707 180
90.2423 155.735 181
87.5893 155.708 182
85.1598 155.891 183
82.7597 156.346 184
80.4462 156.977 185
-------------
232 148 124
229.32 148.031 125
226.932 147.887 126
224.865 147.644 127
222.833 147.753 128
220.614 148.313 129
218.098 148.797 130
215.302 148.913 131
212.857 148.614 132
210.624 148.249 133
208.487 148.528 134
206.135 149.231 135
203.349 149.572 136
200.434 149.571 137
198.177 149.35 138
196.099 149.334 139
193.869 149.873 140
191.475 150.546 141
188.731 150.802 142
186.113 150.676 143
183.795 150.321 144
181.556 150.47 145
179.252 151.034 146
176.704 151.513 147
173.886 151.747 148
171.248 151.688 149
168.967 151.631 150
166.739 151.848 151
164.302 152.503 152
161.557 152.926 153
158.54 153.005 154
156.241 152.793 155
153.964 152.827 156
151.659 153.248 157
149.099 153.91 158
146.201 154.013 159
143.433 153.982 160
141.022 153.897 161
138.731 153.967 162
136.255 154.5 163
133.6 155.055 164
130.721 155.151 165
128.212 154.974 166
125.745 154.944 167
123.346 155.246 168
120.736 155.934 169
117.859 156.04 170
115.085 156.124 171
112.716 156.124 172
110.438 156.276 173
108.03 156.756 174
-------------
232 151 124
229.273 150.989 125
226.863 150.845 126
224.812 150.635 127
222.879 150.781 128
220.945 151.397 129
218.434 151.882 130
215.583 151.979 131
213.04 151.688 132
210.785 151.317 133
208.631 151.597 134
206.325 152.318 135
203.487 152.613 136
200.459 152.471 137
198.208 152.259 138
196.147 152.279 139
194.092 152.94 140
191.749 153.622 141
189.017 153.851 142
186.281 153.687 143
183.949 153.328 144
181.708 153.436 145
179.419 154.015 146
176.838 154.427 147
174.017 154.662 148
171.344 154.615 149
169.063 154.55 150
166.875 154.765 151
164.471 155.419 152
161.76 155.823 153
158.762 155.872 154
156.425 155.67 155
154.131 155.7 156
151.828 156.122 157
149.237 156.771 158
-------------
226 139 125
223.774 138.916 126
221.8 138.662 127
219.815 138.767 128
217.691 139.217 129
-------------
232 142 125
229.852 141.841 126
227.814 141.601 127
225.835 141.736 128
223.606 142.283 129
221.25 142.71 130
218.763 142.845 131
216.477 142.547 132
214.254 142.193 133
212.132 142.458 134
209.728 143.003 135
207.025 143.193 136
204.698 142.941 137
202.565 142.679 138
200.453 142.884 139
198.357 143.405 140
-------------
232 145 125
229.746 144.816 126
227.679 144.568 127
225.641 144.684 128
223.4 145.25 129
220.9 145.73 130
218.236 145.834 131
215.939 145.533 132
213.707 145.175 133
211.469 145.498 134
209.076 146.19 135
206.212 146.452 136
203.623 146.227 137
201.366 145.978 138
199.195 146.111 139
196.904 146.659 140
194.501 147.333 141
191.891 147.594 142
189.582 147.344 143
187.338 147.018 144
185.112 147.296 145
182.623 147.978 146
179.788 148.262 147
177.035 148.341 148
174.547 148.183 149
172.271 148.203 150
169.895 148.614 151
167.433 149.286 152
164.758 149.676 153
162.199 149.698 154
159.938 149.466 155
157.66 149.693 156
155.089 150.378 157
152.362 150.919 158
149.446 150.954 159
146.803 150.83 160
144.394 150.749 161
142.045 151.152 162
139.564 151.813 163
136.932 152.327 164
134.351 152.269 165
131.897 152.044 166
129.363 152.206 167
126.662 152.752 168
123.68 153.24 169
120.869 153.108 170
118.269 152.959 171
115.898 153.007 172
113.518 153.472 173
111.034 154.213 174
108.48 154.756 175
105.737 154.887 176
103.168 154.715 177
100.754 154.947 178
98.2116 155.534 179
95.4004 155.997 180
92.3929 156.017 181
89.8208 155.819 182
87.4062 156.011 183
85.0399 156.575 184
-------------
220 151 125
217.586 150.902 126
215.545 150.73 127
213.63 150.853 128
211.721 151.349 129
209.201 151.819 130
206.344 151.921 131
203.807 151.645 132
201.822 151.308 133
199.831 151.523 134
197.559 152.206 135
194.773 152.535 136
191.83 152.596 137
189.568 152.462 138
187.506 152.405 139
185.533 152.905 140
183.209 153.581 141
180.457 153.838 142
177.601 153.684 143
175.308 153.335 144
173.198 153.316 145
170.937 153.863 146
168.394 154.274 147
165.575 154.53 148
162.88 154.526 149
160.582 154.431 150
158.408 154.61 151
156.139 155.193 152
153.416 155.635 153
150.371 155.709 154
147.803 155.543 155
145.695 155.544 156
143.399 155.958 157
140.913 156.599 158
-------------
232 151 125
229.486 150.705 126
227.411 150.475 127
225.406 150.608 128
223.377 151.309 129
220.864 151.8 130
218.048 151.874 131
215.629 151.573 132
213.343 151.193 133
211.069 151.531 134
208.707 152.288 135
205.617 152.431 136
202.723 152.007 137
200.445 151.746 138
198.327 151.867 139
196.115 152.602 140
193.709 153.304 141
190.994 153.527 142
188.478 153.299 143
186.173 152.943 144
183.926 153.18 145
181.511 153.872 146
178.605 154.091 147
175.786 154.306 148
173.16 154.214 149
170.877 154.218 150
168.585 154.619 151
166.113 155.322 152
163.43 155.708 153
160.589 155.724 154
158.285 155.497 155
155.991 155.562 156
153.644 156.024 157
150.822 156.612 158
-------------
232 142 126
229.949 141.729 127
227.975 141.89 128
225.738 142.488 129
223.43 142.909 130
220.987 143.024 131
218.69 142.723 132
216.453 142.358 133
214.186 142.665 134
211.629 143.238 135
208.925 143.379 136
206.593 143.029 137
204.424 142.74 138
202.268 142.936 139
200.12 143.588 140
197.798 144.292 141
-------------
232 145 126
229.906 144.733 127
227.845 144.88 128
225.525 145.55 129
223.033 146.066 130
220.404 146.166 131
218.107 145.865 132
215.87 145.506 133
213.522 145.892 134
210.859 146.587 135
207.951 146.813 136
205.242 146.436 137
202.981 146.174 138
200.754 146.349 139
198.425 147 140
196.021 147.68 141
193.458 147.933 142
191.154 147.68 143
188.91 147.352 144
186.653 147.685 145
184.155 148.379 146
181.304 148.652 147
178.572 148.64 148
176.109 148.424 149
173.835 148.459 150
171.472 149.045 151
169 149.744 152
166.367 150.121 153
163.895 150.111 154
161.626 149.846 155
159.342 150.129 156
156.767 150.852 157
153.923 151.43 158
151.011 151.422 159
148.521 151.202 160
146.115 151.124 161
143.719 151.703 162
141.224 152.484 163
138.602 152.993 164
136.04 152.933 165
133.613 152.7 166
131.075 152.892 167
128.287 153.535 168
125.301 154.019 169
122.48 153.876 170
119.909 153.689 171
117.535 153.736 172
115.131 154.303 173
112.624 155.112 174
110.068 155.653 175
107.43 155.726 176
104.877 155.551 177
102.459 155.788 178
99.9184 156.376 179
97.1053 156.837 180
-------------
232 148 126
229.871 147.726 127
227.803 147.879 128
225.49 148.602 129
222.971 149.113 130
220.315 149.201 131
218.019 148.898 132
215.783 148.536 133
213.433 148.925 134
210.751 149.634 135
207.716 149.809 136
204.914 149.396 137
202.637 149.132 138
200.407 149.306 139
198.03 150.017 140
195.618 150.714 141
193.022 150.925 142
190.718 150.668 143
188.472 150.331 144
186.222 150.651 145
183.738 151.349 146
180.821 151.604 147
178.008 151.689 148
175.497 151.507 149
173.196 151.531 150
170.838 152.094 151
168.357 152.814 152
165.708 153.192 153
163.293 153.116 154
161.044 152.87 155
158.757 153.109 156
156.195 153.816 157
153.351 154.395 158
150.426 154.404 159
147.888 154.216 160
145.476 154.135 161
143.029 154.636 162
140.512 155.377 163
137.889 155.889 164
135.325 155.838 165
132.914 155.613 166
130.411 155.758 167
127.773 156.26 168
124.788 156.744 169
121.971 156.628 170
119.397 156.526 171
-------------
232 151 126
229.832 150.72 127
227.777 150.89 128
225.513 151.714 129
222.991 152.227 130
220.214 152.287 131
217.888 151.974 132
215.568 151.586 133
213.218 151.974 134
210.563 152.725 135
207.41 152.836 136
204.492 152.335 137
202.21 152.071 138
200.007 152.257 139
197.659 153.043 140
195.245 153.747 141
192.554 153.944 142
190.245 153.68 143
187.958 153.314 144
185.698 153.634 145
183.255 154.372 146
180.264 154.571 147
177.434 154.784 148
174.807 154.673 149
172.548 154.752 150
170.269 155.317 151
167.789 156.034 152
165.123 156.414 153
162.637 156.349 154
160.369 156.106 155
158.065 156.238 156
155.566 156.89 157
-------------
232 142 127
230.001 142.191 128
227.72 142.885 129
225.35 143.473 130
222.969 143.566 131
220.67 143.263 132
218.423 142.902 133
216.076 143.286 134
213.41 143.934 135
210.541 144.132 136
207.952 143.756 137
205.736 143.48 138
203.53 143.687 139
201.202 144.433 140
198.878 145.175 141
196.496 145.45 142
194.196 145.194 143
191.95 144.869 144
189.678 145.215 145
187.181 145.909 146
184.32 146.139 147
181.697 146.004 148
179.348 145.757 149
177.141 145.882 150
174.797 146.503 151
172.341 147.253 152
169.926 147.65 153
167.508 147.578 154
165.215 147.252 155
162.931 147.54 156
160.348 148.315 157
157.499 148.898 158
154.637 148.847 159
152.246 148.635 160
149.982 148.671 161
147.654 149.353 162
145.211 150.165 163
142.743 150.67 164
140.256 150.62 165
137.829 150.352 166
135.274 150.562 167
132.468 151.225 168
129.481 151.701 169
126.671 151.545 170
124.316 151.313 171
122.087 151.475 172
119.766 152.056 173
117.301 152.878 174
114.771 153.411 175
-------------
232 145 127
229.935 145.155 128
227.617 145.871 129
225.164 146.469 130
222.542 146.574 131
220.245 146.27 132
218 145.91 133
215.648 146.3 134
212.949 146.99 135
210.037 147.192 136
207.357 146.787 137
205.092 146.512 138
202.863 146.693 139
200.511 147.449 140
198.108 148.147 141
195.604 148.393 142
193.302 148.136 143
191.055 147.807 144
188.787 148.151 145
186.288 148.847 146
183.399 149.106 147
180.731 148.972 148
178.352 148.704 149
176.107 148.798 150
173.753 149.419 151
171.277 150.153 152
168.701 150.519 153
166.297 150.434 154
164.016 150.086 155
161.731 150.372 156
159.133 151.145 157
156.283 151.727 158
153.377 151.677 159
150.926 151.447 160
148.575 151.392 161
146.167 152.047 162
143.672 152.834 163
141.06 153.341 164
138.504 153.274 165
136.077 153.004 166
133.521 153.207 167
130.714 153.869 168
127.723 154.351 169
124.912 154.192 170
122.416 153.954 171
120.045 154.005 172
117.645 154.577 173
115.144 155.402 174
112.59 155.942 175
110.117 155.935 176
107.573 155.748 177
105.155 155.986 178
102.614 156.575 179
-------------
232 148 127
229.931 148.156 128
227.629 148.92 129
225.133 149.48 130
222.472 149.567 131
220.176 149.261 132
217.926 148.893 133
215.575 149.285 134
212.872 149.985 135
209.774 150.133 136
206.986 149.701 137
204.71 149.433 138
202.481 149.616 139
200.127 150.385 140
197.715 151.085 141
195.133 151.282 142
192.829 151.023 143
190.579 150.681 144
188.316 151.021 145
185.822 151.724 146
182.823 151.94 147
180.039 151.874 148
177.597 151.657 149
175.365 151.764 150
173.018 152.372 151
170.538 153.102 152
167.891 153.479 153
165.485 153.391 154
163.245 153.024 155
160.963 153.308 156
158.383 154.094 157
155.534 154.676 158
152.604 154.636 159
150.163 154.419 160
147.767 154.35 161
145.353 155.003 162
142.857 155.788 163
140.238 156.3 164
137.674 156.248 165
135.247 156.011 166
132.724 156.183 167
129.926 156.841 168
-------------
232 151 127
229.929 151.159 128
227.66 151.973 129
225.139 152.489 130
222.401 152.556 131
220.105 152.243 132
217.78 151.857 133
215.43 152.249 134
212.742 152.972 135
209.589 153.083 136
206.719 152.599 137
204.437 152.332 138
202.227 152.525 139
199.893 153.317 140
197.479 154.02 141
194.823 154.209 142
192.518 153.947 143
190.245 153.585 144
187.996 153.914 145
185.549 154.646 146
182.541 154.829 147
179.656 154.856 148
177.366 154.65 149
175.157 154.767 150
172.89 155.356 151
170.41 156.083 152
167.758 156.461 153
165.351 156.37 154
163.101 155.954 155
160.823 156.238 156
158.337 157.042 157
-------------
232 145 128
229.698 145.73 129
227.259 146.357 130
224.662 146.486 131
222.364 146.181 132
220.112 145.818 133
217.757 146.21 134
215.055 146.9 135
212.153 147.07 136
209.51 146.663 137
207.276 146.379 138
205.05 146.563 139
202.704 147.329 140
200.308 148.043 141
197.836 148.268 142
195.535 148.01 143
193.29 147.677 144
191.016 148.025 145
188.516 148.721 146
185.569 148.991 147
182.95 148.826 148
180.646 148.55 149
178.431 148.669 150
176.078 149.293 151
173.604 150.035 152
171.144 150.394 153
168.765 150.309 154
166.518 149.911 155
164.236 150.198 156
161.653 150.995 157
158.801 151.579 158
156.09 151.491 159
153.702 151.246 160
151.589 151.164 161
149.221 151.835 162
146.731 152.625 163
-------------
232 148 128
229.724 148.782 129
227.26 149.397 130
224.576 149.493 131
222.279 149.187 132
219.989 148.817 133
217.634 149.211 134
214.929 149.909 135
211.836 150.048 136
209.11 149.639 137
206.858 149.357 138
204.632 149.543 139
202.287 150.311 140
199.873 151.016 141
197.29 151.213 142
194.986 150.953 143
192.726 150.611 144
190.455 150.958 145
187.957 151.66 146
184.955 151.891 147
182.213 151.751 148
179.873 151.501 149
177.659 151.615 150
175.309 152.24 151
172.829 152.975 152
170.18 153.352 153
167.775 153.263 154
165.52 152.838 155
163.238 153.126 156
160.668 153.947 157
157.817 154.531 158
154.887 154.483 159
152.456 154.266 160
150.106 154.214 161
147.693 154.87 162
145.197 155.658 163
142.579 156.17 164
140.013 156.118 165
137.588 155.877 166
135.034 156.083 167
132.232 156.744 168
-------------
232 151 128
229.746 151.802 129
227.235 152.338 130
224.5 152.415 131
222.204 152.109 132
219.875 151.725 133
217.531 152.127 134
214.838 152.826 135
211.696 152.936 136
208.804 152.454 137
206.602 152.179 138
204.445 152.386 139
202.102 153.153 140
199.687 153.857 141
197.064 154.024 142
194.759 153.762 143
192.482 153.401 144
190.24 153.744 145
187.805 154.469 146
184.792 154.642 147
181.738 154.467 148
179.439 154.227 149
177.254 154.352 150
174.973 154.96 151
172.493 155.69 152
169.843 156.066 153
167.435 155.972 154
165.165 155.511 155
162.888 155.798 156
160.407 156.638 157
-------------
232 145 129
229.586 145.633 130
227.139 145.844 131
224.842 145.539 132
222.607 145.174 133
220.322 145.512 134
217.62 146.208 135
-------------
232 148 129
229.556 148.636 130
226.851 148.73 131
224.554 148.425 132
222.259 148.059 133
219.904 148.455 134
217.199 149.152 135
214.114 149.292 136
211.489 148.903 137
209.278 148.614 138
207.066 148.812 139
204.724 149.579 140
202.309 150.287 141
199.772 150.489 142
197.48 150.235 143
195.227 149.895 144
192.953 150.245 145
190.459 150.944 146
187.477 151.214 147
184.847 151.033 148
182.621 150.762 149
180.419 150.879 150
178.069 151.505 151
175.588 152.241 152
172.983 152.608 153
170.681 152.526 154
168.586 152.113 155
-------------
232 151 129
229.557 151.632 130
226.827 151.72 131
224.532 151.413 132
222.203 151.03 133
219.85 151.43 134
217.149 152.12 135
214.035 152.228 136
211.249 151.793 137
209.098 151.479 138
206.917 151.682 139
204.597 152.447 140
202.183 153.155 141
199.594 153.333 142
197.288 153.072 143
195.013 152.712 144
192.75 153.06 145
190.29 153.738 146
187.29 153.906 147
184.456 153.685 148
182.184 153.433 149
179.979 153.546 150
177.681 154.163 151
175.201 154.895 152
172.552 155.271 153
170.162 155.173 154
167.918 154.699 155
165.641 154.984 156
163.194 155.823 157
160.345 156.405 158
157.41 156.35 159
155.019 156.129 160
152.816 156.113 161
150.412 156.768 162
-------------
205 139 133
203.343 139.377 134
201.154 140.083 135
199.012 140.52 136
196.928 140.716 137
194.781 140.512 138
192.936 140.412 139
190.797 140.87 140
188.429 141.522 141
185.725 141.857 142
183.592 141.904 143
182.048 141.894 144
180.096 142.069 145
177.911 142.564 146
175.442 143.074 147
173.031 143.371 148
170.886 143.353 149
169.058 143.361 150
-------------
184 142 141
181.278 142.312 142
178.941 142.314 143
177.225 142.23 144
175.123 142.364 145
172.903 142.943 146
170.431 143.515 147
167.857 143.877 148
165.501 143.86 149
163.449 143.768 150
161.232 143.923 151
158.812 144.535 152
156.018 145.026 153
153.177 145.131 154
151.05 144.974 155
148.99 144.968 156
146.743 145.401 157
144.255 146.107 158
141.646 146.556 159
139.09 146.666 160
136.757 146.51 161
134.452 146.483 162
131.982 146.997 163
129.254 147.708 164
126.256 148.103 165
123.599 148.005 166
121.231 147.805 167
118.847 148.105 168
116.308 148.897 169
113.66 149.57 170
110.973 149.859 171
108.689 149.645 172
106.509 149.515 173
104.125 149.987 174
101.512 150.69 175
98.6101 151.165 176
95.9717 151.269 177
93.7646 151.139 178
91.5247 151.27 179
89.1322 151.877 180
86.4961 152.66 181
83.88 153.104 182
81.4411 153.213 183
79.1809 153.074 184
76.9196 153.326 185
74.2923 153.955 186
71.4636 154.609 187
68.7029 154.755 188
66.4061 154.797 189
64.2536 154.838 190
62.2401 155.248 191
-------------
169 145 146
166.581 145.502 147
164.022 145.807 148
161.601 145.813 149
159.54 145.771 150
157.318 145.926 151
154.92 146.469 152
152.164 146.9 153
149.263 147.028 154
146.861 146.908 155
144.644 146.888 156
142.363 147.312 157
139.925 148.001 158
137.24 148.398 159
134.655 148.502 160
132.314 148.354 161
129.968 148.343 162
127.497 148.865 163
124.774 149.566 164
121.767 149.861 165
119.055 149.788 166
116.597 149.65 167
114.204 149.953 168
111.662 150.747 169
109.008 151.397 170
106.34 151.628 171
103.933 151.441 172
101.634 151.338 173
99.2272 151.812 174
96.6096 152.515 175
93.7082 152.975 176
91.0111 153.048 177
88.6125 152.882 178
86.2751 153.038 179
83.878 153.726 180
81.292 154.501 181
78.6856 154.964 182
76.1981 155.031 183
73.7504 154.817 184
71.3484 155.055 185
68.6949 155.725 186
65.8594 156.42 187
63.09 156.585 188
60.6518 156.419 189
58.3559 156.437 190
56.0681 156.982 191
-------------
181 145 147
178.462 144.896 148
176.158 144.696 149
174.101 144.767 150
171.853 145.301 151
169.519 145.984 152
167.211 146.317 153
164.764 146.249 154
162.499 145.939 155
160.279 146.202 156
-------------
166 148 147
163.337 148.288 148
160.88 148.27 149
158.663 148.167 150
156.446 148.319 151
-------------
166 151 147
163.248 151.287 148
160.727 151.286 149
158.43 151.189 150
156.232 151.337 151
153.93 151.914 152
151.224 152.358 153
148.184 152.43 154
145.618 152.263 155
143.432 152.239 156
141.134 152.654 157
138.701 153.3 158
135.866 153.597 159
133.068 153.616 160
130.638 153.517 161
128.313 153.509 162
125.999 153.965 163
123.389 154.593 164
120.397 154.833 165
117.648 154.776 166
115.19 154.649 167
112.805 154.944 168
110.274 155.698 169
107.559 156.273 170
104.779 156.407 171
102.354 156.244 172
100.056 156.142 173
97.7139 156.622 174
-------------
25 148 148
23.0315 148.127 149
20.6329 148.532 150
17.6007 148.84 151
14.7508 148.888 152
12.4798 148.745 153
10.0892 148.991 154
7.77162 149.812 155
5.06314 150.564 156
2.66511 150.873 157
0.533993 150.906 158
-------------
25 151 148
23.05 151.112 149
20.7342 151.538 150
17.6953 151.856 151
14.8452 151.906 152
12.6044 151.784 153
10.2181 152.029 154
7.9208 152.806 155
5.2121 153.555 156
2.81316 153.863 157
0.680809 153.896 158
-------------
22 145 149
19.6028 145.375 150
16.7468 145.567 151
13.8978 145.613 152
11.6642 145.461 153
9.28113 145.714 154
7.00248 146.484 155
4.36927 147.267 156
1.97218 147.577 157
-0.156061 147.61 158
-------------
22 139 150
19.3783 139.448 151
16.7266 139.588 152
14.5486 139.519 153
12.2861 139.992 154
10.0479 141.002 155
7.55525 141.825 156
5.16193 142.139 157
3.04253 142.177 158
0.569099 142.58 159
-------------
16 142 151
13.2123 142.065 152
11.1928 142.007 153
8.9233 142.326 154
6.73283 143.146 155
4.20976 143.946 156
1.81567 144.257 157
-0.306232 144.292 158
-------------
7 139 155
4.59388 139.807 156
2.23137 140.128 157
0.132501 140.17 158
-------------
139 145 158
136.568 145.397 159
134.028 145.526 160
131.694 145.375 161
129.327 145.368 162
126.859 145.887 163
124.136 146.599 164
121.203 146.92 165
118.51 146.844 166
116.058 146.693 167
113.667 146.998 168
111.134 147.805 169
108.564 148.475 170
105.962 148.723 171
103.557 148.518 172
101.253 148.414 173
98.8459 148.887 174
96.2275 149.593 175
93.3407 150.06 176
90.6503 150.126 177
88.257 149.953 178
85.9205 150.114 179
83.5246 150.806 180
80.975 151.604 181
78.3785 152.064 182
75.8897 152.126 183
73.437 151.909 184
71.0323 152.146 185
68.3785 152.819 186
65.5432 153.514 187
62.7741 153.678 188
60.3327 153.515 189
58.0319 153.534 190
55.7426 154.079 191
53.3402 155.066 192
51.0084 155.554 193
48.584 155.675 194
-------------
142 148 162
139.757 148.545 163
137.173 149.016 164
134.619 148.939 165
132.167 148.671 166
129.656 148.81 167
127.073 149.283 168
124.195 149.668 169
121.424 149.507 170
118.946 149.316 171
116.801 149.391 172
114.771 149.812 173
112.392 150.571 174
109.867 151.102 175
107.229 151.098 176
104.679 150.868 177
102.29 151.115 178
99.8315 151.715 179
97.0325 152.185 180
-------------
121 151 164
118.27 151.263 165
115.595 151.217 166
113.146 151.089 167
110.756 151.388 168
-------------
124 145 165
121.319 144.922 166
118.883 144.767 167
116.527 145.094 168
114.048 145.917 169
111.579 146.642 170
109.067 146.934 171
106.685 146.721 172
104.383 146.626 173
101.976 147.099 174
99.3689 147.81 175
96.4986 148.293 176
93.8764 148.383 177
91.6417 148.263 178
89.4244 148.458 179
87.07 149.152 180
84.6281 149.957 181
82.2415 150.355 182
79.8565 150.429 183
-------------
130 148 165
127.536 147.858 166
125.346 147.771 167
122.99 148.075 168
120.533 148.677 169
-------------
106 151 170
103.362 151.211 171
100.965 151.029 172
98.6669 150.928 173
96.2616 151.401 174
93.6598 152.094 175
90.7844 152.538 176
88.0882 152.611 177
85.6824 152.451 178
83.3454 152.609 179
81.0455 153.259 180
78.5721 153.952 181
75.975 154.41 182
73.4905 154.477 183
71.0464 154.267 184
68.6444 154.503 185
65.9951 155.169 186
63.1647 155.859 187
60.3972 156.023 188
57.9302 155.876 189
55.6299 155.895 190
53.3417 156.438 191
50.9402 157.425 192
-------------
70 151 184
67.6046 151.227 185
64.9829 151.899 186
62.2107 152.562 187
59.4478 152.724 188
56.9974 152.565 189
54.6974 152.585 190
52.4091 153.128 191
50.0076 154.104 192
47.6747 154.595 193
45.247 154.717 194
-------------
76 151 184
73.5981 151.237 185
70.9489 151.91 186
68.1149 152.604 187
65.352 152.766 188
63.0212 152.655 189
60.7956 152.672 190
58.5631 153.191 191
-------------
232 139 120
229.997 138.726 121
228.079 138.789 122
225.974 139.201 123
223.691 139.553 124
221.399 139.736 125
219.259 139.693 126
217.459 139.566 127
215.496 139.685 128
213.34 140.207 129
210.841 140.676 130
208.167 140.851 131
205.968 140.639 132
-------------
232 142 120
229.923 141.639 121
227.951 141.633 122
225.84 142.052 123
223.524 142.409 124
221.082 142.509 125
218.782 142.404 126
216.82 142.183 127
214.791 142.287 128
212.592 142.813 129
210.069 143.288 130
207.336 143.444 131
205.054 143.233 132
202.981 142.949 133
200.865 143.243 134
198.551 143.954 135
196.082 144.424 136
193.633 144.562 137
191.415 144.349 138
189.359 144.242 139
187.119 144.727 140
184.724 145.389 141
181.981 145.696 142
179.404 145.621 143
177.135 145.305 144
174.959 145.406 145
172.683 145.969 146
170.175 146.512 147
167.433 146.83 148
164.952 146.813 149
162.726 146.706 150
160.502 146.865 151
158.056 147.501 152
155.26 147.987 153
152.277 148.092 154
149.847 147.916 155
147.63 147.897 156
145.33 148.319 157
142.829 149.028 158
140.028 149.42 159
137.313 149.499 160
134.957 149.353 161
132.622 149.346 162
130.15 149.868 163
127.42 150.573 164
124.404 150.887 165
121.697 150.809 166
119.244 150.669 167
116.851 150.971 168
114.3 151.76 169
111.573 152.384 170
108.819 152.628 171
106.404 152.45 172
104.107 152.346 173
101.701 152.821 174
99.0831 153.522 175
96.1747 153.98 176
93.4781 154.055 177
91.0801 153.892 178
88.743 154.047 179
86.3065 154.723 180
83.6773 155.488 181
81.0619 155.951 182
78.5736 156.023 183
76.1305 155.809 184
73.7304 156.051 185
71.0756 156.72 186
-------------
232 145 120
229.922 144.631 121
227.957 144.607 122
225.855 145.025 123
223.533 145.366 124
220.947 145.449 125
218.587 145.343 126
216.535 145.107 127
214.506 145.206 128
212.332 145.735 129
209.811 146.208 130
206.969 146.319 131
204.513 146.075 132
202.372 145.726 133
200.254 146 134
197.948 146.69 135
195.374 147.132 136
192.635 147.23 137
190.374 147.025 138
188.305 146.93 139
186.133 147.402 140
183.782 148.068 141
181.046 148.352 142
178.375 148.257 143
176.1 147.934 144
173.911 147.999 145
171.641 148.556 146
169.148 149.062 147
166.393 149.36 148
163.866 149.345 149
161.57 149.247 150
159.346 149.407 151
156.944 150.016 152
154.181 150.483 153
151.16 150.566 154
148.604 150.399 155
146.384 150.38 156
144.086 150.798 157
141.609 151.483 158
138.765 151.799 159
135.968 151.815 160
133.542 151.711 161
131.211 151.705 162
128.756 152.222 163
126.047 152.906 164
123.038 153.16 165
120.31 153.091 166
117.851 152.962 167
115.458 153.264 168
112.911 154.042 169
110.172 154.635 170
107.386 154.773 171
104.961 154.603 172
102.663 154.501 173
100.26 154.976 174
97.6539 155.668 175
94.7471 156.121 176
92.0505 156.196 177
89.6391 156.041 178
87.3012 156.197 179
84.9092 156.874 180
-------------
232 148 120
229.928 147.631 121
227.978 147.605 122
225.892 148.026 123
223.562 148.358 124
220.902 148.435 125
218.497 148.336 126
216.451 148.109 127
214.516 148.212 128
212.399 148.752 129
209.878 149.224 130
207.02 149.326 131
204.481 149.052 132
202.406 148.692 133
200.334 148.929 134
198.056 149.609 135
195.392 150.011 136
192.462 150.084 137
190.195 149.913 138
188.131 149.837 139
186.076 150.305 140
183.75 150.98 141
181.005 151.245 142
178.198 151.119 143
175.919 150.785 144
173.777 150.791 145
171.515 151.34 146
169.008 151.81 147
166.231 152.089 148
163.592 152.083 149
161.295 151.987 150
159.091 152.15 151
156.776 152.747 152
154.053 153.193 153
151.009 153.267 154
148.443 153.1 155
146.247 153.078 156
143.949 153.494 157
141.473 154.16 158
138.622 154.455 159
135.822 154.47 160
133.393 154.369 161
131.07 154.363 162
128.644 154.868 163
126.006 155.503 164
122.998 155.752 165
120.255 155.691 166
117.797 155.564 167
115.406 155.864 168
112.867 156.626 169
-------------
232 139 121
230.027 139.018 122
227.91 139.443 123
225.595 139.831 124
223.174 139.957 125
220.893 139.866 126
218.878 139.627 127
216.845 139.732 128
214.642 140.266 129
212.13 140.741 130
209.427 140.9 131
207.25 140.672 132
-------------
232 142 121
230.024 141.995 122
227.908 142.419 123
225.582 142.791 124
223.071 142.895 125
220.722 142.786 126
218.679 142.543 127
216.643 142.647 128
214.431 143.189 129
211.908 143.664 130
209.135 143.803 131
206.815 143.557 132
204.672 143.213 133
202.548 143.502 134
200.218 144.209 135
197.691 144.692 136
195.007 144.8 137
192.765 144.589 138
190.694 144.499 139
188.45 144.993 140
186.053 145.656 141
183.309 145.959 142
180.737 145.881 143
178.474 145.561 144
176.294 145.662 145
174.014 146.224 146
171.495 146.771 147
168.737 147.094 148
166.188 147.063 149
163.939 146.967 150
161.715 147.127 151
159.269 147.766 152
156.472 148.253 153
153.484 148.372 154
151.065 148.199 155
148.849 148.183 156
146.548 148.605 157
144.028 149.305 158
141.214 149.697 159
138.447 149.733 160
136.036 149.623 161
133.703 149.618 162
131.231 150.139 163
128.498 150.843 164
125.481 151.182 165
122.774 151.103 166
120.317 150.966 167
117.924 151.268 168
115.37 152.054 169
112.63 152.68 170
109.845 152.879 171
107.439 152.699 172
105.142 152.596 173
102.736 153.071 174
100.117 153.769 175
97.2053 154.227 176
94.5086 154.302 177
92.1079 154.156 178
89.7698 154.312 179
87.3028 154.971 180
84.6563 155.738 181
82.0322 156.197 182
79.5428 156.284 183
77.1052 156.072 184
74.7064 156.318 185
72.0512 156.987 186
-------------
232 145 121
230.03 144.98 122
227.92 145.403 123
225.594 145.751 124
222.977 145.836 125
220.588 145.726 126
218.525 145.487 127
216.491 145.59 128
214.332 146.131 129
211.811 146.605 130
208.959 146.713 131
206.517 146.452 132
204.37 146.102 133
202.246 146.378 134
199.927 147.078 135
197.339 147.525 136
194.47 147.592 137
192.208 147.386 138
190.132 147.298 139
187.923 147.792 140
185.562 148.464 141
182.822 148.75 142
180.141 148.652 143
177.864 148.328 144
175.676 148.412 145
173.399 148.971 146
170.892 149.48 147
168.118 149.778 148
165.474 149.741 149
163.177 149.644 150
160.953 149.808 151
158.533 150.443 152
155.745 150.916 153
152.722 151.004 154
150.203 150.837 155
147.976 150.82 156
145.674 151.238 157
143.162 151.926 158
140.308 152.228 159
137.51 152.244 160
135.084 152.14 161
132.752 152.135 162
130.281 152.656 163
127.586 153.322 164
124.576 153.576 165
121.848 153.507 166
119.388 153.38 167
116.995 153.681 168
114.445 154.451 169
111.701 155.044 170
108.911 155.18 171
106.485 155.011 172
104.187 154.909 173
101.783 155.384 174
99.1709 156.068 175
96.2616 156.521 176
-------------
232 148 121
230.043 147.972 122
227.949 148.401 123
225.617 148.735 124
222.895 148.784 125
220.485 148.681 126
218.424 148.455 127
216.459 148.565 128
214.368 149.121 129
211.847 149.594 130
208.989 149.696 131
206.444 149.411 132
204.322 149.042 133
202.224 149.299 134
199.937 149.983 135
197.233 150.336 136
194.297 150.398 137
192.032 150.209 138
189.964 150.141 139
187.85 150.626 140
185.523 151.302 141
182.772 151.564 142
179.959 151.426 143
177.665 151.085 144
175.472 151.106 145
173.209 151.656 146
170.677 152.1 147
167.864 152.354 148
165.194 152.324 149
162.897 152.228 150
160.685 152.399 151
158.31 153.022 152
155.577 153.468 153
152.536 153.544 154
149.97 153.376 155
147.735 153.362 156
145.435 153.779 157
142.932 154.436 158
140.062 154.712 159
137.262 154.727 160
134.832 154.626 161
132.51 154.623 162
130.039 155.141 163
127.392 155.778 164
124.384 156.026 165
121.641 155.964 166
119.181 155.839 167
116.788 156.14 168
114.239 156.903 169
-------------
232 151 121
230.184 150.981 122
228.153 151.44 123
225.82 151.769 124
223.039 151.819 125
220.618 151.716 126
218.574 151.545 127
216.656 151.677 128
214.822 152.208 129
212.303 152.681 130
209.445 152.783 131
206.891 152.498 132
204.749 152.122 133
202.706 152.389 134
200.426 153.076 135
197.616 153.381 136
194.674 153.44 137
192.41 153.301 138
190.346 153.247 139
188.385 153.807 140
186.06 154.484 141
183.306 154.742 142
180.449 154.583 143
178.132 154.224 144
175.984 154.198 145
173.721 154.748 146
171.159 155.124 147
168.333 155.367 148
165.641 155.353 149
163.344 155.26 150
161.17 155.456 151
158.821 156.097 152
156.082 156.534 153
-------------
232 142 123
229.674 142.391 124
227.119 142.543 125
224.768 142.422 126
222.722 142.173 127
220.686 142.278 128
218.46 142.826 129
215.939 143.306 130
213.168 143.502 131
210.825 143.24 132
208.626 142.9 133
206.494 143.187 134
204.149 143.895 135
201.505 144.342 136
198.923 144.482 137
196.746 144.275 138
194.735 144.228 139
192.479 144.728 140
190.08 145.394 141
187.342 145.728 142
184.714 145.665 143
182.45 145.356 144
180.248 145.52 145
177.953 146.08 146
175.404 146.617 147
172.621 146.915 148
170.116 146.858 149
167.902 146.776 150
165.652 146.965 151
163.205 147.609 152
160.409 148.091 153
157.4 148.271 154
155.06 148.13 155
152.803 148.181 156
150.499 148.599 157
147.956 149.276 158
145.126 149.588 159
142.401 149.604 160
140.024 149.501 161
137.77 149.598 162
135.303 150.128 163
132.553 150.795 164
129.552 151.08 165
126.935 150.953 166
124.489 150.869 167
122.096 151.173 168
119.517 151.925 169
116.759 152.367 170
114.016 152.495 171
111.748 152.43 172
109.53 152.548 173
107.14 153.034 174
104.555 153.637 175
101.642 154.019 176
99.0121 153.998 177
96.648 154.094 178
94.2822 154.291 179
91.6907 154.834 180
88.6687 154.995 181
85.9653 155.028 182
83.5107 155.161 183
81.1903 155.39 184
78.8693 155.72 185
76.2512 156.15 186
73.334 156.283 187
70.5769 156.322 188
68.277 156.403 189
66.1603 156.473 190
-------------
232 145 123
229.66 145.347 124
227.006 145.43 125
224.621 145.305 126
222.555 145.062 127
220.519 145.167 128
218.291 145.717 129
215.769 146.194 130
212.953 146.329 131
210.564 146.05 132
208.34 145.689 133
206.211 145.968 134
203.861 146.67 135
201.112 147.046 136
198.282 147.122 137
196.022 146.907 138
193.945 146.843 139
191.693 147.345 140
189.294 148.012 141
186.546 148.294 142
183.874 148.198 143
181.577 147.869 144
179.332 147.989 145
177.034 148.548 146
174.487 149.047 147
171.672 149.311 148
169.094 149.266 149
166.801 149.175 150
164.554 149.356 151
162.107 150 152
159.308 150.462 153
156.287 150.578 154
153.782 150.402 155
151.509 150.424 156
149.205 150.843 157
146.657 151.516 158
143.804 151.775 159
141.025 151.788 160
138.61 151.689 161
136.308 151.732 162
133.836 152.254 163
131.101 152.911 164
128.089 153.162 165
125.386 153.081 166
122.906 152.975 167
120.511 153.277 168
117.947 154.04 169
115.182 154.621 170
112.392 154.748 171
109.999 154.646 172
107.727 154.736 173
105.321 155.212 174
102.713 155.858 175
99.7997 156.305 176
97.1028 156.377 177
94.7022 156.398 178
92.3577 156.56 179
-------------
232 148 123
229.667 148.331 124
226.964 148.383 125
224.561 148.257 126
222.495 148.015 127
220.465 148.121 128
218.269 148.665 129
215.75 149.143 130
212.918 149.258 131
210.384 148.962 132
208.145 148.585 133
206.016 148.859 134
203.682 149.556 135
200.901 149.901 136
197.979 149.957 137
195.716 149.746 138
193.64 149.686 139
191.437 150.21 140
189.051 150.877 141
186.3 151.137 142
183.612 151.038 143
181.284 150.682 144
179.024 150.718 145
176.735 151.274 146
174.188 151.753 147
171.366 151.995 148
168.698 151.958 149
166.402 151.866 150
164.173 152.045 151
161.735 152.684 152
158.973 153.123 153
155.935 153.203 154
153.416 153.018 155
151.13 153.022 156
148.827 153.441 157
146.279 154.108 158
143.382 154.331 159
140.582 154.344 160
138.161 154.247 161
135.852 154.271 162
133.379 154.791 163
130.701 155.426 164
127.691 155.671 165
124.981 155.602 166
122.489 155.517 167
120.093 155.819 168
117.539 156.58 169
-------------
232 151 123
229.69 151.28 124
226.917 151.316 125
224.502 151.194 126
222.459 151.004 127
220.527 151.146 128
218.564 151.716 129
216.052 152.195 130
213.196 152.296 131
210.636 152.004 132
208.374 151.622 133
206.25 151.894 134
203.956 152.589 135
201.126 152.887 136
198.177 152.935 137
195.923 152.763 138
193.875 152.751 139
191.909 153.375 140
189.577 154.052 141
186.824 154.303 142
183.995 154.148 143
181.662 153.789 144
179.406 153.825 145
177.141 154.377 146
174.585 154.793 147
171.761 155.031 148
169.084 154.991 149
166.79 154.904 150
164.614 155.106 151
162.246 155.75 152
159.506 156.18 153
156.468 156.253 154
153.9 156.087 155
151.603 156.097 156
149.303 156.518 157
-------------
232 142 124
229.469 142.153 125
227.18 142.037 126
225.13 141.801 127
223.095 141.909 128
220.866 142.457 129
218.36 142.937 130
215.625 143.138 131
213.395 142.871 132
211.174 142.52 133
209.04 142.805 134
206.691 143.503 135
203.999 143.859 136
201.503 143.89 137
199.312 143.686 138
197.276 143.734 139
195.024 144.234 140
192.662 144.875 141
189.982 145.187 142
187.554 145.054 143
185.326 144.735 144
183.132 144.978 145
180.846 145.524 146
178.257 145.991 147
175.556 146.17 148
173.133 146.05 149
171.036 146.048 150
168.782 146.34 151
166.359 146.975 152
163.777 147.351 153
161.068 147.412 154
158.836 147.204 155
156.623 147.338 156
-------------
232 145 124
229.373 145.079 125
227.02 144.941 126
224.953 144.697 127
222.916 144.804 128
220.687 145.355 129
218.17 145.836 130
215.387 145.97 131
213.033 145.685 132
210.806 145.326 133
208.669 145.609 134
206.314 146.311 135
203.585 146.681 136
200.945 146.622 137
198.693 146.398 138
196.613 146.423 139
194.348 146.933 140
191.948 147.601 141
189.231 147.88 142
186.65 147.744 143
184.403 147.416 144
182.167 147.61 145
179.865 148.17 146
177.311 148.668 147
174.508 148.892 148
171.997 148.79 149
169.716 148.753 150
167.426 149 151
164.979 149.646 152
162.243 150.058 153
159.257 150.173 154
156.993 149.965 155
154.721 150.043 156
152.413 150.465 157
149.856 151.122 158
146.976 151.228 159
144.295 151.165 160
141.902 151.078 161
139.688 151.276 162
137.222 151.835 163
134.539 152.388 164
131.852 152.411 165
129.38 152.203 166
126.912 152.18 167
124.513 152.489 168
121.572 153.008 169
118.769 153.08 170
116.04 153.133 171
113.703 153.146 172
111.395 153.41 173
109 153.912 174
106.44 154.468 175
103.587 154.722 176
100.959 154.634 177
98.5666 154.781 178
96.057 155.246 179
93.2503 155.707 180
90.2423 155.735 181
87.5893 155.708 182
85.1598 155.891 183
82.7597 156.346 184
80.4462 156.977 185
-------------
232 148 124
229.32 148.031 125
226.932 147.887 126
224.865 147.644 127
222.833 147.753 128
220.614 148.313 129
218.098 148.797 130
215.302 148.913 131
212.857 148.614 132
210.624 148.249 133
208.487 148.528 134
206.135 149.231 135
203.349 149.572 136
200.434 149.571 137
198.177 149.35 138
196.099 149.334 139
193.869 149.873 140
191.475 150.546 141
188.731 150.802 142
186.113 150.676 143
183.795 150.321 144
181.556 150.47 145
179.252 151.034 146
176.704 151.513 147
173.886 151.747 148
171.248 151.688 149
168.967 151.631 150
166.739 151.848 151
164.302 152.503 152
161.557 152.926 153
158.54 153.005 154
156.241 152.793 155
153.964 152.827 156
151.659 153.248 157
149.099 153.91 158
146.201 154.013 159
143.433 153.982 160
141.022 153.897 161
138.731 153.967 162
136.255 154.5 163
133.6 155.055 164
130.721 155.151 165
128.212 154.974 166
125.745 154.944 167
123.346 155.246 168
120.736 155.934 169
117.859 156.04 170
115.085 156.124 171
112.716 156.124 172
110.438 156.276 173
108.03 156.756 174
-------------
232 151 124
229.273 150.989 125
226.863 150.845 126
224.812 150.635 127
222.879 150.781 128
220.945 151.397 129
218.434 151.882 130
215.583 151.979 131
213.04 151.688 132
210.785 151.317 133
208.631 151.597 134
206.325 152.318 135
203.487 152.613 136
200.459 152.471 137
198.208 152.259 138
196.147 152.279 139
194.092 152.94 140
191.749 153.622 141
189.017 153.851 142
186.281 153.687 143
183.949 153.328 144
181.708 153.436 145
179.419 154.015 146
176.838 154.427 147
174.017 154.662 148
171.344 154.615 149
169.063 154.55 150
166.875 154.765 151
164.471 155.419 152
161.76 155.823 153
158.762 155.872 154
156.425 155.67 155
154.131 155.7 156
151.828 156.122 157
149.237 156.771 158
-------------
226 139 125
223.774 138.916 126
221.8 138.662 127
219.815 138.767 128
217.691 139.217 129
-------------
232 142 125
229.852 141.841 126
227.814 141.601 127
225.835 141.736 128
223.606 142.283 129
221.25 142.71 130
218.763 142.845 131
216.477 142.547 132
214.254 142.193 133
212.132 142.458 134
209.728 143.003 135
207.025 143.193 136
204.698 142.941 137
202.565 142.679 138
200.453 142.884 139
198.357 143.405 140
-------------
232 145 125
229.746 144.816 126
227.679 144.568 127
225.641 144.684 128
223.4 145.25 129
220.9 145.73 130
218.236 145.834 131
215.939 145.533 132
213.707 145.175 133
211.469 145.498 134
209.076 146.19 135
206.212 146.452 136
203.623 146.227 137
201.366 145.978 138
199.195 146.111 139
196.904 146.659 140
194.501 147.333 141
191.891 147.594 142
189.582 147.344 143
187.338 147.018 144
185.112 147.296 145
182.623 147.978 146
179.788 148.262 147
177.035 148.341 148
174.547 148.183 149
172.271 148.203 150
169.895 148.614 151
167.433 149.286 152
164.758 149.676 153
162.199 149.698 154
159.938 149.466 155
157.66 149.693 156
155.089 150.378 157
152.362 150.919 158
149.446 150.954 159
146.803 150.83 160
144.394 150.749 161
142.045 151.152 162
139.564 151.813 163
136.932 152.327 164
134.351 152.269 165
131.897 152.044 166
129.363 152.206 167
126.662 152.752 168
123.68 153.24 169
120.869 153.108 170
118.269 152.959 171
115.898 153.007 172
113.518 153.472 173
111.034 154.213 174
108.48 154.756 175
105.737 154.887 176
103.168 154.715 177
100.754 154.947 178
98.2116 155.534 179
95.4004 155.997 180
92.3929 156.017 181
89.8208 155.819 182
87.4062 156.011 183
85.0399 156.575 184
-------------
220 151 125
217.586 150.902 126
215.545 150.73 127
213.63 150.853 128
211.721 151.349 129
209.201 151.819 130
206.344 151.921 131
203.807 151.645 132
201.822 151.308 133
199.831 151.523 134
197.559 152.206 135
194.773 152.535 136
191.83 152.596 137
189.568 152.462 138
187.506 152.405 139
185.533 152.905 140
183.209 153.581 141
180.457 153.838 142
177.601 153.684 143
175.308 153.335 144
173.198 153.316 145
170.937 153.863 146
168.394 154.274 147
165.575 154.53 148
162.88 154.526 149
160.582 154.431 150
158.408 154.61 151
156.139 155.193 152
153.416 155.635 153
150.371 155.709 154
147.803 155.543 155
145.695 155.544 156
143.399 155.958 157
140.913 156.599 158
-------------
232 151 125
229.486 150.705 126
227.411 150.475 127
225.406 150.608 128
223.377 151.309 129
220.864 151.8 130
218.048 151.874 131
215.629 151.573 132
213.343 151.193 133
211.069 151.531 134
208.707 152.288 135
205.617 152.431 136
202.723 152.007 137
200.445 151.746 138
198.327 151.867 139
196.115 152.602 140
193.709 153.304 141
190.994 153.527 142
188.478 153.299 143
186.173 152.943 144
183.926 153.18 145
181.511 153.872 146
178.605 154.091 147
175.786 154.306 148
173.16 154.214 149
170.877 154.218 150
168.585 154.619 151
166.113 155.322 152
163.43 155.708 153
160.589 155.724 154
158.285 155.497 155
155.991 155.562 156
153.644 156.024 157
150.822 156.612 158
-------------
232 142 126
229.949 141.729 127
227.975 141.89 128
225.738 142.488 129
223.43 142.909 130
220.987 143.024 131
218.69 142.723 132
216.453 142.358 133
214.186 142.665 134
211.629 143.238 135
208.925 143.379 136
206.593 143.029 137
204.424 142.74 138
202.268 142.936 139
200.12 143.588 140
197.798 144.292 141
-------------
232 145 126
229.906 144.733 127
227.845 144.88 128
225.525 145.55 129
223.033 146.066 130
220.404 146.166 131
218.107 145.865 132
215.87 145.506 133
213.522 145.892 134
210.859 146.587 135
207.951 146.813 136
205.242 146.436 137
202.981 146.174 138
200.754 146.349 139
198.425 147 140
196.021 147.68 141
193.458 147.933 142
191.154 147.68 143
188.91 147.352 144
186.653 147.685 145
184.155 148.379 146
181.304 148.652 147
178.572 148.64 148
176.109 148.424 149
173.835 148.459 150
171.472 149.045 151
169 149.744 152
166.367 150.121 153
163.895 150.111 154
161.626 149.846 155
159.342 150.129 156
156.767 150.852 157
153.923 151.43 158
151.011 151.422 159
148.521 151.202 160
146.115 151.124 161
143.719 151.703 162
141.224 152.484 163
138.602 152.993 164
136.04 152.933 165
133.613 152.7 166
131.075 152.892 167
128.287 153.535 168
125.301 154.019 169
122.48 153.876 170
119.909 153.689 171
117.535 153.736 172
115.131 154.303 173
112.624 155.112 174
110.068 155.653 175
107.43 155.726 176
104.877 155.551 177
102.459 155.788 178
99.9184 156.376 179
97.1053 156.837 180
-------------
232 148 126
229.871 147.726 127
227.803 147.879 128
225.49 148.602 129
222.971 149.113 130
220.315 149.201 131
218.019 148.898 132
215.783 148.536 133
213.433 148.925 134
210.751 149.634 135
207.716 149.809 136
204.914 149.396 137
202.637 149.132 138
200.407 149.306 139
198.03 150.017 140
195.618 150.714 141
193.022 150.925 142
190.718 150.668 143
188.472 150.331 144
186.222 150.651 145
183.738 151.349 146
180.821 151.604 147
178.008 151.689 148
175.497 151.507 149
173.196 151.531 150
170.838 152.094 151
168.357 152.814 152
165.708 153.192 153
163.293 153.116 154
161.044 152.87 155
158.757 153.109 156
156.195 153.816 157
153.351 154.395 158
150.426 154.404 159
147.888 154.216 160
145.476 154.135 161
143.029 154.636 162
140.512 155.377 163
137.889 155.889 164
135.325 155.838 165
132.914 155.613 166
130.411 155.758 167
127.773 156.26 168
124.788 156.744 169
121.971 156.628 170
119.397 156.526 171
-------------
232 151 126
229.832 150.72 127
227.777 150.89 128
225.513 151.714 129
222.991 152.227 130
220.214 152.287 131
217.888 151.974 132
215.568 151.586 133
213.218 151.974 134
210.563 152.725 135
207.41 152.836 136
204.492 152.335 137
202.21 152.071 138
200.007 152.257 139
197.659 153.043 140
195.245 153.747 141
192.554 153.944 142
190.245 153.68 143
187.958 153.314 144
185.698 153.634 145
183.255 154.372 146
180.264 154.571 147
177.434 154.784 148
174.807 154.673 149
172.548 154.752 150
170.269 155.317 151
167.789 156.034 152
165.123 156.414 153
162.637 156.349 154
160.369 156.106 155
158.065 156.238 156
155.566 156.89 157
-------------
232 142 127
230.001 142.191 128
227.72 142.885 129
225.35 143.473 130
222.969 143.566 131
220.67 143.263 132
218.423 142.902 133
216.076 143.286 134
213.41 143.934 135
210.541 144.132 136
207.952 143.756 137
205.736 143.48 138
203.53 143.687 139
201.202 144.433 140
198.878 145.175 141
196.496 145.45 142
194.196 145.194 143
191.95 144.869 144
189.678 145.215 145
187.181 145.909 146
184.32 146.139 147
181.697 146.004 148
179.348 145.757 149
177.141 145.882 150
174.797 146.503 151
172.341 147.253 152
169.926 147.65 153
167.508 147.578 154
165.215 147.252 155
162.931 147.54 156
160.348 148.315 157
157.499 148.898 158
154.637 148.847 159
152.246 148.635 160
149.982 148.671 161
147.654 149.353 162
145.211 150.165 163
142.743 150.67 164
140.256 150.62 165
137.829 150.352 166
135.274 150.562 167
132.468 151.225 168
129.481 151.701 169
126.671 151.545 170
124.316 151.313 171
122.087 151.475 172
119.766 152.056 173
117.301 152.878 174
114.771 153.411 175
-------------
232 145 127
229.935 145.155 128
227.617 145.871 129
225.164 146.469 130
222.542 146.574 131
220.245 146.27 132
218 145.91 133
215.648 146.3 134
212.949 146.99 135
210.037 147.192 136
207.357 146.787 137
205.092 146.512 138
202.863 146.693 139
200.511 147.449 140
198.108 148.147 141
195.604 148.393 142
193.302 148.136 143
191.055 147.807 144
188.787 148.151 145
186.288 148.847 146
183.399 149.106 147
180.731 148.972 148
178.352 148.704 149
176.107 148.798 150
173.753 149.419 151
171.277 150.153 152
168.701 150.519 153
166.297 150.434 154
164.016 150.086 155
161.731 150.372 156
159.133 151.145 157
156.283 151.727 158
153.377 151.677 159
150.926 151.447 160
148.575 151.392 161
146.167 152.047 162
143.672 152.834 163
141.06 153.341 164
138.504 153.274 165
136.077 153.004 166
133.521 153.207 167
130.714 153.869 168
127.723 154.351 169
124.912 154.192 170
122.416 153.954 171
120.045 154.005 172
117.645 154.577 173
115.144 155.402 174
112.59 155.942 175
110.117 155.935 176
107.573 155.748 177
105.155 155.986 178
102.614 156.575 179
-------------
232 148 127
229.931 148.156 128
227.629 148.92 129
225.133 149.48 130
222.472 149.567 131
220.176 149.261 132
217.926 148.893 133
215.575 149.285 134
212.872 149.985 135
209.774 150.133 136
206.986 149.701 137
204.71 149.433 138
202.481 149.616 139
200.127 150.385 140
197.715 151.085 141
195.133 151.282 142
192.829 151.023 143
190.579 150.681 144
188.316 151.021 145
185.822 151.724 146
182.823 151.94 147
180.039 151.874 148
177.597 151.657 149
175.365 151.764 150
173.018 152.372 151
170.538 153.102 152
167.891 153.479 153
165.485 153.391 154
163.245 153.024 155
160.963 153.308 156
158.383 154.094 157
155.534 154.676 158
152.604 154.636 159
150.163 154.419 160
147.767 154.35 161
145.353 155.003 162
142.857 155.788 163
140.238 156.3 164
137.674 156.248 165
135.247 156.011 166
132.724 156.183 167
129.926 156.841 168
-------------
232 151 127
229.929 151.159 128
227.66 151.973 129
225.139 152.489 130
222.401 152.556 131
220.105 152.243 132
217.78 151.857 133
215.43 152.249 134
212.742 152.972 135
209.589 153.083 136
206.719 152.599 137
204.437 152.332 138
202.227 152.525 139
199.893 153.317 140
197.479 154.02 141
194.823 154.209 142
192.518 153.947 143
190.245 153.585 144
187.996 153.914 145
185.549 154.646 146
182.541 154.829 147
179.656 154.856 148
177.366 154.65 149
175.157 154.767 150
172.89 155.356 151
170.41 156.083 152
167.758 156.461 153
165.351 156.37 154
163.101 155.954 155
160.823 156.238 156
158.337 157.042 157
-------------
232 145 128
229.698 145.73 129
227.259 146.357 130
224.662 146.486 131
222.364 146.181 132
220.112 145.818 133
217.757 146.21 134
215.055 146.9 135
212.153 147.07 136
209.51 146.663 137
207.276 146.379 138
205.05 146.563 139
202.704 147.329 140
200.308 148.043 141
197.836 148.268 142
195.535 148.01 143
193.29 147.677 144
191.016 148.025 145
188.516 148.721 146
185.569 148.991 147
182.95 148.826 148
180.646 148.55 149
178.431 148.669 150
176.078 149.293 151
173.604 150.035 152
171.144 150.394 153
168.765 150.309 154
166.518 149.911 155
164.236 150.198 156
161.653 150.995 157
158.801 151.579 158
156.09 151.491 159
153.702 151.246 160
151.589 151.164 161
149.221 151.835 162
146.731 152.625 163
-------------
232 148 128
229.724 148.782 129
227.26 149.397 130
224.576 149.493 131
222.279 149.187 132
219.989 148.817 133
217.634 149.211 134
214.929 149.909 135
211.836 150.048 136
209.11 149.639 137
206.858 149.357 138
204.632 149.543 139
202.287 150.311 140
199.873 151.016 141
197.29 151.213 142
194.986 150.953 143
192.726 150.611 144
190.455 150.958 145
187.957 151.66 146
184.955 151.891 147
182.213 151.751 148
179.873 151.501 149
177.659 151.615 150
175.309 152.24 151
172.829 152.975 152
170.18 153.352 153
167.775 153.263 154
165.52 152.838 155
163.238 153.126 156
160.668 153.947 157
157.817 154.531 158
154.887 154.483 159
152.456 154.266 160
150.106 154.214 161
147.693 154.87 162
145.197 155.658 163
142.579 156.17 164
140.013 156.118 165
137.588 155.877 166
135.034 156.083 167
132.232 156.744 168
-------------
232 151 128
229.746 151.802 129
227.235 152.338 130
224.5 152.415 131
222.204 152.109 132
219.875 151.725 133
217.531 152.127 134
214.838 152.826 135
211.696 152.936 136
208.804 152.454 137
206.602 152.179 138
204.445 152.386 139
202.102 153.153 140
199.687 153.857 141
197.064 154.024 142
194.759 153.762 143
192.482 153.401 144
190.24 153.744 145
187.805 154.469 146
184.792 154.642 147
181.738 154.467 148
179.439 154.227 149
177.254 154.352 150
174.973 154.96 151
172.493 155.69 152
169.843 156.066 153
167.435 155.972 154
165.165 155.511 155
162.888 155.798 156
160.407 156.638 157
-------------
232 145 129
229.586 145.633 130
227.139 145.844 131
224.842 145.539 132
222.607 145.174 133
220.322 145.512 134
217.62 146.208 135
-------------
232 148 129
229.556 148.636 130
226.851 148.73 131
224.554 148.425 132
222.259 148.059 133
219.904 148.455 134
217.199 149.152 135
214.114 149.292 136
211.489 148.903 137
209.278 148.614 138
207.066 148.812 139
204.724 149.579 140
202.309 150.287 141
199.772 150.489 142
197.48 150.235 143
195.227 149.895 144
192.953 150.245 145
190.459 150.944 146
187.477 151.214 147
184.847 151.033 148
182.621 150.762 149
180.419 150.879 150
178.069 151.505 151
175.588 152.241 152
172.983 152.608 153
170.681 152.526 154
168.586 152.113 155
-------------
232 151 129
229.557 151.632 130
226.827 151.72 131
224.532 151.413 132
222.203 151.03 133
219.85 151.43 134
217.149 152.12 135
214.035 152.228 136
211.249 151.793 137
209.098 151.479 138
206.917 151.682 139
204.597 152.447 140
202.183 153.155 141
199.594 153.333 142
197.288 153.072 143
195.013 152.712 144
192.75 153.06 145
190.29 153.738 146
187.29 153.906 147
184.456 153.685 148
182.184 153.433 149
179.979 153.546 150
177.681 154.163 151
175.201 154.895 152
172.552 155.271 153
170.162 155.173 154
167.918 154.699 155
165.641 154.984 156
163.194 155.823 157
160.345 156.405 158
157.41 156.35 159
155.019 156.129 160
152.816 156.113 161
150.412 156.768 162
-------------
205 139 133
203.343 139.377 134
201.154 140.083 135
199.012 140.52 136
196.928 140.716 137
194.781 140.512 138
192.936 140.412 139
190.797 140.87 140
188.429 141.522 141
185.725 141.857 142
183.592 141.904 143
182.048 141.894 144
180.096 142.069 145
177.911 142.564 146
175.442 143.074 147
173.031 143.371 148
170.886 143.353 149
169.058 143.361 150
-------------
184 142 141
181.278 142.312 142
178.941 142.314 143
177.225 142.23 144
175.123 142.364 145
172.903 142.943 146
170.431 143.515 147
167.857 143.877 148
165.501 143.86 149
163.449 143.768 150
161.232 143.923 151
158.812 144.535 152
156.018 145.026 153
153.177 145.131 154
151.05 144.974 155
148.99 144.968 156
146.743 145.401 157
144.255 146.107 158
141.646 146.556 159
139.09 146.666 160
136.757 146.51 161
134.452 146.483 162
131.982 146.997 163
129.254 147.708 164
126.256 148.103 165
123.599 148.005 166
121.231 147.805 167
118.847 148.105 168
116.308 148.897 169
113.66 149.57 170
110.973 149.859 171
108.689 149.645 172
106.509 149.515 173
104.125 149.987 174
101.512 150.69 175
98.6101 151.165 176
95.9717 151.269 177
93.7646 151.139 178
91.5247 151.27 179
89.1322 151.877 180
86.4961 152.66 181
83.88 153.104 182
81.4411 153.213 183
79.1809 153.074 184
76.9196 153.326 185
74.2923 153.955 186
71.4636 154.609 187
68.7029 154.755 188
66.4061 154.797 189
64.2536 154.838 190
62.2401 155.248 191
-------------
169 145 146
166.581 145.502 147
164.022 145.807 148
161.601 145.813 149
159.54 145.771 150
157.318 145.926 151
154.92 146.469 152
152.164 146.9 153
149.263 147.028 154
146.861 146.908 155
144.644 146.888 156
142.363 147.312 157
139.925 148.001 158
137.24 148.398 159
134.655 148.502 160
132.314 148.354 161
129.968 148.343 162
127.497 148.865 163
124.774 149.566 164
121.767 149.861 165
119.055 149.788 166
116.597 149.65 167
114.204 149.953 168
111.662 150.747 169
109.008 151.397 170
106.34 151.628 171
103.933 151.441 172
101.634 151.338 173
99.2272 151.812 174
96.6096 152.515 175
93.7082 152.975 176
91.0111 153.048 177
88.6125 152.882 178
86.2751 153.038 179
83.878 153.726 180
81.292 154.501 181
78.6856 154.964 182
76.1981 155.031 183
73.7504 154.817 184
71.3484 155.055 185
68.6949 155.725 186
65.8594 156.42 187
63.09 156.585 188
60.6518 156.419 189
58.3559 156.437 190
56.0681 156.982 191
-------------
181 145 147
178.462 144.896 148
176.158 144.696 149
174.101 144.767 150
171.853 145.301 151
169.519 145.984 152
167.211 146.317 153
164.764 146.249 154
162.499 145.939 155
160.279 146.202 156
-------------
166 148 147
163.337 148.288 148
160.88 148.27 149
158.663 148.167 150
156.446 148.319 151
-------------
166 151 147
163.248 151.287 148
160.727 151.286 149
158.43 151.189 150
156.232 151.337 151
153.93 151.914 152
151.224 152.358 153
148.184 152.43 154
145.618 152.263 155
143.432 152.239 156
141.134 152.654 157
138.701 153.3 158
135.866 153.597 159
133.068 153.616 160
130.638 153.517 161
128.313 153.509 162
125.999 153.965 163
123.389 154.593 164
120.397 154.833 165
117.648 154.776 166
115.19 154.649 167
112.805 154.944 168
110.274 155.698 169
107.559 156.273 170
104.779 156.407 171
102.354 156.244 172
100.056 156.142 173
97.7139 156.622 174
-------------
25 148 148
23.0315 148.127 149
20.6329 148.532 150
17.6007 148.84 151
14.7508 148.888 152
12.4798 148.745 153
10.0892 148.991 154
7.77162 149.812 155
5.06314 150.564 156
2.66511 150.873 157
0.533993 150.906 158
-------------
25 151 148
23.05 151.112 149
20.7342 151.538 150
17.6953 151.856 151
14.8452 151.906 152
12.6044 151.784 153
10.2181 152.029 154
7.9208 152.806 155
5.2121 153.555 156
2.81316 153.863 157
0.680809 153.896 158
-------------
22 145 149
19.6028 145.375 150
16.7468 145.567 151
13.8978 145.613 152
11.6642 145.461 153
9.28113 145.714 154
7.00248 146.484 155
4.36927 147.267 156
1.97218 147.577 157
-0.156061 147.61 158
-------------
22 139 150
19.3783 139.448 151
16.7266 139.588 152
14.5486 139.519 153
12.2861 139.992 154
10.0479 141.002 155
7.55525 141.825 156
5.16193 142.139 157
3.04253 142.177 158
0.569099 142.58 159
-------------
16 142 151
13.2123 142.065 152
11.1928 142.007 153
8.9233 142.326 154
6.73283 143.146 155
4.20976 143.946 156
1.81567 144.257 157
-0.306232 144.292 158
-------------
7 139 155
4.59388 139.807 156
2.23137 140.128 157
0.132501 140.17 158
-------------
139 145 158
136.568 145.397 159
134.028 145.526 160
131.694 145.375 161
129.327 145.368 162
126.859 145.887 163
124.136 146.599 164
121.203 146.92 165
118.51 146.844 166
116.058 146.693 167
113.667 146.998 168
111.134 147.805 169
108.564 148.475 170
105.962 148.723 171
103.557 148.518 172
101.253 148.414 173
98.8459 148.887 174
96.2275 149.593 175
93.3407 150.06 176
90.6503 150.126 177
88.257 149.953 178
85.9205 150.114 179
83.5246 150.806 180
80.975 151.604 181
78.3785 152.064 182
75.8897 152.126 183
73.437 151.909 184
71.0323 152.146 185
68.3785 152.819 186
65.5432 153.514 187
62.7741 153.678 188
60.3327 153.515 189
58.0319 153.534 190
55.7426 154.079 191
53.3402 155.066 192
51.0084 155.554 193
48.584 155.675 194
-------------
142 148 162
139.757 148.545 163
137.173 149.016 164
134.619 148.939 165
132.167 148.671 166
129.656 148.81 167
127.073 149.283 168
124.195 149.668 169
121.424 149.507 170
118.946 149.316 171
116.801 149.391 172
114.771 149.812 173
112.392 150.571 174
109.867 151.102 175
107.229 151.098 176
104.679 150.868 177
102.29 151.115 178
99.8315 151.715 179
97.0325 152.185 180
-------------
121 151 164
118.27 151.263 165
115.595 151.217 166
113.146 151.089 167
110.756 151.388 168
-------------
124 145 165
121.319 144.922 166
118.883 144.767 167
116.527 145.094 168
114.048 145.917 169
111.579 146.642 170
109.067 146.934 171
106.685 146.721 172
104.383 146.626 173
101.976 147.099 174
99.3689 147.81 175
96.4986 148.293 176
93.8764 148.383 177
91.6417 148.263 178
89.4244 148.458 179
87.07 149.152 180
84.6281 149.957 181
82.2415 150.355 182
79.8565 150.429 183
-------------
130 148 165
127.536 147.858 166
125.346 147.771 167
122.99 148.075 168
120.533 148.677 169
-------------
106 151 170
103.362 151.211 171
100.965 151.029 172
98.6669 150.928 173
96.2616 151.401 174
93.6598 152.094 175
90.7844 152.538 176
88.0882 152.611 177
85.6824 152.451 178
83.3454 152.609 179
81.0455 153.259 180
78.5721 153.952 181
75.975 154.41 182
73.4905 154.477 183
71.0464 154.267 184
68.6444 154.503 185
65.9951 155.169 186
63.1647 155.859 187
60.3972 156.023 188
57.9302 155.876 189
55.6299 155.895 190
53.3417 156.438 191
50.9402 157.425 192
-------------
70 151 184
67.6046 151.227 185
64.9829 151.899 186
62.2107 152.562 187
59.4478 152.724 188
56.9974 152.565 189
54.6974 152.585 190
52.4091 153.128 191
50.0076 154.104 192
47.6747 154.595 193
45.247 154.717 194
-------------
76 151 184
73.5981 151.237 185
70.9489 151.91 186
68.1149 152.604 187
65.352 152.766 188
63.0212 152.655 189
60.7956 152.672 190
58.5631 153.191 191
-------------
