64 109 0
63.604 109.395 1
63.056 109.397 2
62.3804 109.643 3
61.5316 110.329 4
60.3803 111.203 5
59.2175 111.517 6
58.4612 111.465 7
57.8604 111.691 8
57.2875 112.374 9
56.8739 113.244 10
56.4504 113.754 11
55.8901 113.743 12
55.0969 113.958 13
54.1197 114.579 14
52.9401 115.42 15
51.6243 115.848 16
50.6242 115.855 17
49.769 116.045 18
49.0724 116.716 19
48.4898 117.672 20
47.9775 118.247 21
47.3047 118.34 22
46.425 118.507 23
45.35 119.224 24
44.0444 120.137 25
42.5998 120.627 26
41.5257 120.602 27
40.5292 120.773 28
39.6208 121.454 29
38.8003 122.429 30
38.1367 123.137 31
37.295 123.181 32
36.3283 123.258 33
35.1915 123.778 34
33.7893 124.759 35
32.172 125.494 36
30.7686 125.637 37
29.5606 125.775 38
28.4315 126.311 39
27.4709 127.263 40
26.6276 128.33 41
-------------
67 109 0
66.5998 109.452 1
66.0775 109.474 2
65.3965 109.716 3
64.5388 110.397 4
63.389 111.274 5
62.2116 111.632 6
61.4523 111.611 7
60.7483 111.862 8
60.1612 112.534 9
59.6932 113.397 10
59.2165 113.943 11
58.6565 113.959 12
57.8574 114.175 13
56.8776 114.791 14
55.706 115.639 15
54.3863 116.106 16
53.3895 116.132 17
52.4859 116.322 18
51.7813 116.989 19
51.1659 117.908 20
50.5917 118.547 21
49.9206 118.719 22
49.0373 118.888 23
47.9565 119.596 24
46.6564 120.508 25
45.2197 121.074 26
44.15 121.093 27
43.1088 121.234 28
-------------
73 109 0
72.5703 109.465 1
72.1075 109.658 2
71.3981 109.861 3
70.5342 110.359 4
69.4442 111.198 5
68.2787 111.726 6
67.1663 111.928 7
66.3413 112.054 8
65.7011 112.401 9
65.1259 113.047 10
64.6324 113.544 11
64.089 113.689 12
63.2898 113.9 13
62.3737 114.372 14
61.3136 115.199 15
60.0401 115.765 16
58.8034 116.012 17
57.8121 116.14 18
57.1355 116.435 19
56.5125 117.234 20
56.012 117.878 21
55.4653 118.112 22
54.685 118.229 23
53.854 118.493 24
53.0733 119.195 25
51.9334 119.912 26
50.7474 120.219 27
49.6571 120.335 28
48.6537 120.549 29
47.6911 121.245 30
46.864 122.042 31
46.1163 122.313 32
45.223 122.444 33
44.1189 122.674 34
42.8261 123.407 35
41.5231 124.273 36
40.1386 124.698 37
38.8976 124.854 38
-------------
61 112 0
60.5329 112.398 1
59.9822 112.414 2
59.3165 112.668 3
58.483 113.335 4
57.3788 114.25 5
56.2494 114.595 6
55.4747 114.548 7
54.7568 114.761 8
54.1639 115.417 9
53.6831 116.302 10
53.1996 116.845 11
52.6496 116.853 12
51.8597 117.075 13
50.8829 117.697 14
49.711 118.56 15
48.385 119.049 16
47.3505 119.05 17
46.4862 119.21 18
45.7898 119.88 19
45.1904 120.815 20
44.6051 121.401 21
43.9086 121.481 22
43.0239 121.655 23
41.9489 122.371 24
40.6434 123.287 25
39.1675 123.816 26
38.0469 123.741 27
37.036 123.896 28
36.169 124.617 29
35.3649 125.649 30
34.5253 126.365 31
33.6248 126.374 32
32.6367 126.453 33
31.4911 126.994 34
30.091 127.976 35
28.4477 128.7 36
26.916 128.824 37
25.619 128.848 38
24.4868 129.416 39
23.5053 130.399 40
22.6433 131.395 41
21.6283 131.721 42
20.489 131.786 43
19.1639 132.302 44
17.6206 133.356 45
15.9212 134.172 46
14.3416 134.339 47
13.0279 134.31 48
11.7716 134.92 49
10.5995 136.099 50
9.39122 137.033 51
8.11101 137.213 52
6.64724 137.26 53
5.03448 137.902 54
3.05053 138.916 55
1.02504 139.713 56
-------------
64 112 0
63.5258 112.436 1
62.9647 112.445 2
62.287 112.695 3
61.4402 113.374 4
60.3227 114.277 5
59.1806 114.657 6
58.3993 114.627 7
57.6774 114.844 8
57.0834 115.499 9
56.5618 116.373 10
56.0603 116.938 11
55.4874 116.947 12
54.6905 117.165 13
53.7127 117.786 14
52.5444 118.648 15
51.2153 119.124 16
50.1866 119.133 17
49.3107 119.299 18
48.6139 119.97 19
47.9846 120.918 20
47.3659 121.59 21
46.6444 121.692 22
45.7528 121.862 23
44.6785 122.578 24
43.3785 123.491 25
41.9086 124.019 26
40.7894 124.033 27
39.7745 124.193 28
38.8791 124.889 29
38.0252 125.906 30
37.1995 126.697 31
36.2785 126.751 32
35.2949 126.834 33
34.1493 127.372 34
32.748 128.352 35
31.1065 129.094 36
29.5848 129.287 37
28.2751 129.456 38
27.1309 130.017 39
26.1168 130.979 40
25.2085 132.031 41
24.131 132.473 42
22.9819 132.565 43
21.6549 133.079 44
20.1065 134.128 45
18.4114 134.949 46
16.8418 135.156 47
15.5185 135.196 48
14.256 135.802 49
13.0613 136.928 50
11.8162 137.87 51
10.4893 138.188 52
8.98321 138.317 53
7.31551 138.956 54
5.30537 139.972 55
3.20499 140.769 56
1.60463 141.154 57
-------------
67 112 0
66.5306 112.491 1
65.9879 112.566 2
65.3082 112.815 3
64.4653 113.487 4
63.3497 114.371 5
62.1813 114.793 6
61.3574 114.799 7
60.6208 115.021 8
59.9625 115.607 9
59.3687 116.447 10
58.8603 117.017 11
58.2655 117.105 12
57.4656 117.322 13
56.4871 117.941 14
55.3205 118.803 15
53.9961 119.294 16
52.9527 119.312 17
52.0205 119.489 18
51.2925 120.132 19
50.6159 121.068 20
49.9836 121.781 21
49.2769 121.965 22
48.3859 122.136 23
47.3085 122.848 24
46.0126 123.749 25
44.5573 124.311 26
43.4246 124.339 27
42.3779 124.494 28
41.4071 125.133 29
40.4699 126.113 30
39.6266 126.913 31
38.7159 127.056 32
37.7687 127.157 33
36.6081 127.672 34
35.2172 128.642 35
33.584 129.402 36
32.0701 129.653 37
30.7448 129.843 38
29.5633 130.328 39
28.4909 131.155 40
27.5746 132.209 41
26.475 132.732 42
25.3228 132.846 43
23.9942 133.359 44
22.4423 134.385 45
20.7497 135.207 46
19.1768 135.446 47
17.846 135.495 48
16.5605 136.059 49
15.3461 137.015 50
14.0947 137.953 51
12.771 138.303 52
11.2969 138.442 53
9.61212 139.053 54
7.576 140.014 55
5.4811 140.819 56
3.69778 141.267 57
1.6155 141.716 58
-0.139126 141.895 59
-------------
70 112 0
69.5334 112.487 1
69.0395 112.623 2
68.3495 112.858 3
67.5033 113.483 4
66.4338 114.372 5
65.2671 114.869 6
64.2738 114.999 7
63.4603 115.177 8
62.7537 115.663 9
62.1176 116.405 10
61.5931 116.955 11
61.0034 117.073 12
60.2025 117.288 13
59.2262 117.87 14
58.068 118.731 15
56.7526 119.256 16
55.5399 119.444 17
54.5446 119.59 18
53.7254 119.999 19
53.0232 120.88 20
52.3968 121.59 21
51.7097 121.79 22
50.8489 121.937 23
-------------
73 112 0
72.5476 112.481 1
72.0862 112.684 2
71.3828 112.889 3
70.5578 113.399 4
69.5455 114.278 5
68.383 114.813 6
67.2446 115.015 7
66.3727 115.112 8
65.6562 115.475 9
65.0194 116.183 10
64.4894 116.73 11
63.9275 116.883 12
63.1273 117.096 13
62.2219 117.578 14
61.1871 118.444 15
59.9072 119.012 16
58.646 119.266 17
57.62 119.38 18
56.8233 119.737 19
56.1197 120.564 20
55.4933 121.27 21
54.8717 121.511 22
54.0621 121.63 23
53.1921 121.994 24
52.2764 122.752 25
51.0573 123.504 26
49.7447 123.806 27
48.5658 123.934 28
47.5158 124.179 29
46.5342 124.916 30
45.6925 125.719 31
44.8436 125.998 32
43.9249 126.122 33
42.7991 126.372 34
41.5215 127.148 35
40.1878 128.03 36
38.7154 128.448 37
37.3939 128.627 38
36.2075 128.728 39
35.1344 129.193 40
34.1743 130.202 41
33.297 130.789 42
32.2949 131.02 43
31.0715 131.256 44
29.7964 131.802 45
28.3795 132.716 46
26.8483 133.268 47
25.2579 133.497 48
23.8905 133.719 49
22.6356 134.189 50
21.3684 135.105 51
20.145 135.88 52
18.8838 136.183 53
17.5342 136.388 54
16.0988 136.798 55
14.5826 137.663 56
12.8505 138.464 57
11.0642 138.967 58
9.54665 139.189 59
8.18785 139.477 60
6.76198 140.338 61
5.42728 141.134 62
4.29726 141.438 63
-------------
76 112 0
75.5463 112.472 1
75.0869 112.677 2
74.3793 112.876 3
73.5445 113.353 4
72.5197 114.217 5
71.355 114.753 6
70.2143 114.96 7
69.3463 115.055 8
68.6346 115.409 9
67.9827 116.112 10
67.4513 116.656 11
66.8933 116.815 12
66.0939 117.028 13
65.1919 117.499 14
64.1593 118.35 15
62.8808 118.919 16
61.6095 119.187 17
60.5908 119.291 18
59.8222 119.631 19
59.1109 120.42 20
58.5027 121.102 21
57.9266 121.346 22
57.1575 121.452 23
56.3416 121.772 24
55.4798 122.515 25
54.2739 123.28 26
53.0015 123.638 27
51.8196 123.77 28
50.7791 123.996 29
49.8103 124.711 30
48.9778 125.508 31
48.1925 125.794 32
47.2902 125.924 33
46.186 126.142 34
44.9622 126.852 35
43.6566 127.729 36
42.2106 128.156 37
40.9126 128.355 38
39.7871 128.471 39
38.8659 128.903 40
37.9107 129.874 41
37.0829 130.411 42
36.2483 130.655 43
-------------
61 115 0
60.4767 115.409 1
59.913 115.46 2
59.2475 115.713 3
58.4156 116.329 4
57.361 117.232 5
56.3079 117.614 6
55.5398 117.587 7
54.8195 117.8 8
54.2008 118.354 9
53.5807 119.148 10
53.0534 119.694 11
52.4415 119.763 12
51.6525 119.984 13
50.6752 120.591 14
49.5063 121.454 15
48.1931 121.959 16
47.16 121.97 17
46.2975 122.124 18
45.5976 122.748 19
44.8763 123.626 20
44.1959 124.239 21
43.4368 124.368 22
42.5485 124.545 23
41.4755 125.218 24
40.177 126.136 25
38.7055 126.701 26
37.6026 126.693 27
36.5918 126.84 28
35.7119 127.462 29
34.8569 128.443 30
33.9206 129.137 31
32.9846 129.202 32
31.9979 129.294 33
30.8485 129.805 34
29.4647 130.747 35
27.8366 131.506 36
26.3639 131.756 37
25.0442 131.796 38
23.8886 132.316 39
22.8525 133.241 40
21.8315 134.125 41
20.7082 134.444 42
19.5473 134.556 43
18.2196 135.067 44
16.6992 136.093 45
15.0064 136.975 46
13.4489 137.216 47
12.0896 137.242 48
10.8312 137.847 49
9.63933 138.93 50
8.37423 139.803 51
7.02547 140.072 52
5.5453 140.184 53
3.91118 140.788 54
1.96003 141.778 55
-0.142648 142.559 56
-------------
64 115 0
63.4144 115.452 1
62.7806 115.548 2
62.1018 115.802 3
61.2645 116.417 4
60.2029 117.3 5
59.1357 117.759 6
58.3704 117.797 7
57.6467 118.01 8
57.0008 118.563 9
56.3336 119.349 10
55.8072 119.909 11
55.1583 120.113 12
54.3598 120.334 13
53.3808 120.938 14
52.2159 121.802 15
50.9187 122.329 16
49.8956 122.38 17
49.0183 122.532 18
48.3055 123.117 19
47.5847 124.002 20
46.8998 124.653 21
46.1479 124.859 22
45.2395 125.033 23
44.1692 125.705 24
42.9352 126.609 25
41.4912 127.174 26
40.3822 127.23 27
39.3725 127.38 28
38.4714 127.973 29
37.5408 128.884 30
36.6337 129.618 31
35.657 129.799 32
34.6687 129.937 33
33.5263 130.421 34
32.1623 131.328 35
30.5358 132.084 36
29.0388 132.394 37
27.7064 132.593 38
26.5214 133.094 39
25.3809 133.856 40
24.3259 134.762 41
23.163 135.159 42
21.9711 135.294 43
20.6442 135.807 44
19.1481 136.797 45
17.4618 137.632 46
15.9169 137.932 47
14.581 138.058 48
13.3244 138.659 49
12.1184 139.601 50
10.8463 140.498 51
9.49358 140.814 52
7.95729 140.954 53
6.29479 141.555 54
4.32632 142.533 55
2.22295 143.314 56
0.383825 143.773 57
-------------
67 115 0
66.4485 115.523 1
65.8188 115.748 2
65.1426 116 3
64.3163 116.612 4
63.3556 117.465 5
62.2327 117.94 6
61.4099 118.011 7
60.6529 118.21 8
59.9753 118.728 9
59.3174 119.517 10
58.7751 120.095 11
58.1427 120.287 12
57.3375 120.507 13
56.3653 121.105 14
55.2148 121.973 15
53.9066 122.495 16
52.8471 122.553 17
51.9028 122.7 18
51.1506 123.256 19
50.4363 124.159 20
49.7628 124.872 21
49.046 125.104 22
48.1489 125.271 23
47.0911 125.93 24
45.859 126.797 25
44.482 127.416 26
43.3205 127.481 27
42.2683 127.636 28
41.2926 128.126 29
40.3484 129.048 30
39.4835 129.844 31
38.5199 130.058 32
37.5645 130.174 33
36.4351 130.64 34
35.109 131.515 35
33.5187 132.296 36
32.0008 132.617 37
30.6522 132.844 38
29.4593 133.313 39
28.3457 134.106 40
27.3187 135.143 41
26.1517 135.677 42
24.9854 135.83 43
23.6607 136.341 44
22.1555 137.283 45
20.4708 138.102 46
18.8952 138.366 47
17.499 138.497 48
16.2344 139.087 49
15.0324 140.039 50
13.7737 140.974 51
12.3988 141.417 52
10.875 141.56 53
9.21908 142.152 54
7.24514 143.03 55
5.14386 143.812 56
3.177 144.301 57
0.939327 144.784 58
-------------
70 115 0
69.5059 115.507 1
69.006 115.726 2
68.3291 115.965 3
67.5383 116.519 4
66.5738 117.408 5
65.4311 117.947 6
64.3515 118.117 7
63.498 118.232 8
62.772 118.642 9
62.1 119.395 10
61.5669 119.96 11
60.9477 120.137 12
60.1463 120.353 13
59.23 120.885 14
58.1474 121.778 15
56.8617 122.35 16
55.6274 122.554 17
54.5891 122.672 18
53.7686 123.05 19
53.0367 123.932 20
52.3574 124.66 21
51.6811 124.904 22
50.8287 125.034 23
49.9135 125.505 24
48.9196 126.299 25
47.6646 127.051 26
46.3039 127.306 27
45.1669 127.456 28
44.1266 127.765 29
43.1447 128.596 30
42.2869 129.402 31
41.3475 129.637 32
40.4161 129.766 33
39.3171 130.162 34
38.0471 130.996 35
36.5824 131.845 36
35.0916 132.279 37
33.7381 132.498 38
32.5215 132.638 39
31.3791 133.193 40
30.371 134.234 41
29.2126 134.78 42
28.1016 134.97 43
26.8177 135.339 44
25.3984 136.041 45
23.769 136.883 46
22.1929 137.351 47
20.5513 137.574 48
19.1343 137.855 49
-------------
73 115 0
72.5143 115.497 1
72.0475 115.71 2
71.3467 115.915 3
70.5564 116.403 4
69.5814 117.292 5
68.4239 117.835 6
67.2817 118.044 7
66.4089 118.138 8
65.6855 118.499 9
65.0149 119.238 10
64.4773 119.792 11
63.895 119.963 12
63.0947 120.178 13
62.2066 120.656 14
61.2082 121.542 15
59.9272 122.116 16
58.6407 122.379 17
57.602 122.495 18
56.7868 122.863 19
56.0349 123.709 20
55.3436 124.43 21
54.7067 124.676 22
53.8954 124.791 23
53.0212 125.163 24
52.0931 125.925 25
50.8694 126.7 26
49.4364 127.061 27
48.2083 127.197 28
47.1583 127.452 29
46.1589 128.203 30
45.2994 129.005 31
44.3993 129.286 32
43.4855 129.419 33
42.3863 129.714 34
41.1402 130.505 35
39.8099 131.396 36
38.3302 131.834 37
36.9815 132.052 38
35.7695 132.173 39
34.6272 132.676 40
33.5389 133.688 41
32.4517 134.267 42
31.4077 134.498 43
30.1705 134.793 44
28.912 135.366 45
27.4993 136.277 46
25.9379 136.837 47
24.2078 137.12 48
22.7847 137.364 49
21.47 137.837 50
20.1689 138.75 51
18.8339 139.498 52
17.5251 139.8 53
16.1476 140.016 54
14.6237 140.455 55
13.0989 141.319 56
11.2932 142.11 57
9.15937 142.595 58
7.52887 142.793 59
5.99086 143.05 60
4.48185 143.912 61
3.13173 144.707 62
1.99394 145.009 63
0.72864 145.173 64
-0.387569 145.185 65
-0.416003 145.175 66
-0.407311 145.186 67
-------------
76 115 0
75.5223 115.483 1
75.0644 115.69 2
74.3592 115.889 3
73.556 116.344 4
72.5729 117.219 5
71.4083 117.759 6
70.2647 117.97 7
69.3937 118.062 8
68.6724 118.42 9
68.0007 119.137 10
67.4644 119.685 11
66.9014 119.846 12
66.1019 120.059 13
65.2183 120.516 14
64.2171 121.388 15
62.9376 121.958 16
61.6478 122.224 17
60.611 122.338 18
59.8074 122.696 19
59.0499 123.507 20
58.3643 124.195 21
57.7341 124.44 22
56.9418 124.543 23
56.0847 124.902 24
55.1903 125.65 25
53.9688 126.422 26
52.573 126.805 27
51.3288 126.939 28
50.2813 127.188 29
49.2767 127.917 30
48.4054 128.713 31
47.5266 129.001 32
46.6338 129.141 33
45.5583 129.385 34
44.3843 130.12 35
43.0574 131.006 36
41.5855 131.444 37
40.2481 131.662 38
39.0401 131.781 39
37.9097 132.277 40
36.8225 133.286 41
35.7769 133.857 42
34.7514 134.103 43
33.5679 134.319 44
32.3943 134.83 45
30.988 135.736 46
29.4399 136.316 47
27.7253 136.608 48
26.3062 136.851 49
25.0072 137.31 50
23.7058 138.215 51
22.4044 138.963 52
21.1196 139.276 53
19.7668 139.488 54
18.3921 139.885 55
16.8948 140.735 56
15.1085 141.531 57
13.0331 142.037 58
11.4627 142.251 59
9.97728 142.53 60
8.4856 143.373 61
7.13115 144.161 62
5.99233 144.464 63
4.748 144.633 64
-------------
61 118 0
60.3631 118.488 1
59.7708 118.668 2
59.0925 118.925 3
58.2703 119.508 4
57.3982 120.323 5
56.5093 120.76 6
55.7881 120.804 7
55.0885 121.008 8
54.4476 121.504 9
53.7655 122.236 10
53.1747 122.812 11
52.5101 122.992 12
51.6846 123.226 13
50.7012 123.813 14
49.6106 124.694 15
48.6406 125.297 16
47.7999 125.419 17
46.9841 125.565 18
46.2917 126.109 19
45.5492 126.968 20
44.7376 127.678 21
43.9148 127.952 22
42.8653 128.182 23
41.7318 128.739 24
40.5452 129.643 25
39.5468 130.34 26
38.6491 130.458 27
37.7317 130.596 28
36.8466 131.05 29
35.8856 131.914 30
34.8758 132.629 31
33.8181 132.962 32
32.8041 133.169 33
31.6456 133.611 34
30.3108 134.475 35
28.9436 135.399 36
27.5459 135.876 37
26.2069 136.101 38
25.0054 136.578 39
23.7609 137.189 40
22.4075 137.938 41
21.0343 138.429 42
19.6458 138.674 43
18.2469 139.159 44
16.7659 140.087 45
15.2909 141.104 46
-------------
64 118 0
63.301 118.539 1
62.6586 118.783 2
61.9783 119.041 3
61.1299 119.626 4
60.246 120.468 5
59.3577 120.99 6
58.6162 121.057 7
57.874 121.235 8
57.1705 121.672 9
56.4577 122.402 10
55.8581 122.987 11
55.1826 123.217 12
54.3558 123.454 13
53.3489 124.028 14
52.2569 124.911 15
51.2663 125.535 16
50.394 125.647 17
49.5629 125.763 18
48.7907 126.203 19
48.0311 127.062 20
47.225 127.796 21
46.4105 128.093 22
45.3624 128.324 23
44.2309 128.904 24
43.0475 129.8 25
41.9631 130.523 26
40.9687 130.673 27
39.9635 130.786 28
39.0064 131.147 29
37.9975 131.939 30
36.9945 132.67 31
35.9513 133.009 32
34.9577 133.224 33
33.7969 133.663 34
32.4667 134.52 35
31.1051 135.466 36
29.6451 135.939 37
28.2901 136.171 38
27.0448 136.64 39
25.8007 137.255 40
24.5067 138.115 41
23.1645 138.616 42
21.8368 138.886 43
20.5057 139.395 44
19.1023 140.354 45
17.559 141.231 46
16.0783 141.617 47
14.7922 141.809 48
13.5915 142.373 49
12.3696 143.266 50
11.0099 144.084 51
9.5288 144.623 52
7.8984 145.014 53
6.11281 145.618 54
4.18694 146.526 55
2.07704 147.305 56
0.0851431 147.802 57
-------------
67 118 0
66.3493 118.559 1
65.761 118.835 2
65.0972 119.095 3
64.2675 119.668 4
63.37 120.52 5
62.4052 121.062 6
61.5314 121.179 7
60.6861 121.314 8
59.9549 121.692 9
59.2549 122.438 10
58.6614 123.022 11
58.0039 123.251 12
57.1839 123.485 13
56.2157 124.064 14
55.1315 124.949 15
53.9464 125.539 16
52.9038 125.687 17
51.9273 125.802 18
51.1147 126.196 19
50.3588 127.059 20
49.5899 127.812 21
48.8579 128.103 22
47.88 128.32 23
46.8462 128.897 24
45.6999 129.747 25
44.4819 130.482 26
43.3378 130.62 27
42.251 130.736 28
41.2332 131.047 29
40.2222 131.838 30
39.2734 132.613 31
38.2626 132.948 32
37.3002 133.164 33
36.1765 133.59 34
34.8942 134.418 35
33.4813 135.328 36
32.0126 135.79 37
30.6549 136.023 38
29.3931 136.407 39
28.2061 137.054 40
27.0144 138.005 41
25.7876 138.543 42
24.6381 138.82 43
23.3155 139.319 44
21.9436 140.213 45
20.3741 141.072 46
18.8734 141.487 47
17.4252 141.703 48
16.1328 142.197 49
14.8751 142.992 50
13.5459 143.872 51
12.1417 144.538 52
10.6513 144.903 53
9.00799 145.467 54
-------------
70 118 0
69.4641 118.548 1
68.9378 118.821 2
68.2557 119.06 3
67.4933 119.574 4
66.5686 120.46 5
65.4569 121.03 6
64.3466 121.261 7
63.4764 121.374 8
62.748 121.743 9
62.0713 122.494 10
61.5337 123.06 11
60.8908 123.281 12
60.0847 123.503 13
59.2261 123.983 14
58.1905 124.873 15
56.9382 125.486 16
55.6738 125.754 17
54.6281 125.874 18
53.8085 126.248 19
53.0518 127.108 20
52.3036 127.862 21
51.6279 128.14 22
50.7653 128.268 23
49.8799 128.644 24
48.935 129.416 25
47.7071 130.205 26
46.2618 130.578 27
44.9929 130.727 28
43.9637 131.002 29
42.9489 131.755 30
42.0665 132.558 31
41.1032 132.872 32
40.2047 133.062 33
39.1215 133.424 34
37.8779 134.216 35
36.5033 135.142 36
35.0283 135.608 37
33.6651 135.842 38
32.4491 135.982 39
31.2959 136.546 40
30.1877 137.557 41
28.9888 138.112 42
27.8945 138.359 43
26.6305 138.723 44
25.3918 139.302 45
23.9557 140.207 46
22.4058 140.729 47
20.6999 141.008 48
19.2748 141.261 49
17.9823 141.788 50
16.6744 142.695 51
15.3097 143.43 52
13.9129 143.737 53
12.4562 144.113 54
10.8523 144.548 55
9.22828 145.412 56
7.34524 146.131 57
5.09906 146.627 58
3.35696 146.794 59
1.7681 147.008 60
0.255169 147.868 61
-------------
73 118 0
72.4904 118.537 1
71.9934 118.811 2
71.2853 119.016 3
70.5263 119.477 4
69.6026 120.392 5
68.4643 120.975 6
67.317 121.207 7
66.4439 121.299 8
65.7198 121.66 9
65.0421 122.411 10
64.5032 122.973 11
63.8868 123.174 12
63.0861 123.391 13
62.2303 123.856 14
61.2601 124.755 15
60.0078 125.387 16
58.7149 125.662 17
57.6703 125.778 18
56.8516 126.147 19
56.0839 127.005 20
55.3361 127.749 21
54.6935 128.003 22
53.8813 128.108 23
53.0015 128.476 24
52.0658 129.245 25
50.8405 130.036 26
49.3606 130.439 27
48.0894 130.58 28
47.0525 130.837 29
46.0352 131.581 30
45.153 132.383 31
44.2242 132.683 32
43.3648 132.854 33
42.3107 133.158 34
41.0889 133.923 35
39.7493 134.841 36
38.277 135.302 37
36.9174 135.531 38
35.7039 135.651 39
34.5544 136.153 40
33.4538 137.165 41
32.2797 137.739 42
31.2438 137.983 43
29.9997 138.276 44
28.7795 138.834 45
27.3944 139.753 46
25.8338 140.332 47
24.0946 140.624 48
22.6697 140.867 49
21.3437 141.327 50
20.0291 142.233 51
18.6715 142.979 52
17.3577 143.293 53
15.9848 143.526 54
14.4851 143.918 55
12.9517 144.78 56
11.1278 145.578 57
8.88855 146.081 58
7.20546 146.249 59
5.61764 146.466 60
4.09599 147.321 61
2.71854 148.097 62
1.57815 148.398 63
0.311096 148.561 64
-------------
76 118 0
75.5045 118.507 1
75.0637 118.755 2
74.3619 118.951 3
73.6128 119.38 4
72.7217 120.284 5
71.5684 120.851 6
70.429 121.076 7
69.5584 121.167 8
68.8358 121.526 9
68.1552 122.271 10
67.617 122.825 11
67.0592 122.995 12
66.2702 123.205 13
65.4401 123.649 14
64.4747 124.548 15
63.2344 125.17 16
61.9431 125.44 17
60.9012 125.557 18
60.0832 125.925 19
59.2886 126.761 20
58.5506 127.468 21
57.9223 127.71 22
57.1967 127.792 23
56.3828 128.117 24
55.5019 128.87 25
54.2818 129.651 26
52.8174 130.052 27
51.546 130.19 28
50.5184 130.44 29
49.5158 131.149 30
48.6352 131.944 31
47.7514 132.235 32
46.9071 132.392 33
45.9921 132.598 34
44.8559 133.306 35
43.5591 134.175 36
42.1161 134.614 37
40.7597 134.84 38
39.5511 134.959 39
38.4463 135.428 40
37.3513 136.436 41
36.2437 137.005 42
35.2215 137.248 43
34.0356 137.459 44
32.9433 137.938 45
31.6346 138.76 46
30.084 139.345 47
28.3455 139.639 48
26.9225 139.88 49
25.6152 140.331 50
24.3088 141.225 51
22.9698 141.966 52
21.6839 142.279 53
20.3603 142.468 54
19.052 142.78 55
17.6385 143.567 56
15.8477 144.362 57
13.7303 144.857 58
12.0998 145.039 59
10.6126 145.284 60
9.1385 146.084 61
7.76117 146.855 62
6.62128 147.157 63
5.35847 147.32 64
4.24765 147.335 65
4.21582 147.322 66
-------------
61 121 0
60.3022 121.541 1
59.7469 121.823 2
59.1212 122.088 3
58.3688 122.601 4
57.5449 123.381 5
56.6902 123.882 6
55.9864 123.943 7
55.3843 124.077 8
54.7228 124.473 9
54.0216 125.177 10
53.4219 125.76 11
52.7552 125.991 12
51.9286 126.227 13
50.9461 126.762 14
49.9231 127.639 15
48.9637 128.235 16
48.1879 128.331 17
47.4882 128.401 18
46.8017 128.808 19
46.0442 129.614 20
45.2269 130.343 21
44.4139 130.641 22
43.3635 130.876 23
42.2171 131.331 24
41.0825 132.229 25
40.1039 132.92 26
39.2725 133.035 27
38.4069 133.081 28
37.5012 133.394 29
36.4716 134.069 30
35.454 134.783 31
34.4006 135.144 32
33.3943 135.363 33
32.2159 135.666 34
30.9228 136.508 35
29.5778 137.459 36
28.2152 137.962 37
26.8732 138.187 38
25.6019 138.557 39
24.3435 139.077 40
22.947 139.791 41
21.5749 140.286 42
20.1926 140.532 43
18.7028 140.955 44
17.2754 141.775 45
15.9587 142.777 46
-------------
70 121 0
69.4595 121.582 1
68.9297 121.891 2
68.193 122.125 3
67.4557 122.609 4
66.6387 123.487 5
65.5552 124.078 6
64.2767 124.438 7
63.381 124.558 8
62.6528 124.927 9
61.9777 125.675 10
61.4414 126.241 11
60.7939 126.475 12
59.9754 126.707 13
59.14 127.178 14
58.3074 128.098 15
57.1122 128.742 16
55.781 129.081 17
54.7131 129.213 18
53.8937 129.59 19
53.1365 130.443 20
52.3768 131.203 21
51.7013 131.495 22
50.699 131.679 23
49.8135 132.052 24
48.8792 132.832 25
47.6633 133.631 26
46.1445 134.084 27
44.7687 134.302 28
43.7459 134.585 29
42.7104 135.3 30
41.8272 136.102 31
40.8461 136.455 32
39.8923 136.68 33
38.7896 137.053 34
37.5738 137.823 35
36.2005 138.76 36
34.7341 139.239 37
33.3625 139.489 38
32.1261 139.762 39
30.9644 140.298 40
29.8594 141.296 41
28.624 141.855 42
27.5533 142.155 43
26.2385 142.551 44
25.0222 143.114 45
23.6356 144.042 46
22.128 144.635 47
20.4123 144.958 48
18.993 145.239 49
17.7183 145.756 50
16.4012 146.634 51
15.0148 147.373 52
13.6286 147.767 53
12.0684 148.132 54
10.4664 148.494 55
8.78702 149.384 56
6.98136 150.28 57
4.70177 150.798 58
2.89679 150.946 59
1.30525 151.158 60
-0.238941 151.997 61
-------------
73 121 0
72.4681 121.587 1
71.9555 121.903 2
71.2128 122.13 3
70.4665 122.589 4
69.6851 123.482 5
68.5776 124.106 6
67.3523 124.438 7
66.4716 124.54 8
65.7484 124.907 9
65.0707 125.658 10
64.5341 126.223 11
63.896 126.454 12
63.0839 126.689 13
62.2538 127.158 14
61.3649 128.081 15
60.1496 128.749 16
58.823 129.084 17
57.7724 129.203 18
56.9486 129.576 19
56.1333 130.461 20
55.3724 131.22 21
54.7009 131.506 22
53.6952 131.693 23
52.8112 132.065 24
51.8703 132.844 25
50.6478 133.65 26
49.1303 134.101 27
47.8236 134.258 28
46.7857 134.518 29
45.7012 135.237 30
44.8179 136.04 31
43.8404 136.391 32
42.9708 136.579 33
41.9357 136.933 34
40.7263 137.682 35
39.3866 138.638 36
37.9199 139.122 37
36.5515 139.36 38
35.3371 139.478 39
34.1746 139.994 40
33.0689 141.007 41
31.8492 141.593 42
30.8356 141.896 43
29.631 142.205 44
28.4347 142.75 45
27.0832 143.707 46
25.5653 144.35 47
23.8224 144.65 48
22.3953 144.891 49
21.0709 145.346 50
19.7473 146.251 51
18.378 147.007 52
17.049 147.367 53
15.7922 147.565 54
14.3426 147.876 55
12.7652 148.774 56
10.9886 149.719 57
8.71014 150.24 58
6.89185 150.34 59
5.30349 150.552 60
3.7128 151.413 61
2.33312 152.187 62
1.19177 152.488 63
-0.0745342 152.652 64
-------------
76 121 0
75.4449 121.596 1
74.9487 121.914 2
74.2385 122.124 3
73.4992 122.568 4
72.7025 123.435 5
71.5946 124.061 6
70.4859 124.312 7
69.6182 124.403 8
68.8964 124.765 9
68.2158 125.516 10
67.6775 126.076 11
67.0816 126.283 12
66.2891 126.514 13
65.4901 126.99 14
64.5467 127.912 15
63.3493 128.544 16
62.0553 128.848 17
61.0113 128.974 18
60.0992 129.452 19
59.2353 130.338 20
58.4617 131.044 21
57.798 131.29 22
-------------
67 124 0
66.3644 124.572 1
65.8521 124.888 2
65.3429 125.13 3
64.6954 125.599 4
64.0369 126.39 5
63.1651 126.909 6
61.8563 127.286 7
60.9608 127.41 8
60.2293 127.779 9
59.534 128.478 10
58.9953 129.044 11
58.3646 129.286 12
57.6085 129.52 13
56.9408 129.95 14
56.1446 130.831 15
55.0513 131.443 16
53.7222 131.784 17
52.6532 131.919 18
51.8336 132.299 19
51.0663 133.062 20
50.2977 133.814 21
49.6015 134.115 22
48.6206 134.379 23
47.7932 134.75 24
46.8777 135.531 25
45.7258 136.239 26
44.2057 136.691 27
42.8164 136.924 28
41.7689 137.237 29
40.7048 137.854 30
39.7496 138.553 31
38.7411 138.91 32
37.7913 139.169 33
36.7029 139.556 34
35.4872 140.326 35
34.1107 141.237 36
32.6522 141.71 37
31.2816 142.03 38
29.9929 142.45 39
28.8242 142.983 40
27.5439 143.667 41
26.2756 144.176 42
25.1605 144.576 43
23.8275 145.085 44
22.63 145.63 45
21.2457 146.414 46
19.8396 146.855 47
18.3471 147.267 48
17.1108 147.776 49
15.8454 148.318 50
14.4606 149.07 51
13.0149 149.738 52
11.4294 150.43 53
9.70563 151.029 54
8.06794 151.339 55
6.20652 152.074 56
4.26814 152.698 57
1.9821 153.228 58
0.127955 153.378 59
-------------
70 124 0
69.4196 124.582 1
68.9052 124.907 2
68.1586 125.147 3
67.4408 125.606 4
66.8003 126.412 5
65.8921 126.956 6
64.5767 127.333 7
63.6813 127.456 8
62.9557 127.823 9
62.2809 128.546 10
61.7448 129.11 11
61.1042 129.351 12
60.2861 129.591 13
59.5663 130.027 14
58.7727 130.95 15
57.6476 131.59 16
56.3113 131.933 17
55.2423 132.068 18
54.4228 132.447 19
53.6489 133.218 20
52.8858 133.978 21
52.2003 134.277 22
51.1303 134.561 23
50.2484 134.929 24
49.3252 135.714 25
48.1528 136.438 26
46.6329 136.889 27
45.2445 137.121 28
44.1987 137.443 29
43.1369 138.106 30
42.2252 138.841 31
41.2181 139.187 32
40.2235 139.449 33
39.0924 139.87 34
37.8751 140.641 35
36.4867 141.49 36
35.0235 141.963 37
33.6746 142.299 38
32.4486 142.749 39
31.2805 143.282 40
30.1174 144.021 41
28.8499 144.525 42
27.7757 144.99 43
26.4437 145.49 44
25.2341 146.036 45
23.8728 146.842 46
22.4541 147.307 47
20.7575 147.659 48
19.3966 148.08 49
18.131 148.615 50
16.7575 149.379 51
15.3657 150.101 52
13.8899 150.734 53
12.1399 151.319 54
10.5055 151.627 55
8.87054 152.456 56
7.10755 153.375 57
4.8173 153.906 58
2.9065 154.033 59
1.31038 154.24 60
-0.421387 155.006 61
-------------
73 124 0
72.4128 124.6 1
71.8983 124.928 2
71.1503 125.167 3
70.4193 125.624 4
69.6934 126.475 5
68.6193 127.102 6
67.318 127.477 7
66.4284 127.597 8
65.706 127.964 9
65.0275 128.713 10
64.4897 129.275 11
63.85 129.515 12
63.0422 129.764 13
62.2628 130.24 14
61.4077 131.177 15
60.2416 131.824 16
58.9096 132.168 17
57.8443 132.303 18
56.985 132.704 19
56.1485 133.502 20
55.3524 134.255 21
-------------
76 124 0
75.3471 124.627 1
74.8335 124.956 2
74.0986 125.199 3
73.3666 125.658 4
72.5762 126.507 5
71.4681 127.164 6
70.4388 127.442 7
69.6107 127.543 8
68.9027 127.932 9
68.222 128.683 10
67.6826 129.24 11
67.0596 129.466 12
66.2705 129.717 13
65.4904 130.229 14
64.5542 131.166 15
63.3648 131.784 16
62.1313 132.083 17
61.0953 132.223 18
60.1109 132.772 19
59.098 133.676 20
58.2553 134.361 21
-------------
79 124 0
78.3386 124.625 1
77.8549 124.945 2
77.1836 125.209 3
76.4785 125.644 4
75.6922 126.444 5
74.5955 127.09 6
73.5981 127.353 7
72.7936 127.431 8
72.1009 127.811 9
71.4191 128.56 10
70.892 129.091 11
70.3539 129.283 12
-------------
73 127 0
72.3384 127.614 1
71.8255 127.944 2
71.0861 128.2 3
70.3646 128.662 4
69.6891 129.483 5
68.5843 130.159 6
67.3303 130.523 7
66.5512 130.643 8
65.8386 131.03 9
65.1548 131.778 10
64.6153 132.338 11
63.9862 132.576 12
63.2203 132.852 13
62.4999 133.384 14
61.6649 134.321 15
60.4769 134.938 16
59.1507 135.281 17
58.0851 135.419 18
57.2329 135.887 19
56.2729 136.703 20
55.4616 137.439 21
54.4248 137.73 22
53.3216 138.063 23
-------------
76 127 0
75.3382 127.624 1
74.8239 127.953 2
74.1163 128.276 3
73.3937 128.742 4
72.5874 129.552 5
71.4576 130.24 6
70.448 130.518 7
69.7058 130.633 8
69.0137 131.036 9
68.3325 131.787 10
67.7923 132.343 11
67.1745 132.567 12
66.4499 132.894 13
65.6969 133.457 14
64.7334 134.401 15
63.5405 135.012 16
62.4202 135.233 17
61.4151 135.392 18
60.422 135.982 19
59.2968 136.879 20
58.4418 137.518 21
57.3667 137.791 22
56.2558 138.127 23
55.1279 138.823 24
53.7242 139.676 25
52.1728 140.264 26
50.672 140.693 27
49.3757 140.93 28
48.0722 141.68 29
46.7659 142.423 30
45.6596 142.932 31
44.4726 143.187 32
43.3522 143.579 33
42.1079 144.355 34
40.6377 145.149 35
39.2922 145.802 36
38.0127 146.123 37
36.7614 146.488 38
35.325 147.026 39
34.1354 147.548 40
32.9916 148.072 41
31.7696 148.483 42
30.7523 148.949 43
29.4095 149.66 44
28.1982 150.201 45
26.9101 150.978 46
25.5831 151.439 47
24.0137 151.871 48
-------------
79 127 0
78.3378 127.625 1
77.824 127.95 2
77.1329 128.281 3
76.4169 128.746 4
75.5954 129.537 5
74.4663 130.22 6
73.4694 130.491 7
72.7472 130.592 8
72.057 130.997 9
71.3754 131.748 10
70.8418 132.279 11
70.2595 132.479 12
69.5371 132.785 13
68.8024 133.354 14
67.8347 134.294 15
66.6411 134.901 16
65.538 135.109 17
64.6036 135.293 18
63.6087 135.876 19
62.4811 136.729 20
61.6087 137.291 21
60.5437 137.554 22
59.4846 137.846 23
58.3575 138.549 24
56.9491 139.377 25
55.5507 140.004 26
54.2014 140.301 27
52.9318 140.482 28
51.6343 141.213 29
50.3433 141.949 30
49.2474 142.425 31
48.1387 142.685 32
47.083 143.043 33
-------------
70 130 0
69.3214 130.577 1
68.8222 130.909 2
68.4216 131.112 3
67.889 131.527 4
67.2634 132.323 5
66.4553 132.903 6
65.1657 133.263 7
64.3519 133.372 8
63.6011 133.738 9
62.8939 134.421 10
62.3548 134.98 11
61.9053 135.2 12
-------------
76 130 0
75.3386 130.624 1
74.8275 130.958 2
74.1581 131.301 3
73.4788 131.782 4
72.6994 132.575 5
71.5779 133.28 6
70.5646 133.578 7
69.8378 133.685 8
69.1563 134.093 9
68.4822 134.843 10
67.9437 135.396 11
67.3548 135.606 12
66.6993 135.954 13
66.0192 136.556 14
65.0482 137.499 15
63.855 138.104 16
62.7505 138.317 17
61.7821 138.571 18
60.8061 139.175 19
59.6774 140.068 20
58.8071 140.601 21
57.7319 140.874 22
56.6238 141.216 23
55.4978 141.918 24
54.0923 142.769 25
52.4857 143.277 26
51.1279 143.547 27
49.845 143.797 28
48.5531 144.557 29
47.2454 145.298 30
46.1179 145.709 31
44.9086 145.929 32
43.7853 146.322 33
42.5433 147.114 34
41.0165 147.921 35
39.5767 148.397 36
38.3071 148.687 37
37.106 149.1 38
35.7681 149.872 39
34.582 150.395 40
33.4548 150.775 41
32.1806 151.155 42
31.0394 151.665 43
29.6188 152.517 44
28.4051 153.059 45
27.0392 153.679 46
25.7265 154.05 47
24.2323 154.492 48
22.8673 155.213 49
21.5098 155.647 50
20.0742 156.358 51
18.7227 156.974 52
-------------
79 130 0
78.3422 130.623 1
77.8294 130.948 2
77.1652 131.272 3
76.4755 131.735 4
75.6851 132.479 5
74.5586 133.165 6
73.5623 133.452 7
72.8553 133.56 8
72.1774 133.967 9
71.5082 134.719 10
70.9808 135.247 11
70.4024 135.44 12
69.7349 135.783 13
69.0647 136.372 14
68.0932 137.312 15
66.8968 137.914 16
65.792 138.125 17
64.8985 138.374 18
63.9141 138.972 19
62.8089 139.769 20
61.9625 140.27 21
60.8932 140.53 22
59.8648 140.791 23
58.7486 141.489 24
57.3439 142.318 25
55.7393 142.825 26
54.443 143.041 27
53.1744 143.283 28
51.8818 144.033 29
50.5924 144.743 30
49.4752 145.137 31
48.273 145.338 32
47.1643 145.714 33
45.9548 146.505 34
-------------
73 133 0
72.3243 133.602 1
71.8251 133.943 2
71.3795 134.216 3
70.8872 134.665 4
70.2254 135.493 5
69.254 136.246 6
68.1104 136.56 7
67.352 136.64 8
66.6703 136.999 9
65.9962 137.729 10
65.4575 138.287 11
65.0722 138.523 12
64.5819 138.758 13
63.9453 139.361 14
63.0475 140.328 15
61.8556 140.933 16
60.7327 141.155 17
59.7533 141.358 18
58.7884 141.947 19
57.6726 142.833 20
56.8068 143.46 21
55.814 143.773 22
54.8124 144.132 23
53.7944 144.883 24
52.4148 145.739 25
50.8002 146.235 26
49.4527 146.492 27
48.1595 146.741 28
46.8737 147.499 29
45.5672 148.237 30
44.4425 148.637 31
43.2532 148.877 32
42.1385 149.272 33
40.8959 150.07 34
39.3311 150.866 35
37.8526 151.321 36
36.5689 151.607 37
35.3832 152.03 38
34.0898 152.814 39
32.9071 153.34 40
31.7785 153.721 41
30.5115 154.104 42
29.368 154.614 43
27.9304 155.466 44
26.7154 156.008 45
25.3405 156.609 46
-------------
76 133 0
75.343 133.623 1
74.8393 133.963 2
74.2729 134.243 3
73.7074 134.695 4
72.9995 135.507 5
71.9589 136.253 6
70.9436 136.553 7
70.2168 136.633 8
69.5585 137.023 9
68.8994 137.784 10
68.3613 138.338 11
67.8945 138.561 12
67.3427 138.833 13
66.6939 139.437 14
65.7671 140.395 15
64.5717 140.997 16
63.4581 141.212 17
62.5089 141.455 18
61.55 142.059 19
60.4948 142.962 20
59.6219 143.51 21
58.6417 143.76 22
57.6445 144.06 23
56.6184 144.797 24
55.2245 145.631 25
53.6045 146.117 26
52.3097 146.331 27
51.0364 146.573 28
49.7637 147.33 29
48.4711 148.064 30
47.342 148.461 31
46.1374 148.661 32
45.0287 149.046 33
43.8223 149.851 34
42.2757 150.626 35
40.8136 151.08 36
39.5533 151.336 37
38.39 151.741 38
37.107 152.492 39
35.928 153.017 40
34.808 153.389 41
33.5746 153.651 42
32.4756 154.125 43
31.0557 154.977 44
29.8412 155.517 45
28.4707 156.107 46
27.1586 156.474 47
25.6426 156.885 48
-------------
79 133 0
78.3498 133.625 1
77.8431 133.959 2
77.2519 134.231 3
76.6537 134.648 4
75.9344 135.377 5
74.8629 136.093 6
73.8608 136.39 7
73.1502 136.476 8
72.5116 136.877 9
71.9022 137.627 10
71.3862 138.163 11
70.8846 138.34 12
70.3698 138.596 13
69.7253 139.181 14
68.8068 140.071 15
67.6058 140.668 16
66.494 140.882 17
65.6278 141.102 18
64.6784 141.696 19
63.6978 142.497 20
62.8943 142.998 21
61.8852 143.215 22
60.8938 143.46 23
59.8436 144.166 24
58.4546 144.989 25
56.848 145.481 26
55.6073 145.702 27
54.3691 145.94 28
53.1198 146.67 29
-------------
73 136 0
72.3262 136.599 1
71.8289 136.941 2
71.4791 137.143 3
71.0606 137.544 4
70.4112 138.367 5
69.4793 139.142 6
68.4901 139.492 7
67.7729 139.565 8
67.1385 139.921 9
66.4737 140.65 10
65.936 141.208 11
65.5749 141.437 12
65.1275 141.624 13
64.5232 142.213 14
63.6501 143.186 15
62.4614 143.788 16
61.3459 144.053 17
60.4723 144.141 18
59.5626 144.65 19
58.5299 145.56 20
57.6744 146.178 21
56.861 146.438 22
55.9231 146.731 23
54.9875 147.49 24
53.6255 148.33 25
52.0027 148.803 26
50.7095 148.993 27
49.4428 149.156 28
48.1848 149.906 29
46.9017 150.638 30
45.7835 151.066 31
44.5963 151.269 32
43.4967 151.653 33
42.2771 152.44 34
40.7068 153.223 35
39.2193 153.672 36
37.9373 153.929 37
36.7793 154.332 38
35.536 155.061 39
34.3553 155.582 40
33.241 155.965 41
32.0117 156.297 42
30.8763 156.804 43
-------------
64 106 1
63.4894 105.995 2
62.8329 106.225 3
61.9933 106.908 4
60.8501 107.75 5
59.7131 108.032 6
59.0659 107.988 7
58.6078 108.214 8
58.118 108.804 9
57.7434 109.625 10
57.4334 110.029 11
56.945 110.013 12
56.211 110.213 13
55.2966 110.79 14
54.1848 111.547 15
-------------
73 139 1
72.515 139.333 2
72.1812 139.512 3
71.9209 139.762 4
71.2876 140.568 5
70.4747 141.233 6
69.5189 141.572 7
68.8438 141.643 8
68.2812 141.991 9
67.7437 142.684 10
67.2146 143.233 11
66.913 143.437 12
66.4949 143.617 13
65.9703 144.157 14
65.0995 145.128 15
63.9322 145.723 16
62.834 145.972 17
61.973 146.055 18
61.1091 146.596 19
60.1848 147.47 20
59.3444 148.084 21
58.6042 148.33 22
57.7182 148.58 23
56.8514 149.316 24
55.5012 150.134 25
53.8765 150.587 26
52.6416 150.736 27
51.402 150.871 28
50.1738 151.621 29
48.9071 152.353 30
47.7823 152.769 31
46.6102 152.961 32
45.5224 153.334 33
44.3246 154.098 34
42.7329 154.813 35
41.2451 155.258 36
39.9682 155.505 37
38.8257 155.889 38
37.6267 156.495 39
36.5141 156.949 40
-------------
49 136 5
48.9602 136.038 6
48.9133 136.083 7
48.8295 136.14 8
48.7509 136.197 9
48.6465 136.335 10
48.5289 136.512 11
48.2467 136.607 12
47.8075 136.761 13
47.3 137.088 14
46.5681 137.824 15
-------------
64 151 5
63.9137 151.09 6
63.7708 151.141 7
63.2417 151.187 8
63.0678 151.265 9
62.8139 151.5 10
62.576 151.733 11
62.3682 151.779 12
61.9461 151.861 13
61.6043 152.07 14
61.1246 152.357 15
60.7758 152.652 16
59.7958 152.865 17
58.969 152.944 18
58.3478 153.196 19
57.8867 153.421 20
57.1724 153.875 21
56.4924 154.099 22
55.7808 154.32 23
-------------
67 151 5
66.894 151.128 6
66.7406 151.176 7
66.2084 151.219 8
66.0266 151.301 9
65.7622 151.55 10
65.5082 151.804 11
65.3086 151.852 12
64.8913 151.934 13
64.6009 152.15 14
64.112 152.45 15
63.7217 152.742 16
62.6906 152.968 17
61.861 153.048 18
61.2335 153.306 19
60.826 153.525 20
60.1762 153.872 21
59.498 154.096 22
58.7954 154.309 23
-------------
58 124 7
57.3275 124.129 8
56.626 124.511 9
55.9223 125.213 10
55.3229 125.798 11
54.6524 126.032 12
53.8266 126.27 13
52.8027 126.813 14
51.7645 127.703 15
50.7973 128.302 16
49.9864 128.413 17
49.1892 128.498 18
48.4234 128.901 19
47.657 129.717 20
46.853 130.462 21
46.0463 130.766 22
44.9989 131.001 23
43.8568 131.459 24
42.7347 132.333 25
41.6552 133.049 26
-------------
55 127 7
54.51 127.127 8
53.8951 127.489 9
53.226 128.157 10
52.6325 128.732 11
52.0049 128.966 12
51.2775 129.208 13
50.567 129.677 14
49.5853 130.506 15
48.6191 131.093 16
47.8874 131.231 17
47.2744 131.297 18
46.5734 131.681 19
45.8059 132.442 20
44.9974 133.177 21
44.2283 133.496 22
43.2177 133.752 23
42.2445 134.184 24
41.2298 135.036 25
40.1958 135.741 26
39.4114 135.958 27
-------------
61 130 7
60.1135 130.128 8
59.376 130.497 9
58.6784 131.184 10
58.1397 131.745 11
57.6109 131.982 12
57.0026 132.205 13
56.3801 132.63 14
55.6362 133.467 15
54.5852 134.056 16
53.2491 134.402 17
52.1811 134.539 18
51.3426 134.933 19
50.5427 135.643 20
49.7529 136.373 21
49.0564 136.671 22
48.2462 136.957 23
47.5118 137.319 24
46.6052 138.089 25
45.471 138.761 26
43.9526 139.214 27
42.5622 139.451 28
41.4451 139.816 29
40.3607 140.372 30
39.3515 140.943 31
38.3146 141.295 32
37.3767 141.554 33
36.3045 141.957 34
35.0776 142.697 35
33.7323 143.475 36
32.2801 143.943 37
30.9286 144.316 38
29.6223 144.893 39
28.4307 145.416 40
27.1498 146.035 41
25.8849 146.539 42
24.7511 147.009 43
23.4021 147.536 44
22.237 148.079 45
20.8645 148.847 46
19.4751 149.282 47
18.0969 149.744 48
16.903 150.342 49
15.63 150.882 50
14.1956 151.593 51
12.7435 152.263 52
11.0555 153.004 53
9.27309 153.647 54
7.63399 153.936 55
5.78602 154.631 56
3.8511 155.272 57
1.56282 155.804 58
-0.343133 155.943 59
-------------
64 130 7
63.1246 130.128 8
62.3816 130.495 9
61.6865 131.189 10
61.1482 131.749 11
60.5522 131.995 12
59.7685 132.254 13
59.1188 132.695 14
58.3643 133.57 15
57.3339 134.137 16
55.9966 134.482 17
54.9279 134.619 18
54.1041 135.01 19
53.3001 135.733 20
52.5046 136.471 21
51.7772 136.774 22
50.6968 137.102 23
49.8493 137.471 24
48.9268 138.254 25
47.756 138.934 26
46.2367 139.385 27
44.8464 139.622 28
-------------
64 136 7
63.1958 136.095 8
62.4448 136.46 9
61.7363 137.133 10
61.1983 137.691 11
60.8275 137.907 12
60.399 138.09 13
59.8461 138.592 14
59.0171 139.508 15
57.8453 140.113 16
56.5625 140.413 17
55.4988 140.546 18
54.5637 141.004 19
53.4496 141.846 20
52.6301 142.548 21
51.9409 142.808 22
51.2022 143.1 23
-------------
64 139 7
63.2941 139.081 8
62.5792 139.435 9
61.876 140.109 10
61.3398 140.667 11
61.0006 140.881 12
60.5765 141.06 13
59.9993 141.633 14
59.1731 142.535 15
58.0292 143.149 16
56.845 143.445 17
55.909 143.508 18
54.9843 143.961 19
53.8697 144.812 20
53.0445 145.506 21
52.3697 145.766 22
51.6334 146.073 23
50.714 146.797 24
49.4367 147.638 25
47.8576 148.079 26
46.5091 148.333 27
45.194 148.518 28
43.9087 149.125 29
42.6044 149.805 30
41.5386 150.294 31
40.3929 150.554 32
39.3057 150.942 33
38.0825 151.71 34
36.5131 152.488 35
35.0257 152.944 36
33.7287 153.223 37
32.535 153.621 38
31.3133 154.296 39
30.1329 154.823 40
29.0119 155.225 41
27.7809 155.68 42
26.6379 156.189 43
25.1985 157.039 44
-------------
52 139 10
51.8559 139.194 11
51.5373 139.316 12
51.0912 139.474 13
50.5773 139.813 14
49.8295 140.556 15
49.5762 140.788 16
49.2777 140.926 17
49.0978 141.015 18
48.2899 141.528 19
47.4479 142.171 20
-------------
49 127 12
48.4473 127.187 13
47.8902 127.534 14
46.9274 128.263 15
45.9907 128.809 16
45.2683 128.909 17
44.6736 128.986 18
44.0125 129.381 19
43.2893 130.172 20
42.489 130.884 21
41.7118 131.178 22
40.6727 131.42 23
39.5454 131.869 24
38.4653 132.745 25
37.5421 133.373 26
36.7641 133.475 27
36.0653 133.527 28
35.2884 133.828 29
34.3542 134.463 30
33.3406 135.168 31
32.2869 135.529 32
31.2808 135.749 33
30.1676 136.023 34
28.8916 136.84 35
27.5493 137.788 36
26.2312 138.284 37
25.0393 138.413 38
23.84 138.79 39
22.5962 139.302 40
21.2013 140.01 41
19.8317 140.502 42
18.4356 140.748 43
16.9085 141.161 44
15.4316 141.982 45
14.1802 143.003 46
13.2825 143.595 47
12.4735 143.797 48
11.5109 144.284 49
10.3195 144.999 50
8.9083 145.776 51
7.34677 146.378 52
5.35943 146.863 53
3.35943 147.404 54
-------------
46 139 13
45.5455 139.303 14
44.8951 140.043 15
44.7669 140.205 16
44.5166 140.313 17
44.3488 140.399 18
44.1042 140.689 19
43.6344 141.147 20
-------------
52 139 18
51.0826 139.453 19
50.262 140.142 20
49.4531 140.851 21
48.7807 141.115 22
48.0611 141.395 23
47.3599 141.767 24
46.4544 142.514 25
45.6892 142.896 26
44.2216 143.3 27
42.851 143.531 28
41.4988 144.116 29
40.4414 144.583 30
39.3872 145.077 31
38.2192 145.342 32
37.2851 145.604 33
36.195 146.055 34
34.8301 146.762 35
33.5866 147.314 36
32.26 147.65 37
30.9741 148.045 38
29.7426 148.731 39
28.5578 149.254 40
27.3881 149.67 41
26.145 150.152 42
24.9991 150.656 43
23.5555 151.246 44
22.3482 151.786 45
20.9868 152.525 46
19.6156 152.934 47
18.1568 153.385 48
16.9632 154.047 49
15.6742 154.582 50
14.2383 155.293 51
12.7866 155.963 52
11.0682 156.609 53
-------------
43 136 20
42.2058 136.701 21
41.4703 137.001 22
40.7105 137.28 23
39.9597 137.622 24
39.0173 138.366 25
38.0049 138.924 26
37.4443 139.126 27
36.9827 139.223 28
36.1715 139.528 29
35.2227 139.969 30
34.1953 140.569 31
33.142 140.939 32
32.2026 141.196 33
31.1369 141.569 34
29.8651 142.26 35
28.5145 143.172 36
27.2114 143.685 37
26.073 144.015 38
24.972 144.396 39
23.7824 144.87 40
22.4962 145.438 41
21.2361 145.956 42
20.0419 146.368 43
18.641 146.868 44
17.5187 147.426 45
16.1559 148.302 46
-------------
55 148 20
54.1618 148.665 21
53.4762 148.907 22
52.7221 149.195 23
51.8441 149.9 24
50.5476 150.734 25
48.9341 151.199 26
47.6647 151.429 27
46.4281 151.557 28
45.1855 152.164 29
43.8929 152.85 30
42.8302 153.339 31
41.7244 153.58 32
40.6484 153.947 33
39.4253 154.715 34
37.8537 155.493 35
36.3642 155.946 36
35.0795 156.203 37
33.9215 156.593 38
-------------
43 118 21
42.3533 118.051 22
41.5568 118.226 23
40.4926 118.947 24
39.1962 119.852 25
37.7345 120.322 26
36.662 120.228 27
35.7312 120.366 28
34.8993 121.09 29
34.1768 122.07 30
-------------
43 142 21
42.3571 142.21 22
41.6413 142.476 23
40.9235 142.82 24
40.0122 143.564 25
39.3847 143.903 26
39.0892 144.064 27
38.7341 144.168 28
37.6934 144.676 29
36.7112 145.074 30
35.6949 145.579 31
34.5801 145.852 32
33.6475 146.108 33
32.5809 146.502 34
31.2773 147.194 35
30.1424 147.801 36
-------------
40 145 22
39.338 145.239 23
38.6545 145.555 24
37.7559 146.3 25
37.3234 146.596 26
37.075 146.738 27
36.7275 146.843 28
-------------
55 151 22
54.2778 151.228 23
53.4686 151.874 24
52.1897 152.681 25
50.5798 153.135 26
49.3633 153.315 27
48.1448 153.435 28
46.9375 154.097 29
45.6731 154.775 30
44.6123 155.262 31
43.5282 155.492 32
42.4602 155.856 33
41.2472 156.6 34
-------------
55 133 24
54.0241 133.785 25
52.8014 134.591 26
51.2842 135.042 27
49.9797 135.197 28
48.9255 135.455 29
47.7941 136.168 30
46.9084 136.969 31
45.9333 137.318 32
45.0997 137.562 33
44.1998 138.009 34
-------------
58 133 24
57.0661 133.676 25
55.8452 134.479 26
54.3381 134.931 27
53.0654 135.077 28
52.0316 135.33 29
50.9987 135.994 30
50.1363 136.752 31
49.2473 137.067 32
-------------
52 139 24
50.6535 139.879 25
49.2334 140.53 26
47.7418 140.959 27
46.4051 141.21 28
45.1384 141.876 29
43.8465 142.616 30
42.7592 143.118 31
41.5798 143.382 32
40.4728 143.761 33
39.2217 144.513 34
37.7197 145.31 35
36.3408 145.95 36
35.0227 146.291 37
33.7166 146.681 38
32.3885 147.423 39
31.2001 147.947 40
30.0361 148.407 41
28.7763 148.884 42
27.6314 149.394 43
26.2315 150.093 44
25.0217 150.634 45
23.6496 151.376 46
22.2982 151.798 47
20.8258 152.253 48
19.483 152.95 49
18.1563 153.469 50
16.7205 154.18 51
15.3068 154.853 52
13.7373 155.497 53
11.9568 156.139 54
10.3196 156.426 55
8.4805 157.122 56
-------------
34 145 24
33.2379 145.665 25
33.0676 145.85 26
32.8824 145.947 27
32.5461 146.05 28
32.1625 146.299 29
31.4222 146.563 30
-------------
49 118 25
47.8034 118.541 26
46.7156 118.728 27
45.6504 118.847 28
44.761 119.072 29
43.8733 119.718 30
43.0678 120.501 31
42.3622 120.735 32
41.4649 120.851 33
40.3612 121.144 34
39.057 121.933 35
37.6953 122.799 36
36.3546 123.176 37
-------------
49 121 25
47.7073 121.664 26
46.5297 121.848 27
45.44 121.981 28
44.414 122.271 29
43.4457 123.031 30
42.6124 123.828 31
41.803 124.058 32
40.8753 124.175 33
39.7328 124.511 34
38.4139 125.322 35
36.9913 126.169 36
35.5355 126.538 37
34.2518 126.684 38
33.1324 126.796 39
-------------
37 127 25
35.6121 127.575 26
34.5084 127.506 27
33.5128 127.645 28
32.6891 128.267 29
31.8638 129.222 30
30.9659 129.881 31
30.0568 129.931 32
29.0712 130.015 33
27.9334 130.537 34
26.5624 131.495 35
24.9709 132.249 36
23.4388 132.394 37
22.1267 132.389 38
21.0052 132.908 39
20.0316 133.737 40
18.9978 134.525 41
17.8962 134.819 42
16.7174 134.912 43
15.3851 135.418 44
13.8473 136.454 45
12.157 137.371 46
10.556 137.548 47
9.16779 137.536 48
7.90334 138.132 49
6.72382 139.235 50
5.44249 140.047 51
4.14147 140.287 52
2.71425 140.402 53
1.23333 141.015 54
-------------
34 148 25
33.776 148.199 26
33.5909 148.299 27
33.2533 148.401 28
32.8628 148.682 29
32.0267 149.027 30
31.5016 149.273 31
30.741 149.398 32
29.8126 149.645 33
28.7392 150.006 34
27.2162 150.72 35
-------------
34 139 26
33.5823 139.102 27
33.1455 139.191 28
32.5369 139.438 29
31.7405 139.831 30
30.7433 140.413 31
29.6936 140.784 32
28.7562 141.041 33
27.7473 141.391 34
26.4868 142.069 35
25.2219 142.798 36
24.133 143.17 37
-------------
46 124 27
44.928 124.146 28
43.8804 124.437 29
42.8862 125.262 30
42.0479 126.062 31
41.179 126.264 32
40.2437 126.377 33
39.1001 126.753 34
37.7783 127.623 35
36.2098 128.44 36
34.723 128.765 37
33.3965 128.954 38
-------------
43 133 27
41.8049 133.137 28
40.7818 133.426 29
39.7508 134.158 30
38.7696 134.906 31
37.7649 135.257 32
36.8161 135.491 33
35.7056 135.87 34
34.4736 136.656 35
33.1064 137.591 36
31.6559 138.074 37
30.2895 138.315 38
28.9968 138.688 39
27.806 139.242 40
26.5355 140.091 41
25.2867 140.623 42
24.1292 140.927 43
22.799 141.421 44
21.5541 142.114 45
20.1129 142.983 46
18.6611 143.427 47
17.174 143.681 48
15.8964 144.124 49
14.6282 144.715 50
13.2691 145.547 51
11.8348 146.21 52
10.3362 146.611 53
8.65211 147.177 54
7.02064 147.633 55
4.95932 148.425 56
2.9667 148.993 57
0.70796 149.501 58
-------------
34 136 27
33.4102 136.053 28
32.7232 136.328 29
31.8758 136.858 30
30.889 137.509 31
29.8436 137.88 32
28.8951 138.134 33
27.9162 138.424 34
26.6767 139.186 35
25.3372 140.088 36
24.1104 140.535 37
22.9827 140.678 38
21.9757 140.966 39
20.7934 141.447 40
19.4096 142.144 41
18.0833 142.646 42
16.7056 142.916 43
15.1801 143.33 44
13.7096 144.14 45
12.4786 145.147 46
11.6914 145.686 47
10.9624 145.859 48
10.0748 146.302 49
8.93013 146.956 50
7.50715 147.713 51
5.94621 148.329 52
3.79701 148.887 53
1.79878 149.431 54
0.119988 149.813 55
-------------
40 148 27
39.6447 148.105 28
38.3904 148.702 29
37.2759 149.165 30
36.2807 149.644 31
35.4692 149.808 32
34.5399 150.06 33
33.4632 150.454 34
31.9622 151.174 35
30.87 151.729 36
29.5775 152.018 37
28.3963 152.329 38
27.2773 152.967 39
26.327 153.322 40
25.2117 153.729 41
24.0335 154.205 42
22.8931 154.704 43
21.4639 155.234 44
20.377 155.774 45
19.0691 156.509 46
-------------
37 136 28
36.193 136.263 29
35.2091 136.841 30
34.1872 137.546 31
33.1364 137.919 32
32.1737 138.168 33
31.0674 138.434 34
29.8208 139.221 35
28.4757 140.173 36
27.1933 140.684 37
25.952 140.89 38
24.7195 141.225 39
23.483 141.716 40
22.1007 142.408 41
20.7447 142.912 42
19.3608 143.177 43
17.8407 143.597 44
16.5269 144.3 45
15.266 145.299 46
14.3482 145.861 47
-------------
43 151 28
41.739 151.593 29
40.4467 152.234 30
39.3936 152.724 31
38.5272 152.904 32
37.4643 153.275 33
36.2655 153.993 34
34.6964 154.764 35
33.2068 155.216 36
31.92 155.474 37
30.7532 155.799 38
29.5534 156.441 39
28.4121 156.97 40
-------------
34 151 29
33.1046 151.378 30
32.5704 151.617 31
31.8229 151.738 32
30.8969 151.981 33
29.823 152.342 34
28.2956 153.058 35
27.6703 153.442 36
27.2096 153.552 37
-------------
37 142 30
35.9835 142.527 31
34.9178 142.886 32
33.9821 143.143 33
32.9197 143.533 34
31.6798 144.235 35
30.3612 145.053 36
29.0449 145.522 37
27.8269 145.883 38
26.6227 146.439 39
25.4286 146.938 40
24.2283 147.388 41
22.9755 147.897 42
21.8237 148.346 43
20.4353 148.866 44
19.3344 149.409 45
17.972 150.217 46
16.5936 150.661 47
15.2585 151.131 48
14.1304 151.687 49
12.8548 152.226 50
11.4193 152.938 51
9.96416 153.609 52
7.9418 154.247 53
6.13804 154.872 54
4.49666 155.157 55
2.39105 155.932 56
0.422538 156.569 57
-------------
43 145 30
41.9125 145.484 31
40.7202 145.739 32
39.5958 146.128 33
38.3426 146.896 34
36.7886 147.678 35
35.3648 148.178 36
34.0558 148.501 37
32.8346 148.915 38
31.5524 149.683 39
30.3674 150.208 40
29.2062 150.616 41
27.9544 151.083 42
26.8084 151.591 43
25.3488 152.396 44
24.1376 152.937 45
22.748 153.598 46
21.3819 153.998 47
19.9211 154.447 48
18.588 155.188 49
17.2504 155.7 50
15.8138 156.411 51
14.3651 157.08 52
-------------
46 139 31
44.9789 139.322 32
44.0942 139.605 33
43.0554 140.219 34
41.833 140.957 35
40.6287 141.801 36
39.1641 142.287 37
37.7916 142.563 38
36.4592 142.77 39
35.2554 143.276 40
34.0824 144.098 41
32.829 144.62 42
31.8781 145.029 43
30.8031 145.478 44
29.6162 146.018 45
28.4021 146.878 46
26.9002 147.526 47
25.142 147.862 48
23.6956 148.116 49
22.3302 148.54 50
20.9311 149.333 51
19.558 150.084 52
18.1978 150.548 53
17.0648 150.845 54
-------------
28 145 32
27.1272 145.25 33
26.1011 145.605 34
24.8098 146.189 35
23.7877 146.793 36
23.1628 146.978 37
22.727 147.12 38
21.9712 147.464 39
21.1747 147.745 40
20.0174 148.207 41
18.7714 148.723 42
17.5855 149.147 43
16.1698 149.653 44
15.0791 150.193 45
13.7758 151.009 46
12.8431 151.451 47
12.1052 151.626 48
11.0545 152.132 49
9.95611 152.656 50
8.5228 153.373 51
7.06614 154.045 52
4.91016 154.616 53
2.97473 155.2 54
1.32966 155.485 55
-------------
28 133 33
26.9297 133.446 34
25.5896 134.361 35
24.1455 135.121 36
22.7169 135.357 37
21.4487 135.364 38
20.3994 135.797 39
19.446 136.462 40
18.4049 137.171 41
17.2743 137.542 42
15.9871 137.737 43
14.5874 138.182 44
13.0954 139.068 45
11.6773 140.037 46
-------------
43 139 36
41.5379 139.486 37
40.1711 139.733 38
38.9533 139.852 39
37.7905 140.331 40
36.6831 141.315 41
35.5151 141.897 42
34.5659 142.248 43
33.6228 142.519 44
32.6647 142.939 45
31.4852 143.748 46
29.9765 144.394 47
28.2295 144.703 48
26.8053 144.942 49
25.4909 145.367 50
24.1728 146.264 51
22.8207 147.022 52
21.5745 147.393 53
-------------
43 142 36
41.5378 142.486 37
40.1706 142.75 38
38.9302 142.884 39
37.7264 143.384 40
36.5848 144.152 41
35.4027 144.649 42
34.4607 145.047 43
33.4645 145.451 44
32.4532 145.909 45
-------------
25 151 38
24.238 151.498 39
23.3931 151.8 40
22.2842 152.213 41
21.0967 152.701 42
19.9286 153.131 43
18.5037 153.654 44
17.419 154.193 45
16.1313 154.957 46
-------------
22 127 40
21.3413 127.859 41
20.5094 128.1 42
19.4005 128.162 43
18.1434 128.668 44
16.6015 129.722 45
14.9291 130.509 46
13.4024 130.607 47
12.1845 130.605 48
10.9779 131.216 49
9.83667 132.404 50
8.75951 133.337 51
7.56543 133.499 52
6.26098 133.508 53
4.80444 134.117 54
2.83796 135.145 55
1.20068 135.903 56
0.094491 136.354 57
-------------
31 127 40
30.1978 127.918 41
29.3472 128.4 42
28.3949 128.571 43
27.2035 128.854 44
25.8745 129.475 45
24.4252 130.37 46
23.1401 130.708 47
21.7801 130.821 48
20.501 131.092 49
19.3932 131.596 50
18.1522 132.509 51
16.9762 133.268 52
15.779 133.509 53
14.4895 133.72 54
12.9468 134.236 55
11.4356 135.101 56
9.83304 135.911 57
8.22193 136.425 58
6.97664 136.657 59
5.86202 136.967 60
4.45999 137.841 61
3.13005 138.638 62
2.01226 138.94 63
-------------
31 130 40
30.0923 131.013 41
29.0772 131.567 42
27.9808 131.737 43
26.7091 132.111 44
25.2938 132.863 45
23.7542 133.748 46
22.2422 134.171 47
20.7908 134.296 48
19.4382 134.636 49
18.2084 135.269 50
16.9557 136.19 51
15.7144 136.885 52
14.3923 137.13 53
-------------
34 127 41
33.238 127.566 42
32.3458 127.806 43
31.1947 127.984 44
29.9419 128.47 45
28.5307 129.373 46
27.1895 129.885 47
25.8059 130.048 48
24.6172 130.244 49
23.5552 130.687 50
-------------
19 130 41
18.1486 130.224 42
17.0446 130.292 43
15.7479 130.805 44
14.2047 131.859 45
12.4888 132.689 46
10.8514 132.809 47
9.46944 132.748 48
8.21052 133.354 49
7.06598 134.538 50
5.94098 135.41 51
4.71703 135.587 52
3.3541 135.668 53
1.91861 136.285 54
-0.0401129 137.301 55
-------------
19 145 41
17.7491 145.515 42
16.5417 145.926 43
15.1229 146.414 44
13.9302 147.102 45
12.6646 148.037 46
11.8022 148.577 47
11.0806 148.752 48
10.0878 149.204 49
8.97435 149.788 50
7.54706 150.535 51
6.08463 151.208 52
3.92882 151.774 53
1.97916 152.353 54
0.323712 152.638 55
-------------
22 130 44
20.4517 131.051 45
18.7619 131.87 46
17.2586 132.014 47
16.0315 132.033 48
14.7758 132.643 49
13.5797 133.802 50
12.3491 134.747 51
11.1028 135.026 52
9.68904 135.147 53
8.0426 135.802 54
6.03159 136.831 55
4.00412 137.684 56
2.50585 138.104 57
0.654453 138.635 58
-------------
13 151 44
12.0051 151.524 45
10.7695 152.314 46
9.88724 152.714 47
9.19007 152.827 48
8.31713 153.238 49
7.41249 153.715 50
5.98463 154.434 51
4.52533 155.103 52
2.36855 155.673 53
0.423197 156.257 54
-------------
7 148 47
6.30291 148.112 48
5.50536 148.495 49
4.57223 149.068 50
3.17576 149.811 51
1.71741 150.47 52
-0.438819 151.035 53
-------------
13 136 54
11.4096 136.549 55
9.8583 137.41 56
8.16852 138.175 57
6.36305 138.676 58
4.78465 138.891 59
3.58581 139.233 60
2.13727 140.11 61
0.804164 140.907 62
-0.325879 141.208 63
-------------
