43 136 35
41.6874 136.929 36
40.2262 137.407 37
38.8635 137.637 38
37.6495 137.756 39
36.4967 138.248 40
35.3925 139.261 41
34.2062 139.848 42
33.1962 140.101 43
32.0108 140.347 44
30.8476 140.87 45
29.53 141.798 46
27.9962 142.415 47
26.2545 142.71 48
24.8292 142.95 49
23.5038 143.401 50
22.1859 144.302 51
20.8301 145.053 52
19.5294 145.378 53
18.269 145.52 54
16.9234 145.801 55
15.4811 146.613 56
13.6808 147.437 57
11.4638 147.937 58
9.72995 148.076 59
8.16484 148.291 60
6.63192 149.131 61
5.25239 149.903 62
4.11021 150.205 63
2.84281 150.368 64
1.72381 150.378 65
1.68844 150.366 66
1.69662 150.375 67
1.70227 150.384 68
1.70386 150.389 69
1.70133 150.398 70
1.7013 150.417 71
1.6979 150.41 72
1.6942 150.399 73
1.69629 150.376 74
1.69164 150.373 75
1.69283 150.373 76
1.69353 150.386 77
1.69011 150.387 78
1.68594 150.395 79
1.67794 150.395 80
1.67243 150.407 81
1.67643 150.409 82
1.67455 150.406 83
1.67178 150.406 84
1.67155 150.409 85
1.67033 150.41 86
1.67096 150.4 87
1.67226 150.4 88
1.67066 150.406 89
1.6654 150.404 90
1.65822 150.411 91
1.6516 150.407 92
1.64876 150.411 93
1.64767 150.408 94
1.63743 150.419 95
1.63974 150.429 96
1.63673 150.435 97
1.62731 150.438 98
1.62373 150.441 99
1.62047 150.437 100
1.61591 150.444 101
1.60787 150.442 102
1.60595 150.448 103
1.60245 150.453 104
1.60449 150.464 105
1.60151 150.465 106
1.5974 150.496 107
1.57816 150.508 108
1.55382 150.546 109
1.54005 150.532 110
1.53229 150.551 111
1.52332 150.563 112
1.50095 150.59 113
1.47179 150.578 114
1.4282 150.602 115
-------------
16 151 55
14.5244 151.783 56
12.781 152.728 57
10.4856 153.264 58
8.56925 153.379 59
6.97201 153.583 60
5.27123 154.336 61
3.88959 155.11 62
2.7471 155.414 63
1.48063 155.578 64
0.362244 155.588 65
0.320588 155.575 66
0.326316 155.584 67
0.332253 155.594 68
0.334569 155.599 69
0.332028 155.607 70
0.333435 155.624 71
0.332534 155.621 72
0.32781 155.609 73
0.327803 155.587 74
0.325233 155.584 75
0.327312 155.585 76
0.326822 155.598 77
0.322802 155.599 78
0.318643 155.604 79
0.310455 155.604 80
0.30464 155.615 81
0.309358 155.617 82
0.309584 155.614 83
0.307221 155.617 84
0.307358 155.619 85
0.305786 155.619 86
0.307466 155.609 87
0.309245 155.607 88
0.307872 155.614 89
0.301231 155.608 90
0.294923 155.618 91
0.289267 155.614 92
0.287497 155.617 93
0.285184 155.615 94
0.274763 155.626 95
0.276602 155.634 96
0.274267 155.64 97
0.264641 155.642 98
0.261421 155.646 99
0.256863 155.639 100
0.252361 155.644 101
0.244442 155.644 102
0.242163 155.649 103
0.237358 155.654 104
0.23949 155.663 105
0.235917 155.665 106
0.232702 155.694 107
0.214267 155.705 108
0.189518 155.741 109
0.176424 155.726 110
0.167529 155.743 111
0.158915 155.753 112
0.137282 155.78 113
0.109605 155.766 114
0.0656775 155.79 115
0.0591036 155.801 116
0.0174039 155.82 117
-0.0705422 155.826 118
-0.386607 155.909 119
-------------
