193 73 109
192.694 73.3672 110
192.298 73.5997 111
192.006 73.613 112
191.696 73.6414 113
191.524 73.8619 114
191.412 74.1986 115
191.316 74.4402 116
191.202 74.526 117
190.931 74.537 118
190.751 74.679 119
190.411 75.0932 120
189.96 75.42 121
189.617 75.4179 122
189.326 75.3897 123
189.083 75.6256 124
188.932 76.0206 125
188.798 76.3703 126
188.704 76.4906 127
188.494 76.5187 128
188.23 76.6715 129
187.853 77.048 130
187.348 77.4087 131
186.865 77.4618 132
186.522 77.4717 133
186.239 77.6586 134
185.998 78.0502 135
185.806 78.4184 136
185.7 78.616 137
185.493 78.6838 138
185.22 78.8262 139
184.835 79.1916 140
184.374 79.611 141
183.871 79.7711 142
183.535 79.817 143
183.269 79.985 144
183.091 80.3723 145
182.978 80.829 146
182.943 81.0575 147
182.817 81.1032 148
182.63 81.206 149
182.318 81.5949 150
181.852 82.087 151
181.394 82.314 152
181.072 82.3488 153
180.791 82.5412 154
180.589 82.9738 155
180.411 83.424 156
180.316 83.7294 157
180.15 83.8279 158
179.857 83.9452 159
179.46 84.2964 160
178.927 84.8214 161
178.357 85.0542 162
177.943 85.0846 163
177.574 85.2623 164
177.265 85.6231 165
176.985 86.0899 166
176.781 86.3764 167
176.588 86.4799 168
-------------
190 70 118
189.912 70.1418 119
189.596 70.5137 120
189.166 70.8285 121
188.823 70.8291 122
188.534 70.8013 123
188.292 71.0391 124
188.14 71.4381 125
188.028 71.7796 126
187.934 71.9051 127
187.737 71.9268 128
187.478 72.085 129
187.098 72.457 130
186.592 72.8155 131
186.108 72.8679 132
185.768 72.8769 133
185.486 73.0623 134
185.243 73.4473 135
185.054 73.807 136
184.983 73.9725 137
184.805 74.0117 138
184.538 74.1513 139
184.136 74.503 140
183.663 74.9089 141
183.156 75.0587 142
182.819 75.1021 143
182.555 75.2688 144
182.371 75.6372 145
182.25 76.0785 146
182.217 76.2852 147
182.143 76.3126 148
181.958 76.4123 149
181.595 76.7372 150
181.102 77.1886 151
180.644 77.4092 152
180.342 77.4529 153
180.082 77.6287 154
179.872 78.0231 155
179.685 78.439 156
-------------
193 73 118
192.832 73.1512 119
192.513 73.5825 120
192.115 73.9146 121
191.774 73.9084 122
191.486 73.8813 123
191.245 74.1192 124
191.097 74.5178 125
191.008 74.8707 126
190.938 75.0001 127
190.738 75.0248 128
190.479 75.1823 129
190.103 75.5595 130
189.599 75.9207 131
189.117 75.9731 132
188.783 75.9948 133
188.501 76.1816 134
188.262 76.5699 135
188.071 76.9347 136
187.989 77.1264 137
187.81 77.179 138
187.563 77.3205 139
187.179 77.6795 140
186.716 78.093 141
186.225 78.2339 142
185.896 78.2801 143
185.636 78.4425 144
185.461 78.7966 145
185.346 79.242 146
185.309 79.435 147
185.214 79.477 148
185.03 79.5784 149
184.733 79.9144 150
-------------
187 73 120
186.551 73.3253 121
186.209 73.3269 122
185.92 73.2998 123
185.682 73.5232 124
185.541 73.9203 125
185.417 74.2665 126
185.324 74.3654 127
185.149 74.3739 128
184.901 74.523 129
184.522 74.8944 130
184.016 75.2538 131
183.532 75.3086 132
183.19 75.3177 133
182.906 75.5036 134
182.665 75.8924 135
182.477 76.2602 136
182.362 76.4294 137
182.178 76.4768 138
181.91 76.62 139
181.516 76.9799 140
181.048 77.3928 141
180.539 77.5468 142
180.201 77.5911 143
179.932 77.7586 144
179.751 78.1416 145
179.637 78.592 146
179.604 78.8122 147
179.481 78.8574 148
179.294 78.9583 149
178.953 79.3252 150
178.474 79.8032 151
178.013 80.029 152
177.691 80.0644 153
177.407 80.2548 154
177.196 80.6746 155
177.02 81.1245 156
176.959 81.4026 157
176.818 81.4886 158
176.525 81.6026 159
176.121 81.9498 160
175.58 82.4713 161
175.007 82.7077 162
174.59 82.7362 163
174.21 82.9068 164
173.892 83.2652 165
173.614 83.728 166
173.434 84.0174 167
173.198 84.1141 168
172.849 84.1972 169
172.402 84.5102 170
171.787 85.0137 171
171.09 85.3166 172
170.559 85.4094 173
170.124 85.5445 174
169.701 85.9926 175
169.331 86.5484 176
169.057 86.9262 177
168.734 87.0429 178
168.272 87.1733 179
167.686 87.5187 180
166.916 88.1149 181
165.993 88.5245 182
165.261 88.6461 183
164.748 88.768 184
164.258 89.2137 185
163.822 89.7245 186
163.528 90.0728 187
163.256 90.1593 188
162.842 90.2325 189
162.34 90.5151 190
161.626 91.0303 191
-------------
187 76 120
186.547 76.3234 121
186.205 76.3242 122
185.915 76.2969 123
185.683 76.5165 124
185.542 76.8796 125
185.403 77.2199 126
185.304 77.3291 127
185.095 77.3583 128
184.835 77.4991 129
184.455 77.8697 130
183.949 78.2223 131
183.467 78.2769 132
183.127 78.286 133
182.844 78.4704 134
182.607 78.8588 135
182.415 79.228 136
182.257 79.3878 137
182.04 79.4541 138
181.766 79.5961 139
181.38 79.959 140
180.914 80.3737 141
180.407 80.5327 142
180.071 80.5802 143
179.803 80.7439 144
179.626 81.1322 145
179.514 81.5908 146
179.475 81.8181 147
179.331 81.8739 148
179.145 81.9753 149
178.821 82.3663 150
178.351 82.8595 151
177.891 83.0879 152
177.57 83.1234 153
177.285 83.3152 154
177.082 83.7503 155
176.906 84.2029 156
176.784 84.5282 157
176.594 84.6407 158
176.299 84.757 159
175.9 85.1128 160
175.363 85.6389 161
174.787 85.8772 162
174.37 85.9055 163
173.982 86.0758 164
173.664 86.4611 165
173.383 86.9311 166
173.17 87.2372 167
172.901 87.3373 168
172.543 87.4187 169
172.1 87.7442 170
171.489 88.2548 171
170.785 88.5608 172
170.244 88.6495 173
169.795 88.7835 174
169.372 89.2365 175
169.005 89.7984 176
168.688 90.1966 177
168.316 90.3153 178
167.83 90.4373 179
167.246 90.7869 180
166.477 91.3868 181
165.53 91.8101 182
164.794 91.9313 183
164.259 92.0378 184
163.765 92.5061 185
163.326 93.045 186
162.979 93.4536 187
162.649 93.5703 188
162.202 93.6351 189
161.674 93.9584 190
160.949 94.5081 191
160.026 94.9702 192
159.356 95.0493 193
158.847 95.1533 194
158.401 95.5405 195
158.018 96.1523 196
157.73 96.5813 197
157.501 96.6781 198
157.152 96.7647 199
-------------
187 79 120
186.542 79.3082 121
186.201 79.3094 122
185.91 79.2811 123
185.682 79.4879 124
185.537 79.8251 125
185.366 80.1462 126
185.261 80.2551 127
185.04 80.3148 128
184.78 80.448 129
184.413 80.8189 130
183.902 81.1672 131
183.423 81.2205 132
183.083 81.2284 133
182.804 81.406 134
182.582 81.7897 135
182.384 82.1592 136
182.214 82.322 137
181.979 82.423 138
181.705 82.5643 139
181.334 82.9321 140
180.876 83.3511 141
180.371 83.5113 142
180.039 83.5603 143
179.775 83.7124 144
179.601 84.1014 145
179.488 84.5595 146
179.446 84.7864 147
179.291 84.8559 148
179.107 84.9582 149
178.795 85.3563 150
178.331 85.8552 151
177.872 86.083 152
177.552 86.1188 153
177.266 86.3092 154
177.067 86.7454 155
176.89 87.1965 156
176.735 87.513 157
176.535 87.6358 158
176.24 87.7533 159
175.843 88.1107 160
175.316 88.6374 161
174.739 88.8777 162
174.323 88.9068 163
173.931 89.0746 164
173.618 89.4691 165
173.336 89.9408 166
173.092 90.2579 167
172.8 90.3771 168
172.439 90.4697 169
172.004 90.8048 170
171.402 91.3257 171
170.698 91.6415 172
170.157 91.7301 173
169.708 91.8641 174
169.29 92.3247 175
168.923 92.8883 176
168.583 93.3001 177
168.195 93.4271 178
167.701 93.5497 179
167.122 93.9027 180
166.36 94.509 181
165.416 94.9503 182
164.683 95.0763 183
164.147 95.1796 184
163.654 95.6501 185
163.216 96.1908 186
162.839 96.6158 187
162.479 96.7566 188
162.023 96.8223 189
161.499 97.1504 190
160.778 97.7062 191
159.863 98.1903 192
159.195 98.2735 193
158.67 98.3754 194
158.215 98.7987 195
157.831 99.4113 196
157.504 99.8692 197
157.17 99.9977 198
156.755 100.084 199
-------------
190 79 120
189.551 79.3268 121
189.209 79.3255 122
188.917 79.2967 123
188.676 79.5293 124
188.512 79.8862 125
188.362 80.2336 126
188.265 80.3482 127
188.053 80.4098 128
187.79 80.5603 129
187.417 80.9383 130
186.912 81.2979 131
186.431 81.3514 132
186.089 81.3613 133
185.801 81.5443 134
185.557 81.9345 135
185.355 82.3036 136
185.192 82.4738 137
184.975 82.5609 138
184.702 82.7031 139
184.323 83.0711 140
183.864 83.4912 141
183.361 83.6533 142
183.027 83.7018 143
182.756 83.86 144
182.577 84.2482 145
182.462 84.7049 146
182.422 84.9324 147
182.275 85.0057 148
182.088 85.1089 149
181.778 85.5063 150
181.325 86.0093 151
180.867 86.2379 152
180.547 86.274 153
180.262 86.4658 154
180.06 86.9022 155
179.88 87.3524 156
179.744 87.6763 157
179.557 87.7976 158
179.263 87.9165 159
178.868 88.2742 160
178.342 88.8013 161
177.767 89.0421 162
177.351 89.0727 163
176.967 89.2527 164
176.653 89.6468 165
176.37 90.1181 166
176.132 90.4313 167
175.857 90.5562 168
175.51 90.659 169
175.083 90.9901 170
174.482 91.5097 171
173.778 91.8242 172
173.239 91.9117 173
172.793 92.0484 174
172.374 92.5038 175
172.007 93.0648 176
171.668 93.4646 177
171.304 93.5944 178
170.841 93.7124 179
170.272 94.0521 180
169.513 94.653 181
168.572 95.0835 182
167.842 95.2066 183
167.328 95.3081 184
166.836 95.7617 185
166.401 96.2893 186
166.027 96.6867 187
165.705 96.8151 188
-------------
190 85 121
189.757 85.0189 122
189.513 84.9986 123
189.242 85.1075 124
189.07 85.1676 125
188.863 85.247 126
188.771 85.3242 127
188.637 85.384 128
188.401 85.4694 129
188.144 85.5695 130
187.7 85.848 131
187.27 85.9085 132
186.934 85.9257 133
186.609 86.0377 134
186.292 86.1585 135
185.997 86.2399 136
185.818 86.3788 137
185.757 86.4649 138
185.498 86.5965 139
185.202 86.75 140
184.777 87.1099 141
184.281 87.2734 142
183.951 87.3252 143
183.672 87.4401 144
-------------
193 76 122
192.71 75.9699 123
192.475 76.2007 124
192.326 76.5884 125
192.212 76.9135 126
192.135 77.0266 127
191.932 77.0589 128
191.672 77.2131 129
191.299 77.5885 130
190.796 77.9495 131
190.314 78.0032 132
189.985 78.0289 133
189.702 78.2151 134
189.461 78.6037 135
189.267 78.9629 136
189.167 79.1503 137
188.988 79.2112 138
188.749 79.3474 139
188.371 79.7081 140
187.911 80.1237 141
187.436 80.264 142
187.111 80.3071 143
186.853 80.4738 144
186.683 80.7975 145
-------------
187 82 139
186.622 82.3648 140
186.163 82.7838 141
185.664 82.9476 142
185.329 82.995 143
185.064 83.159 144
184.882 83.54 145
184.766 83.9806 146
184.727 84.2021 147
184.609 84.2711 148
184.423 84.3741 149
184.12 84.7693 150
183.666 85.2599 151
183.21 85.4884 152
182.89 85.5243 153
182.609 85.714 154
182.409 86.1397 155
182.227 86.5815 156
182.093 86.9034 157
181.932 87.0038 158
181.642 87.1225 159
181.252 87.466 160
180.73 87.9766 161
180.182 88.187 162
179.769 88.2184 163
-------------
181 85 140
180.546 85.4171 141
180.043 85.5789 142
179.714 85.6308 143
179.454 85.7761 144
179.286 86.159 145
179.17 86.611 146
179.117 86.84 147
178.964 86.9199 148
178.783 87.0225 149
178.475 87.4211 150
178.026 87.9288 151
177.569 88.157 152
177.249 88.1929 153
176.964 88.3823 154
176.766 88.8198 155
176.588 89.2704 156
176.422 89.5879 157
176.22 89.7259 158
175.927 89.8434 159
175.536 90.2061 160
175.013 90.7331 161
174.437 90.9739 162
174.021 91.0025 163
173.628 91.1665 164
173.314 91.5631 165
173.032 92.0327 166
172.775 92.3541 167
172.481 92.4836 168
172.119 92.577 169
171.69 92.9159 170
171.091 93.4392 171
170.386 93.755 172
169.845 93.8403 173
169.393 93.9617 174
168.975 94.423 175
168.609 94.986 176
168.25 95.392 177
167.849 95.5209 178
167.349 95.654 179
166.771 96.0076 180
166.018 96.6179 181
165.074 97.0593 182
164.341 97.1854 183
163.797 97.2742 184
163.304 97.7444 185
162.866 98.2851 186
162.469 98.7072 187
162.093 98.8488 188
161.636 98.9173 189
161.115 99.2458 190
160.398 99.8029 191
159.484 100.29 192
158.818 100.376 193
158.291 100.477 194
157.837 100.902 195
157.452 101.513 196
157.103 101.974 197
156.74 102.118 198
156.314 102.204 199
-------------
181 91 142
180.737 91.0611 143
180.514 91.1708 144
180.363 91.2604 145
180.237 91.3522 146
180.099 91.4398 147
179.964 91.5108 148
179.798 91.5963 149
179.636 91.6991 150
179.321 92.0173 151
178.878 92.2449 152
178.561 92.2846 153
178.252 92.4381 154
-------------
175 91 143
174.859 91.0693 144
174.86 91.0808 145
174.832 91.1041 146
174.709 91.1834 147
174.524 91.259 148
174.359 91.345 149
174.319 91.3751 150
173.999 91.5957 151
173.547 91.812 152
173.235 91.8506 153
-------------
181 88 150
180.556 88.5079 151
180.099 88.7371 152
179.778 88.7735 153
179.48 88.9561 154
179.28 89.3935 155
179.098 89.8434 156
178.935 90.1589 157
178.748 90.2953 158
178.455 90.4135 159
178.062 90.7745 160
177.54 91.3005 161
176.965 91.5424 162
176.547 91.5719 163
176.143 91.7343 164
175.828 92.13 165
175.545 92.6007 166
175.292 92.9147 167
175.007 93.0466 168
174.649 93.1445 169
174.221 93.4819 170
173.624 94.0041 171
172.92 94.3196 172
172.378 94.4061 173
171.93 94.5361 174
171.508 94.9958 175
171.143 95.5555 176
170.788 95.9494 177
170.412 96.0834 178
169.919 96.2159 179
169.346 96.5669 180
168.608 97.1753 181
167.664 97.6149 182
166.932 97.7411 183
166.396 97.8273 184
165.903 98.2963 185
165.467 98.8353 186
165.075 99.2494 187
164.733 99.3942 188
164.331 99.4517 189
163.815 99.7744 190
163.115 100.322 191
162.204 100.801 192
161.54 100.886 193
161.025 100.988 194
160.572 101.413 195
160.185 101.99 196
159.847 102.429 197
159.529 102.558 198
-------------
175 94 151
174.554 94.2048 152
174.266 94.247 153
174.002 94.3819 154
173.969 94.4176 155
173.826 94.5412 156
173.551 94.705 157
173.243 94.8569 158
172.956 94.9669 159
172.761 95.0465 160
172.362 95.3559 161
171.788 95.5939 162
171.383 95.6285 163
171.026 95.7681 164
-------------
175 97 158
174.717 97.1091 159
174.515 97.1783 160
174.153 97.4395 161
173.598 97.675 162
173.217 97.7166 163
172.868 97.858 164
172.639 97.9551 165
172.371 98.0764 166
171.969 98.266 167
-------------
172 88 160
171.473 88.4859 161
170.898 88.728 162
170.483 88.7573 163
170.097 88.9239 164
169.805 89.3029 165
169.528 89.7714 166
169.283 90.0814 167
169.001 90.1824 168
168.642 90.2699 169
168.211 90.5966 170
167.604 91.1062 171
166.898 91.4218 172
166.356 91.5107 173
165.905 91.6366 174
165.49 92.092 175
165.125 92.6543 176
164.765 93.0564 177
164.365 93.174 178
163.872 93.3054 179
163.292 93.659 180
162.525 94.2611 181
161.58 94.7031 182
160.846 94.8283 183
160.304 94.923 184
159.81 95.3926 185
159.371 95.9326 186
158.975 96.346 187
158.606 96.4675 188
158.148 96.5298 189
157.622 96.8568 190
156.898 97.4115 191
155.981 97.8998 192
155.309 97.9834 193
154.774 98.0687 194
154.319 98.4906 195
153.936 99.1038 196
153.605 99.5592 197
153.244 99.6858 198
152.814 99.7715 199
-------------
172 91 160
171.481 91.5075 161
170.905 91.7479 162
170.491 91.7765 163
170.105 91.933 164
169.849 92.3086 165
169.57 92.7634 166
169.308 93.081 167
169.012 93.2173 168
168.65 93.3101 169
168.228 93.6418 170
167.635 94.1556 171
166.929 94.4711 172
166.387 94.5562 173
165.938 94.6743 174
165.541 95.1312 175
165.176 95.6924 176
164.802 96.0944 177
164.391 96.2185 178
163.89 96.3534 179
163.313 96.7073 180
162.56 97.3164 181
161.615 97.7574 182
160.883 97.8828 183
160.347 97.9421 184
159.855 98.4108 185
159.417 98.9503 186
158.985 99.356 187
158.603 99.4857 188
158.143 99.5518 189
157.623 99.8811 190
156.904 100.44 191
155.988 100.931 192
155.32 101.017 193
154.782 101.097 194
154.328 101.521 195
153.946 102.133 196
153.583 102.587 197
153.209 102.732 198
152.773 102.82 199
-------------
172 85 161
171.424 85.2404 162
171.008 85.2689 163
170.62 85.4366 164
170.305 85.8005 165
170.028 86.2697 166
169.838 86.5665 167
169.57 86.6672 168
169.212 86.7499 169
168.774 87.0793 170
168.165 87.5891 171
167.46 87.9005 172
166.919 87.9904 173
166.467 88.1227 174
166.043 88.5712 175
165.677 89.1334 176
165.368 89.5206 177
164.991 89.6311 178
164.509 89.7584 179
163.925 90.1099 180
163.156 90.7093 181
162.212 91.1397 182
161.474 91.2609 183
160.934 91.3602 184
160.439 91.8275 185
159.999 92.3653 186
159.655 92.7561 187
159.313 92.8617 188
158.856 92.9236 189
158.327 93.246 190
157.598 93.794 191
156.674 94.25 192
156.001 94.3311 193
155.472 94.422 194
155.025 94.8071 195
154.643 95.4192 196
154.354 95.8394 197
154.102 95.9366 198
153.689 96.0219 199
-------------
172 100 162
171.759 100.032 163
171.505 100.147 164
171.312 100.202 165
171.062 100.293 166
170.657 100.468 167
170.218 100.659 168
169.864 100.759 169
169.617 100.826 170
169.192 101.023 171
168.503 101.335 172
167.977 101.424 173
167.538 101.534 174
-------------
166 100 168
165.645 100.098 169
165.406 100.161 170
165.046 100.306 171
164.35 100.613 172
163.877 100.685 173
163.447 100.791 174
163.268 100.925 175
162.955 101.105 176
162.514 101.395 177
162.005 101.588 178
161.458 101.758 179
161.005 101.888 180
-------------
172 100 169
171.752 100.067 170
171.275 100.335 171
170.576 100.651 172
170.037 100.736 173
169.583 100.841 174
169.019 101.028 175
168.61 101.23 176
168.174 101.496 177
-------------
163 103 174
162.808 103.123 175
162.499 103.271 176
162.083 103.501 177
161.564 103.7 178
161.007 103.884 179
160.557 104.012 180
160.095 104.231 181
159.145 104.652 182
158.537 104.798 183
158.12 104.846 184
157.873 104.989 185
157.558 105.126 186
157.047 105.418 187
156.527 105.623 188
156.075 105.706 189
155.674 105.84 190
-------------
169 97 175
168.63 97.5565 176
168.246 97.9472 177
167.845 98.0799 178
167.349 98.2212 179
166.772 98.575 180
166.041 99.1845 181
165.097 99.6266 182
164.363 99.7539 183
163.807 99.8056 184
163.306 100.272 185
162.868 100.812 186
162.432 101.222 187
162.055 101.366 188
161.6 101.436 189
161.084 101.767 190
160.377 102.331 191
159.463 102.823 192
158.797 102.911 193
158.238 103.004 194
157.778 103.433 195
157.392 104.041 196
157.024 104.492 197
156.656 104.638 198
156.24 104.74 199
-------------
166 103 175
165.669 103.145 176
165.221 103.379 177
164.701 103.579 178
164.167 103.746 179
163.699 103.874 180
163.193 104.148 181
162.255 104.587 182
161.609 104.753 183
161.12 104.813 184
-------------
163 100 181
162.056 100.442 182
161.325 100.568 183
160.803 100.609 184
160.316 101.076 185
159.882 101.614 186
159.441 102.025 187
159.055 102.171 188
158.601 102.246 189
158.089 102.578 190
157.385 103.146 191
156.471 103.639 192
155.804 103.727 193
155.247 103.794 194
154.794 104.217 195
154.409 104.828 196
154.029 105.276 197
153.655 105.425 198
153.221 105.517 199
-------------
157 109 182
156.838 109.03 183
156.528 109.069 184
156.371 109.13 185
156.215 109.144 186
155.769 109.323 187
155.206 109.542 188
154.769 109.647 189
154.378 109.778 190
153.921 109.929 191
153.021 110.358 192
152.386 110.468 193
151.956 110.56 194
151.662 110.692 195
151.305 110.868 196
150.834 111.073 197
150.34 111.288 198
149.88 111.397 199
-------------
160 109 183
159.722 109.045 184
159.501 109.13 185
159.222 109.178 186
158.769 109.353 187
158.207 109.572 188
157.775 109.676 189
157.384 109.808 190
156.902 109.972 191
156.036 110.418 192
155.395 110.523 193
154.978 110.632 194
-------------
154 97 186
153.607 97.3331 187
153.266 97.4074 188
152.909 97.4276 189
152.56 97.561 190
151.97 97.9426 191
151.069 98.4278 192
150.401 98.5164 193
149.867 98.5971 194
149.445 98.9368 195
149.177 99.4119 196
148.914 99.7324 197
148.558 99.8501 198
148.159 99.9205 199
-------------
154 100 186
153.587 100.338 187
153.214 100.452 188
152.811 100.503 189
152.395 100.664 190
151.827 101.005 191
150.911 101.494 192
150.244 101.583 193
149.711 101.662 194
149.29 102.03 195
148.988 102.542 196
148.64 102.948 197
148.266 103.093 198
147.845 103.17 199
-------------
154 103 186
153.577 103.31 187
153.175 103.457 188
152.763 103.533 189
152.372 103.663 190
151.877 103.892 191
150.962 104.382 192
150.299 104.471 193
149.768 104.548 194
-------------
193 73 109
192.694 73.3672 110
192.298 73.5997 111
192.006 73.613 112
191.696 73.6414 113
191.524 73.8619 114
191.412 74.1986 115
191.316 74.4402 116
191.202 74.526 117
190.931 74.537 118
190.751 74.679 119
190.411 75.0932 120
189.96 75.42 121
189.617 75.4179 122
189.326 75.3897 123
189.083 75.6256 124
188.932 76.0206 125
188.798 76.3703 126
188.704 76.4906 127
188.494 76.5187 128
188.23 76.6715 129
187.853 77.048 130
187.348 77.4087 131
186.865 77.4618 132
186.522 77.4717 133
186.239 77.6586 134
185.998 78.0502 135
185.806 78.4184 136
185.7 78.616 137
185.493 78.6838 138
185.22 78.8262 139
184.835 79.1916 140
184.374 79.611 141
183.871 79.7711 142
183.535 79.817 143
183.269 79.985 144
183.091 80.3723 145
182.978 80.829 146
182.943 81.0575 147
182.817 81.1032 148
182.63 81.206 149
182.318 81.5949 150
181.852 82.087 151
181.394 82.314 152
181.072 82.3488 153
180.791 82.5412 154
180.589 82.9738 155
180.411 83.424 156
180.316 83.7294 157
180.15 83.8279 158
179.857 83.9452 159
179.46 84.2964 160
178.927 84.8214 161
178.357 85.0542 162
177.943 85.0846 163
177.574 85.2623 164
177.265 85.6231 165
176.985 86.0899 166
176.781 86.3764 167
176.588 86.4799 168
-------------
190 70 118
189.912 70.1418 119
189.596 70.5137 120
189.166 70.8285 121
188.823 70.8291 122
188.534 70.8013 123
188.292 71.0391 124
188.14 71.4381 125
188.028 71.7796 126
187.934 71.9051 127
187.737 71.9268 128
187.478 72.085 129
187.098 72.457 130
186.592 72.8155 131
186.108 72.8679 132
185.768 72.8769 133
185.486 73.0623 134
185.243 73.4473 135
185.054 73.807 136
184.983 73.9725 137
184.805 74.0117 138
184.538 74.1513 139
184.136 74.503 140
183.663 74.9089 141
183.156 75.0587 142
182.819 75.1021 143
182.555 75.2688 144
182.371 75.6372 145
182.25 76.0785 146
182.217 76.2852 147
182.143 76.3126 148
181.958 76.4123 149
181.595 76.7372 150
181.102 77.1886 151
180.644 77.4092 152
180.342 77.4529 153
180.082 77.6287 154
179.872 78.0231 155
179.685 78.439 156
-------------
193 73 118
192.832 73.1512 119
192.513 73.5825 120
192.115 73.9146 121
191.774 73.9084 122
191.486 73.8813 123
191.245 74.1192 124
191.097 74.5178 125
191.008 74.8707 126
190.938 75.0001 127
190.738 75.0248 128
190.479 75.1823 129
190.103 75.5595 130
189.599 75.9207 131
189.117 75.9731 132
188.783 75.9948 133
188.501 76.1816 134
188.262 76.5699 135
188.071 76.9347 136
187.989 77.1264 137
187.81 77.179 138
187.563 77.3205 139
187.179 77.6795 140
186.716 78.093 141
186.225 78.2339 142
185.896 78.2801 143
185.636 78.4425 144
185.461 78.7966 145
185.346 79.242 146
185.309 79.435 147
185.214 79.477 148
185.03 79.5784 149
184.733 79.9144 150
-------------
187 73 120
186.551 73.3253 121
186.209 73.3269 122
185.92 73.2998 123
185.682 73.5232 124
185.541 73.9203 125
185.417 74.2665 126
185.324 74.3654 127
185.149 74.3739 128
184.901 74.523 129
184.522 74.8944 130
184.016 75.2538 131
183.532 75.3086 132
183.19 75.3177 133
182.906 75.5036 134
182.665 75.8924 135
182.477 76.2602 136
182.362 76.4294 137
182.178 76.4768 138
181.91 76.62 139
181.516 76.9799 140
181.048 77.3928 141
180.539 77.5468 142
180.201 77.5911 143
179.932 77.7586 144
179.751 78.1416 145
179.637 78.592 146
179.604 78.8122 147
179.481 78.8574 148
179.294 78.9583 149
178.953 79.3252 150
178.474 79.8032 151
178.013 80.029 152
177.691 80.0644 153
177.407 80.2548 154
177.196 80.6746 155
177.02 81.1245 156
176.959 81.4026 157
176.818 81.4886 158
176.525 81.6026 159
176.121 81.9498 160
175.58 82.4713 161
175.007 82.7077 162
174.59 82.7362 163
174.21 82.9068 164
173.892 83.2652 165
173.614 83.728 166
173.434 84.0174 167
173.198 84.1141 168
172.849 84.1972 169
172.402 84.5102 170
171.787 85.0137 171
171.09 85.3166 172
170.559 85.4094 173
170.124 85.5445 174
169.701 85.9926 175
169.331 86.5484 176
169.057 86.9262 177
168.734 87.0429 178
168.272 87.1733 179
167.686 87.5187 180
166.916 88.1149 181
165.993 88.5245 182
165.261 88.6461 183
164.748 88.768 184
164.258 89.2137 185
163.822 89.7245 186
163.528 90.0728 187
163.256 90.1593 188
162.842 90.2325 189
162.34 90.5151 190
161.626 91.0303 191
-------------
187 76 120
186.547 76.3234 121
186.205 76.3242 122
185.915 76.2969 123
185.683 76.5165 124
185.542 76.8796 125
185.403 77.2199 126
185.304 77.3291 127
185.095 77.3583 128
184.835 77.4991 129
184.455 77.8697 130
183.949 78.2223 131
183.467 78.2769 132
183.127 78.286 133
182.844 78.4704 134
182.607 78.8588 135
182.415 79.228 136
182.257 79.3878 137
182.04 79.4541 138
181.766 79.5961 139
181.38 79.959 140
180.914 80.3737 141
180.407 80.5327 142
180.071 80.5802 143
179.803 80.7439 144
179.626 81.1322 145
179.514 81.5908 146
179.475 81.8181 147
179.331 81.8739 148
179.145 81.9753 149
178.821 82.3663 150
178.351 82.8595 151
177.891 83.0879 152
177.57 83.1234 153
177.285 83.3152 154
177.082 83.7503 155
176.906 84.2029 156
176.784 84.5282 157
176.594 84.6407 158
176.299 84.757 159
175.9 85.1128 160
175.363 85.6389 161
174.787 85.8772 162
174.37 85.9055 163
173.982 86.0758 164
173.664 86.4611 165
173.383 86.9311 166
173.17 87.2372 167
172.901 87.3373 168
172.543 87.4187 169
172.1 87.7442 170
171.489 88.2548 171
170.785 88.5608 172
170.244 88.6495 173
169.795 88.7835 174
169.372 89.2365 175
169.005 89.7984 176
168.688 90.1966 177
168.316 90.3153 178
167.83 90.4373 179
167.246 90.7869 180
166.477 91.3868 181
165.53 91.8101 182
164.794 91.9313 183
164.259 92.0378 184
163.765 92.5061 185
163.326 93.045 186
162.979 93.4536 187
162.649 93.5703 188
162.202 93.6351 189
161.674 93.9584 190
160.949 94.5081 191
160.026 94.9702 192
159.356 95.0493 193
158.847 95.1533 194
158.401 95.5405 195
158.018 96.1523 196
157.73 96.5813 197
157.501 96.6781 198
157.152 96.7647 199
-------------
187 79 120
186.542 79.3082 121
186.201 79.3094 122
185.91 79.2811 123
185.682 79.4879 124
185.537 79.8251 125
185.366 80.1462 126
185.261 80.2551 127
185.04 80.3148 128
184.78 80.448 129
184.413 80.8189 130
183.902 81.1672 131
183.423 81.2205 132
183.083 81.2284 133
182.804 81.406 134
182.582 81.7897 135
182.384 82.1592 136
182.214 82.322 137
181.979 82.423 138
181.705 82.5643 139
181.334 82.9321 140
180.876 83.3511 141
180.371 83.5113 142
180.039 83.5603 143
179.775 83.7124 144
179.601 84.1014 145
179.488 84.5595 146
179.446 84.7864 147
179.291 84.8559 148
179.107 84.9582 149
178.795 85.3563 150
178.331 85.8552 151
177.872 86.083 152
177.552 86.1188 153
177.266 86.3092 154
177.067 86.7454 155
176.89 87.1965 156
176.735 87.513 157
176.535 87.6358 158
176.24 87.7533 159
175.843 88.1107 160
175.316 88.6374 161
174.739 88.8777 162
174.323 88.9068 163
173.931 89.0746 164
173.618 89.4691 165
173.336 89.9408 166
173.092 90.2579 167
172.8 90.3771 168
172.439 90.4697 169
172.004 90.8048 170
171.402 91.3257 171
170.698 91.6415 172
170.157 91.7301 173
169.708 91.8641 174
169.29 92.3247 175
168.923 92.8883 176
168.583 93.3001 177
168.195 93.4271 178
167.701 93.5497 179
167.122 93.9027 180
166.36 94.509 181
165.416 94.9503 182
164.683 95.0763 183
164.147 95.1796 184
163.654 95.6501 185
163.216 96.1908 186
162.839 96.6158 187
162.479 96.7566 188
162.023 96.8223 189
161.499 97.1504 190
160.778 97.7062 191
159.863 98.1903 192
159.195 98.2735 193
158.67 98.3754 194
158.215 98.7987 195
157.831 99.4113 196
157.504 99.8692 197
157.17 99.9977 198
156.755 100.084 199
-------------
190 79 120
189.551 79.3268 121
189.209 79.3255 122
188.917 79.2967 123
188.676 79.5293 124
188.512 79.8862 125
188.362 80.2336 126
188.265 80.3482 127
188.053 80.4098 128
187.79 80.5603 129
187.417 80.9383 130
186.912 81.2979 131
186.431 81.3514 132
186.089 81.3613 133
185.801 81.5443 134
185.557 81.9345 135
185.355 82.3036 136
185.192 82.4738 137
184.975 82.5609 138
184.702 82.7031 139
184.323 83.0711 140
183.864 83.4912 141
183.361 83.6533 142
183.027 83.7018 143
182.756 83.86 144
182.577 84.2482 145
182.462 84.7049 146
182.422 84.9324 147
182.275 85.0057 148
182.088 85.1089 149
181.778 85.5063 150
181.325 86.0093 151
180.867 86.2379 152
180.547 86.274 153
180.262 86.4658 154
180.06 86.9022 155
179.88 87.3524 156
179.744 87.6763 157
179.557 87.7976 158
179.263 87.9165 159
178.868 88.2742 160
178.342 88.8013 161
177.767 89.0421 162
177.351 89.0727 163
176.967 89.2527 164
176.653 89.6468 165
176.37 90.1181 166
176.132 90.4313 167
175.857 90.5562 168
175.51 90.659 169
175.083 90.9901 170
174.482 91.5097 171
173.778 91.8242 172
173.239 91.9117 173
172.793 92.0484 174
172.374 92.5038 175
172.007 93.0648 176
171.668 93.4646 177
171.304 93.5944 178
170.841 93.7124 179
170.272 94.0521 180
169.513 94.653 181
168.572 95.0835 182
167.842 95.2066 183
167.328 95.3081 184
166.836 95.7617 185
166.401 96.2893 186
166.027 96.6867 187
165.705 96.8151 188
-------------
190 85 121
189.757 85.0189 122
189.513 84.9986 123
189.242 85.1075 124
189.07 85.1676 125
188.863 85.247 126
188.771 85.3242 127
188.637 85.384 128
188.401 85.4694 129
188.144 85.5695 130
187.7 85.848 131
187.27 85.9085 132
186.934 85.9257 133
186.609 86.0377 134
186.292 86.1585 135
185.997 86.2399 136
185.818 86.3788 137
185.757 86.4649 138
185.498 86.5965 139
185.202 86.75 140
184.777 87.1099 141
184.281 87.2734 142
183.951 87.3252 143
183.672 87.4401 144
-------------
193 76 122
192.71 75.9699 123
192.475 76.2007 124
192.326 76.5884 125
192.212 76.9135 126
192.135 77.0266 127
191.932 77.0589 128
191.672 77.2131 129
191.299 77.5885 130
190.796 77.9495 131
190.314 78.0032 132
189.985 78.0289 133
189.702 78.2151 134
189.461 78.6037 135
189.267 78.9629 136
189.167 79.1503 137
188.988 79.2112 138
188.749 79.3474 139
188.371 79.7081 140
187.911 80.1237 141
187.436 80.264 142
187.111 80.3071 143
186.853 80.4738 144
186.683 80.7975 145
-------------
187 82 139
186.622 82.3648 140
186.163 82.7838 141
185.664 82.9476 142
185.329 82.995 143
185.064 83.159 144
184.882 83.54 145
184.766 83.9806 146
184.727 84.2021 147
184.609 84.2711 148
184.423 84.3741 149
184.12 84.7693 150
183.666 85.2599 151
183.21 85.4884 152
182.89 85.5243 153
182.609 85.714 154
182.409 86.1397 155
182.227 86.5815 156
182.093 86.9034 157
181.932 87.0038 158
181.642 87.1225 159
181.252 87.466 160
180.73 87.9766 161
180.182 88.187 162
179.769 88.2184 163
-------------
181 85 140
180.546 85.4171 141
180.043 85.5789 142
179.714 85.6308 143
179.454 85.7761 144
179.286 86.159 145
179.17 86.611 146
179.117 86.84 147
178.964 86.9199 148
178.783 87.0225 149
178.475 87.4211 150
178.026 87.9288 151
177.569 88.157 152
177.249 88.1929 153
176.964 88.3823 154
176.766 88.8198 155
176.588 89.2704 156
176.422 89.5879 157
176.22 89.7259 158
175.927 89.8434 159
175.536 90.2061 160
175.013 90.7331 161
174.437 90.9739 162
174.021 91.0025 163
173.628 91.1665 164
173.314 91.5631 165
173.032 92.0327 166
172.775 92.3541 167
172.481 92.4836 168
172.119 92.577 169
171.69 92.9159 170
171.091 93.4392 171
170.386 93.755 172
169.845 93.8403 173
169.393 93.9617 174
168.975 94.423 175
168.609 94.986 176
168.25 95.392 177
167.849 95.5209 178
167.349 95.654 179
166.771 96.0076 180
166.018 96.6179 181
165.074 97.0593 182
164.341 97.1854 183
163.797 97.2742 184
163.304 97.7444 185
162.866 98.2851 186
162.469 98.7072 187
162.093 98.8488 188
161.636 98.9173 189
161.115 99.2458 190
160.398 99.8029 191
159.484 100.29 192
158.818 100.376 193
158.291 100.477 194
157.837 100.902 195
157.452 101.513 196
157.103 101.974 197
156.74 102.118 198
156.314 102.204 199
-------------
181 91 142
180.737 91.0611 143
180.514 91.1708 144
180.363 91.2604 145
180.237 91.3522 146
180.099 91.4398 147
179.964 91.5108 148
179.798 91.5963 149
179.636 91.6991 150
179.321 92.0173 151
178.878 92.2449 152
178.561 92.2846 153
178.252 92.4381 154
-------------
175 91 143
174.859 91.0693 144
174.86 91.0808 145
174.832 91.1041 146
174.709 91.1834 147
174.524 91.259 148
174.359 91.345 149
174.319 91.3751 150
173.999 91.5957 151
173.547 91.812 152
173.235 91.8506 153
-------------
181 88 150
180.556 88.5079 151
180.099 88.7371 152
179.778 88.7735 153
179.48 88.9561 154
179.28 89.3935 155
179.098 89.8434 156
178.935 90.1589 157
178.748 90.2953 158
178.455 90.4135 159
178.062 90.7745 160
177.54 91.3005 161
176.965 91.5424 162
176.547 91.5719 163
176.143 91.7343 164
175.828 92.13 165
175.545 92.6007 166
175.292 92.9147 167
175.007 93.0466 168
174.649 93.1445 169
174.221 93.4819 170
173.624 94.0041 171
172.92 94.3196 172
172.378 94.4061 173
171.93 94.5361 174
171.508 94.9958 175
171.143 95.5555 176
170.788 95.9494 177
170.412 96.0834 178
169.919 96.2159 179
169.346 96.5669 180
168.608 97.1753 181
167.664 97.6149 182
166.932 97.7411 183
166.396 97.8273 184
165.903 98.2963 185
165.467 98.8353 186
165.075 99.2494 187
164.733 99.3942 188
164.331 99.4517 189
163.815 99.7744 190
163.115 100.322 191
162.204 100.801 192
161.54 100.886 193
161.025 100.988 194
160.572 101.413 195
160.185 101.99 196
159.847 102.429 197
159.529 102.558 198
-------------
175 94 151
174.554 94.2048 152
174.266 94.247 153
174.002 94.3819 154
173.969 94.4176 155
173.826 94.5412 156
173.551 94.705 157
173.243 94.8569 158
172.956 94.9669 159
172.761 95.0465 160
172.362 95.3559 161
171.788 95.5939 162
171.383 95.6285 163
171.026 95.7681 164
-------------
175 97 158
174.717 97.1091 159
174.515 97.1783 160
174.153 97.4395 161
173.598 97.675 162
173.217 97.7166 163
172.868 97.858 164
172.639 97.9551 165
172.371 98.0764 166
171.969 98.266 167
-------------
172 88 160
171.473 88.4859 161
170.898 88.728 162
170.483 88.7573 163
170.097 88.9239 164
169.805 89.3029 165
169.528 89.7714 166
169.283 90.0814 167
169.001 90.1824 168
168.642 90.2699 169
168.211 90.5966 170
167.604 91.1062 171
166.898 91.4218 172
166.356 91.5107 173
165.905 91.6366 174
165.49 92.092 175
165.125 92.6543 176
164.765 93.0564 177
164.365 93.174 178
163.872 93.3054 179
163.292 93.659 180
162.525 94.2611 181
161.58 94.7031 182
160.846 94.8283 183
160.304 94.923 184
159.81 95.3926 185
159.371 95.9326 186
158.975 96.346 187
158.606 96.4675 188
158.148 96.5298 189
157.622 96.8568 190
156.898 97.4115 191
155.981 97.8998 192
155.309 97.9834 193
154.774 98.0687 194
154.319 98.4906 195
153.936 99.1038 196
153.605 99.5592 197
153.244 99.6858 198
152.814 99.7715 199
-------------
172 91 160
171.481 91.5075 161
170.905 91.7479 162
170.491 91.7765 163
170.105 91.933 164
169.849 92.3086 165
169.57 92.7634 166
169.308 93.081 167
169.012 93.2173 168
168.65 93.3101 169
168.228 93.6418 170
167.635 94.1556 171
166.929 94.4711 172
166.387 94.5562 173
165.938 94.6743 174
165.541 95.1312 175
165.176 95.6924 176
164.802 96.0944 177
164.391 96.2185 178
163.89 96.3534 179
163.313 96.7073 180
162.56 97.3164 181
161.615 97.7574 182
160.883 97.8828 183
160.347 97.9421 184
159.855 98.4108 185
159.417 98.9503 186
158.985 99.356 187
158.603 99.4857 188
158.143 99.5518 189
157.623 99.8811 190
156.904 100.44 191
155.988 100.931 192
155.32 101.017 193
154.782 101.097 194
154.328 101.521 195
153.946 102.133 196
153.583 102.587 197
153.209 102.732 198
152.773 102.82 199
-------------
172 85 161
171.424 85.2404 162
171.008 85.2689 163
170.62 85.4366 164
170.305 85.8005 165
170.028 86.2697 166
169.838 86.5665 167
169.57 86.6672 168
169.212 86.7499 169
168.774 87.0793 170
168.165 87.5891 171
167.46 87.9005 172
166.919 87.9904 173
166.467 88.1227 174
166.043 88.5712 175
165.677 89.1334 176
165.368 89.5206 177
164.991 89.6311 178
164.509 89.7584 179
163.925 90.1099 180
163.156 90.7093 181
162.212 91.1397 182
161.474 91.2609 183
160.934 91.3602 184
160.439 91.8275 185
159.999 92.3653 186
159.655 92.7561 187
159.313 92.8617 188
158.856 92.9236 189
158.327 93.246 190
157.598 93.794 191
156.674 94.25 192
156.001 94.3311 193
155.472 94.422 194
155.025 94.8071 195
154.643 95.4192 196
154.354 95.8394 197
154.102 95.9366 198
153.689 96.0219 199
-------------
172 100 162
171.759 100.032 163
171.505 100.147 164
171.312 100.202 165
171.062 100.293 166
170.657 100.468 167
170.218 100.659 168
169.864 100.759 169
169.617 100.826 170
169.192 101.023 171
168.503 101.335 172
167.977 101.424 173
167.538 101.534 174
-------------
166 100 168
165.645 100.098 169
165.406 100.161 170
165.046 100.306 171
164.35 100.613 172
163.877 100.685 173
163.447 100.791 174
163.268 100.925 175
162.955 101.105 176
162.514 101.395 177
162.005 101.588 178
161.458 101.758 179
161.005 101.888 180
-------------
172 100 169
171.752 100.067 170
171.275 100.335 171
170.576 100.651 172
170.037 100.736 173
169.583 100.841 174
169.019 101.028 175
168.61 101.23 176
168.174 101.496 177
-------------
163 103 174
162.808 103.123 175
162.499 103.271 176
162.083 103.501 177
161.564 103.7 178
161.007 103.884 179
160.557 104.012 180
160.095 104.231 181
159.145 104.652 182
158.537 104.798 183
158.12 104.846 184
157.873 104.989 185
157.558 105.126 186
157.047 105.418 187
156.527 105.623 188
156.075 105.706 189
155.674 105.84 190
-------------
169 97 175
168.63 97.5565 176
168.246 97.9472 177
167.845 98.0799 178
167.349 98.2212 179
166.772 98.575 180
166.041 99.1845 181
165.097 99.6266 182
164.363 99.7539 183
163.807 99.8056 184
163.306 100.272 185
162.868 100.812 186
162.432 101.222 187
162.055 101.366 188
161.6 101.436 189
161.084 101.767 190
160.377 102.331 191
159.463 102.823 192
158.797 102.911 193
158.238 103.004 194
157.778 103.433 195
157.392 104.041 196
157.024 104.492 197
156.656 104.638 198
156.24 104.74 199
-------------
166 103 175
165.669 103.145 176
165.221 103.379 177
164.701 103.579 178
164.167 103.746 179
163.699 103.874 180
163.193 104.148 181
162.255 104.587 182
161.609 104.753 183
161.12 104.813 184
-------------
163 100 181
162.056 100.442 182
161.325 100.568 183
160.803 100.609 184
160.316 101.076 185
159.882 101.614 186
159.441 102.025 187
159.055 102.171 188
158.601 102.246 189
158.089 102.578 190
157.385 103.146 191
156.471 103.639 192
155.804 103.727 193
155.247 103.794 194
154.794 104.217 195
154.409 104.828 196
154.029 105.276 197
153.655 105.425 198
153.221 105.517 199
-------------
157 109 182
156.838 109.03 183
156.528 109.069 184
156.371 109.13 185
156.215 109.144 186
155.769 109.323 187
155.206 109.542 188
154.769 109.647 189
154.378 109.778 190
153.921 109.929 191
153.021 110.358 192
152.386 110.468 193
151.956 110.56 194
151.662 110.692 195
151.305 110.868 196
150.834 111.073 197
150.34 111.288 198
149.88 111.397 199
-------------
160 109 183
159.722 109.045 184
159.501 109.13 185
159.222 109.178 186
158.769 109.353 187
158.207 109.572 188
157.775 109.676 189
157.384 109.808 190
156.902 109.972 191
156.036 110.418 192
155.395 110.523 193
154.978 110.632 194
-------------
154 97 186
153.607 97.3331 187
153.266 97.4074 188
152.909 97.4276 189
152.56 97.561 190
151.97 97.9426 191
151.069 98.4278 192
150.401 98.5164 193
149.867 98.5971 194
149.445 98.9368 195
149.177 99.4119 196
148.914 99.7324 197
148.558 99.8501 198
148.159 99.9205 199
-------------
154 100 186
153.587 100.338 187
153.214 100.452 188
152.811 100.503 189
152.395 100.664 190
151.827 101.005 191
150.911 101.494 192
150.244 101.583 193
149.711 101.662 194
149.29 102.03 195
148.988 102.542 196
148.64 102.948 197
148.266 103.093 198
147.845 103.17 199
-------------
154 103 186
153.577 103.31 187
153.175 103.457 188
152.763 103.533 189
152.372 103.663 190
151.877 103.892 191
150.962 104.382 192
150.299 104.471 193
149.768 104.548 194
-------------
