94 109 0
92.2587 109.515 1
90.3603 109.515 2
88.5097 109.472 3
86.7171 109.992 4
84.8517 110.874 5
83.043 111.455 6
81.4038 111.56 7
79.9863 111.587 8
78.5194 112.1 9
76.9586 113.115 10
75.4696 113.783 11
73.7796 113.867 12
72.1249 113.886 13
70.5257 114.336 14
68.7015 115.256 15
66.9984 115.897 16
65.5575 116.105 17
-------------
97 109 0
95.1961 109.552 1
93.2663 109.555 2
91.4095 109.488 3
89.6097 110.001 4
87.6967 110.862 5
85.9287 111.464 6
-------------
94 112 0
92.1442 112.559 1
90.1343 112.541 2
88.2521 112.467 3
86.3605 112.98 4
84.3271 113.883 5
82.2625 114.449 6
80.4675 114.56 7
79.0297 114.576 8
77.4961 115.079 9
75.8644 116.085 10
74.282 116.741 11
72.4668 116.843 12
70.7804 116.827 13
69.1637 117.268 14
67.318 118.18 15
65.3896 118.802 16
63.7615 118.993 17
62.2744 118.957 18
60.6726 119.463 19
58.9315 120.601 20
57.2295 121.123 21
55.2218 121.24 22
53.2555 121.337 23
51.3622 121.887 24
49.2721 122.963 25
46.9984 123.759 26
45.0781 124.066 27
43.4964 123.984 28
41.6546 124.424 29
39.7189 125.627 30
37.6616 126.409 31
35.4388 126.466 32
33.287 126.45 33
31.1725 126.966 34
29.0384 127.941 35
26.8461 128.512 36
25.1571 128.752 37
23.5344 128.73 38
21.8603 129.35 39
19.8605 130.537 40
17.9473 131.33 41
15.9021 131.544 42
14.0956 131.589 43
12.2857 132.282 44
10.3244 133.463 45
8.27675 134.179 46
6.58788 134.441 47
5.02167 134.595 48
3.38539 135.232 49
1.72676 136.377 50
0.908891 136.712 51
0.805952 136.779 52
0.774869 136.839 53
0.712172 136.903 54
0.471043 137.046 55
-------------
97 112 0
95.1241 112.578 1
93.0848 112.552 2
91.1884 112.473 3
89.2698 112.978 4
87.1814 113.897 5
85.0645 114.504 6
83.3293 114.626 7
81.8951 114.644 8
80.3816 115.169 9
78.7445 116.2 10
77.1499 116.87 11
75.3141 116.979 12
73.627 116.962 13
72.0116 117.403 14
70.1668 118.321 15
68.2751 118.98 16
66.722 119.166 17
65.3056 119.152 18
63.7008 119.65 19
61.9242 120.764 20
60.2244 121.289 21
58.3935 121.352 22
56.5014 121.402 23
-------------
94 115 0
92.0057 115.582 1
89.9619 115.548 2
88.0694 115.442 3
86.1455 115.924 4
84.0687 116.819 5
81.8923 117.389 6
80.0511 117.503 7
78.6143 117.518 8
77.0725 118.009 9
75.4179 118.995 10
73.7501 119.617 11
71.912 119.724 12
70.2314 119.693 13
68.6338 120.114 14
66.7911 121.017 15
64.7284 121.617 16
62.9815 121.799 17
61.3904 121.77 18
59.7731 122.261 19
58.0224 123.371 20
56.2652 123.834 21
54.2187 123.978 22
52.2702 124.079 23
50.4033 124.624 24
48.3246 125.68 25
46.0129 126.385 26
43.9196 126.679 27
42.2877 126.546 28
40.3568 126.886 29
38.2629 127.974 30
36.2072 128.607 31
33.9458 128.665 32
31.784 128.652 33
29.6743 129.169 34
27.5359 130.14 35
25.2374 130.674 36
23.3764 130.796 37
21.671 130.703 38
19.9592 131.268 39
17.9517 132.458 40
15.9758 133.147 41
13.8921 133.395 42
12.0137 133.435 43
10.2008 134.117 44
8.23909 135.299 45
6.13601 135.979 46
4.22782 136.215 47
2.52901 136.293 48
0.891441 136.914 49
-------------
97 115 0
94.9878 115.601 1
92.943 115.566 2
91.0487 115.458 3
89.1306 115.957 4
87.0405 116.871 5
84.8623 117.467 6
83.1106 117.572 7
81.6756 117.588 8
80.1557 118.113 9
78.5115 119.138 10
76.8185 119.788 11
74.9791 119.896 12
73.3127 119.879 13
71.6978 120.32 14
69.8533 121.23 15
67.7656 121.839 16
66.0541 122.019 17
64.4829 121.985 18
62.8568 122.476 19
61.0704 123.59 20
59.281 124.037 21
57.2338 124.182 22
55.2634 124.273 23
53.3687 124.822 24
51.2914 125.884 25
48.9846 126.606 26
46.8718 126.915 27
45.244 126.787 28
43.3347 127.135 29
41.2095 128.25 30
39.0599 128.982 31
36.796 129.046 32
34.638 129.037 33
32.5227 129.555 34
30.3844 130.524 35
28.0556 131.062 36
26.2682 131.26 37
24.6346 131.215 38
22.9527 131.789 39
20.8888 132.954 40
18.8281 133.639 41
16.745 133.903 42
15.0176 133.99 43
13.3497 134.623 44
11.4022 135.781 45
9.25358 136.46 46
7.38713 136.731 47
5.73629 136.818 48
4.09703 137.407 49
2.39712 138.393 50
1.53341 138.635 51
1.42665 138.702 52
1.39245 138.768 53
1.32673 138.834 54
1.04521 138.993 55
0.897919 139.096 56
0.825247 139.128 57
0.298414 139.289 58
-------------
100 115 0
97.982 115.605 1
95.9768 115.579 2
94.1597 115.445 3
92.2617 115.934 4
90.1705 116.847 5
87.9954 117.453 6
86.4066 117.558 7
85.0618 117.57 8
83.5634 118.1 9
81.9201 119.125 10
80.2216 119.777 11
78.3832 119.888 12
76.82 119.877 13
75.2953 120.284 14
73.5306 121.113 15
-------------
94 118 0
91.8771 118.54 1
89.8439 118.498 2
87.9548 118.38 3
86.0737 118.808 4
84.0248 119.643 5
81.8265 120.223 6
79.9039 120.326 7
78.4703 120.34 8
76.924 120.822 9
75.2734 121.764 10
73.574 122.377 11
71.7373 122.484 12
70.1244 122.436 13
68.5495 122.842 14
66.7395 123.708 15
64.6287 124.311 16
62.641 124.498 17
61.0409 124.469 18
59.4171 124.952 19
57.7963 125.999 20
56.02 126.422 21
53.9744 126.568 22
52.068 126.666 23
50.3571 127.177 24
48.3906 128.166 25
46.0787 128.867 26
43.9264 129.161 27
42.2992 129.011 28
40.3383 129.307 29
38.2008 130.385 30
36.1072 130.949 31
33.8472 131.007 32
31.6865 130.992 33
29.6456 131.494 34
27.507 132.465 35
25.1753 133.003 36
23.2405 133.086 37
21.5407 132.982 38
19.8458 133.502 39
17.8729 134.668 40
15.7772 135.254 41
13.6992 135.511 42
11.9005 135.567 43
10.2254 136.215 44
8.31595 137.397 45
6.17444 138.075 46
4.15261 138.307 47
2.45479 138.383 48
0.836282 138.979 49
-------------
97 118 0
94.9615 118.594 1
92.9167 118.554 2
91.0403 118.418 3
89.1938 118.874 4
87.1172 119.777 5
84.9333 120.377 6
83.0729 120.489 7
81.6408 120.501 8
80.1378 121.007 9
78.515 122.006 10
76.8181 122.642 11
74.9826 122.749 12
73.3847 122.715 13
71.8379 123.1 14
70.0928 123.9 15
67.9804 124.502 16
65.9523 124.71 17
64.3169 124.662 18
62.6783 125.086 19
60.908 126.16 20
59.1185 126.591 21
57.0725 126.735 22
55.1216 126.812 23
53.3384 127.306 24
51.373 128.28 25
49.0634 128.98 26
46.9123 129.264 27
45.2848 129.115 28
43.3727 129.428 29
41.2411 130.514 30
39.0903 131.058 31
36.8279 131.114 32
34.6675 131.101 33
32.6014 131.6 34
30.4692 132.568 35
28.1157 133.104 36
26.2838 133.218 37
24.6263 133.129 38
22.9559 133.63 39
20.8988 134.769 40
18.8164 135.369 41
16.7372 135.635 42
15.0194 135.733 43
13.4626 136.326 44
11.5677 137.444 45
9.41966 138.119 46
7.44621 138.37 47
5.77954 138.45 48
4.14701 139.003 49
2.42679 139.867 50
1.54031 140.005 51
1.43257 140.071 52
1.39723 140.138 53
1.33041 140.205 54
1.03728 140.368 55
0.867236 140.468 56
0.793761 140.501 57
0.260914 140.662 58
-------------
100 118 0
97.9814 118.604 1
96.0458 118.545 2
94.2131 118.386 3
92.3881 118.798 4
90.3339 119.639 5
88.1582 120.242 6
86.4772 120.321 7
85.0982 120.321 8
83.6866 120.848 9
82.0909 121.843 10
80.3911 122.483 11
78.5523 122.592 12
77.047 122.574 13
-------------
94 121 0
91.7826 121.53 1
89.8852 121.514 2
88.0119 121.384 3
86.1927 121.727 4
84.2404 122.44 5
82.0355 123.023 6
79.9586 123.18 7
78.5297 123.188 8
76.989 123.659 9
75.3958 124.562 10
73.6852 125.167 11
71.9084 125.266 12
70.3972 125.203 13
68.9205 125.514 14
67.1675 126.29 15
65.0315 126.897 16
62.9108 127.127 17
61.236 127.083 18
59.6007 127.496 19
57.9475 128.503 20
56.1756 128.909 21
54.1461 129.06 22
52.3529 129.136 23
50.7487 129.636 24
48.9287 130.571 25
46.6189 131.268 26
44.4568 131.552 27
42.8284 131.385 28
40.8708 131.629 29
38.7478 132.717 30
36.6389 133.223 31
34.3845 133.28 32
32.2307 133.262 33
30.3344 133.753 34
28.2001 134.724 35
25.8259 135.273 36
23.9138 135.332 37
22.2201 135.207 38
20.5463 135.676 39
18.6223 136.835 40
16.5226 137.411 41
14.4476 137.67 42
12.6873 137.731 43
11.1691 138.335 44
9.32606 139.492 45
7.17674 140.168 46
5.05084 140.382 47
3.35246 140.457 48
1.73604 140.989 49
0.242021 141.855 50
-------------
97 121 0
94.8387 121.559 1
92.9427 121.56 2
91.0812 121.416 3
89.3794 121.771 4
87.5503 122.494 5
85.366 123.109 6
83.303 123.283 7
81.8744 123.285 8
80.4018 123.773 9
78.8422 124.682 10
77.1511 125.31 11
75.3415 125.413 12
73.8465 125.349 13
72.402 125.614 14
70.7125 126.323 15
68.5918 126.924 16
66.476 127.127 17
64.8114 127.061 18
63.1759 127.458 19
61.4914 128.477 20
59.7132 128.889 21
57.7025 129.004 22
55.769 129.058 23
54.1686 129.523 24
52.4859 130.355 25
50.1776 131.048 26
47.9817 131.299 27
46.3534 131.136 28
44.4817 131.426 29
42.3594 132.508 30
40.2474 132.967 31
38.081 132.956 32
36.0265 132.964 33
-------------
94 124 0
91.7736 124.533 1
89.9305 124.547 2
88.0922 124.433 3
86.4537 124.701 4
84.7622 125.381 5
82.5617 126.02 6
80.3509 126.321 7
78.932 126.321 8
77.4666 126.737 9
75.8969 127.63 10
74.1862 128.234 11
72.8943 128.521 12
71.535 128.479 13
70.1206 128.706 14
68.4318 129.381 15
66.2938 129.988 16
64.1268 130.239 17
62.4492 130.179 18
60.8232 130.513 19
59.3778 131.46 20
57.6087 131.865 21
-------------
97 124 0
94.7758 124.541 1
93.2049 124.658 2
91.4385 124.528 3
89.8853 124.757 4
88.2661 125.413 5
86.0851 126.077 6
83.8277 126.503 7
82.4032 126.5 8
81.0351 126.896 9
-------------
94 127 0
91.7845 127.506 1
90.0972 127.537 2
88.3957 127.493 3
86.9344 127.761 4
85.6464 128.414 5
83.5179 129.094 6
81.3443 129.634 7
-------------
79 118 5
77.8968 118.331 6
76.1808 118.461 7
74.856 118.496 8
73.3128 118.975 9
71.7916 119.831 10
-------------
79 124 6
77.0018 124.145 7
75.7064 124.185 8
74.2106 124.632 9
72.6195 125.481 10
71.0167 126.032 11
69.4376 126.158 12
67.87 126.102 13
66.3843 126.407 14
64.6543 127.196 15
62.5183 127.804 16
-------------
79 130 8
77.8981 130.325 9
76.5623 130.949 10
74.8588 131.535 11
73.7195 131.855 12
72.3714 131.83 13
71.2081 132.055 14
69.835 132.619 15
67.7033 133.228 16
65.4895 133.588 17
-------------
76 133 10
74.3171 133.54 11
73.174 133.832 12
71.829 133.814 13
-------------
70 121 16
68.3592 121.199 17
66.8603 121.178 18
65.2409 121.658 19
63.4748 122.746 20
61.7027 123.2 21
59.8156 123.398 22
57.8932 123.496 23
-------------
52 121 20
51.0123 121.562 21
49.5245 121.834 22
47.8182 122.043 23
46.087 122.558 24
44.2121 123.528 25
41.9758 124.215 26
-------------
55 121 20
53.6153 121.599 21
52.0064 121.866 22
50.2339 122.06 23
48.396 122.601 24
46.3058 123.66 25
43.998 124.371 26
-------------
55 133 20
53.3503 133.378 21
51.9731 133.718 22
50.5089 133.823 23
49.1084 134.272 24
47.4353 135.178 25
45.1264 135.877 26
42.9308 136.204 27
41.3354 136.028 28
-------------
58 136 20
56.2646 136.392 21
55.1522 136.73 22
53.6977 136.85 23
52.6406 137.203 24
51.4517 137.846 25
49.1611 138.546 26
46.9577 139.136 27
46.0581 139.349 28
44.8982 139.575 29
-------------
58 139 20
56.3557 139.352 21
55.3439 139.66 22
53.8982 139.784 23
-------------
52 124 21
50.4164 124.253 22
48.6826 124.455 23
46.9171 124.97 24
44.854 125.999 25
42.541 126.701 26
40.3712 127.006 27
38.7334 126.869 28
36.821 127.136 29
34.7748 128.125 30
32.8512 128.689 31
30.8641 128.741 32
28.7223 128.728 33
26.6712 129.207 34
24.5318 130.175 35
22.224 130.693 36
20.1848 130.757 37
18.4239 130.647 38
16.697 131.165 39
14.7302 132.313 40
12.7817 132.964 41
10.7361 133.204 42
8.8553 133.247 43
7.04715 133.892 44
5.08563 135.076 45
2.96727 135.76 46
0.796224 136.003 47
-------------
55 133 22
53.5135 133.112 23
52.1503 133.584 24
50.6383 134.407 25
48.3345 135.103 26
46.1248 135.385 27
44.5025 135.207 28
42.7147 135.398 29
40.9141 136.427 30
-------------
49 127 23
47.2904 127.494 24
45.351 128.472 25
43.0375 129.171 26
40.8658 129.476 27
39.2299 129.332 28
37.3183 129.556 29
35.2317 130.504 30
33.163 131.001 31
-------------
49 130 23
47.3594 130.463 24
45.5017 131.396 25
43.1889 132.094 26
41.0068 132.402 27
39.3788 132.246 28
37.4905 132.41 29
35.4056 133.376 30
33.3075 133.875 31
-------------
43 121 26
41.5623 121.359 27
40.2629 121.401 28
38.8962 121.723 29
37.167 122.842 30
35.4308 123.575 31
33.6526 123.777 32
31.7024 123.829 33
-------------
37 139 26
36.6774 139.236 27
36.1127 139.33 28
35.2329 139.461 29
-------------
40 145 27
39.4459 145.086 28
38.4367 145.209 29
38.009 145.241 30
36.7174 145.532 31
35.3537 145.751 32
33.8646 145.857 33
-------------
37 124 29
35.182 125.054 30
33.3868 125.699 31
31.5473 125.784 32
29.5191 125.824 33
27.441 126.34 34
25.3243 127.308 35
23.1181 127.843 36
21.2557 127.978 37
19.5504 127.891 38
17.8474 128.485 39
15.9004 129.654 40
14.0779 130.363 41
12.1421 130.551 42
10.2617 130.594 43
8.44767 131.268 44
6.48402 132.447 45
4.49207 133.165 46
2.67667 133.401 47
0.998083 133.487 48
-------------
34 130 29
32.1642 130.746 30
30.4846 131.097 31
28.8442 131.178 32
26.8447 131.143 33
24.973 131.539 34
22.847 132.49 35
20.5381 133.006 36
18.451 133.071 37
16.6906 132.959 38
14.9792 133.443 39
13.1582 134.5 40
11.1293 135.058 41
9.20845 135.358 42
7.32993 135.401 43
5.57272 135.995 44
3.63061 137.194 45
1.49566 137.878 46
-------------
34 136 30
32.0652 136.465 31
30.3923 136.616 32
28.8118 136.655 33
27.1845 137.069 34
25.1098 138.072 35
22.7298 138.627 36
20.6325 138.697 37
18.9597 138.51 38
17.3113 138.95 39
15.5946 140.064 40
13.4939 140.635 41
11.7191 141.139 42
10.03 141.242 43
8.6933 141.891 44
7.04121 143.09 45
4.87283 143.775 46
2.54535 143.983 47
0.710112 143.987 48
-------------
40 139 30
38.5799 139.502 31
37.2258 139.778 32
35.727 139.881 33
35.0568 140.073 34
-------------
34 142 30
32.5756 142.344 31
31.1016 142.597 32
29.6007 142.707 33
-------------
37 142 30
35.5536 142.389 31
34.0997 142.676 32
32.6002 142.784 33
31.9849 143.017 34
-------------
40 142 30
38.621 142.45 31
37.2268 142.762 32
35.7346 142.873 33
35.229 143.018 34
-------------
40 121 31
38.8951 121.472 32
38.0252 121.773 33
36.7375 122.009 34
35.7582 122.298 35
34.7173 122.977 36
-------------
25 145 34
23.8566 145.486 35
21.7795 145.918 36
20.9503 145.965 37
-------------
28 145 34
26.8465 145.6 35
24.9115 146.083 36
24.1968 146.126 37
-------------
25 151 34
24.1243 151.163 35
23.2669 151.307 36
22.6251 151.336 37
22.28 151.374 38
21.4726 151.492 39
20.9589 151.679 40
19.5202 151.93 41
17.7832 152.432 42
16.0513 152.526 43
15.6077 152.664 44
14.9375 152.918 45
13.943 153.243 46
-------------
22 136 35
19.7085 136.525 36
17.6094 136.598 37
15.9166 136.486 38
14.2475 136.933 39
12.5282 137.878 40
10.4375 138.444 41
8.50021 138.815 42
6.73694 138.879 43
5.12525 139.437 44
3.17677 140.648 45
1.01133 141.329 46
-------------
19 130 36
17.0339 130.011 37
15.2788 129.895 38
13.6307 130.364 39
11.8678 131.427 40
10.1009 131.998 41
8.27206 132.3 42
6.42911 132.363 43
4.73777 132.965 44
2.77995 134.151 45
0.729198 134.855 46
-------------
19 151 36
18.3875 151.031 37
18.0294 151.069 38
17.2209 151.185 39
16.4852 151.526 40
14.9892 151.788 41
13.2485 152.297 42
11.5049 152.388 43
11.0162 152.583 44
-------------
25 139 37
23.384 138.723 38
21.7355 139.17 39
19.9999 140.314 40
17.8993 140.885 41
16.1405 141.26 42
14.5002 141.364 43
13.2276 141.878 44
11.5974 142.9 45
9.47039 143.568 46
7.22146 143.773 47
5.40552 143.771 48
3.93686 144.05 49
-------------
19 145 38
18.1562 145.131 39
16.991 145.772 40
14.9512 146.328 41
13.2098 146.841 42
11.4966 146.942 43
10.5052 147.483 44
-------------
19 148 38
18.186 148.121 39
17.3128 148.522 40
15.6862 148.858 41
13.945 149.371 42
12.2214 149.472 43
-------------
13 139 39
11.319 139.895 40
9.23633 140.461 41
7.41557 140.906 42
5.67232 140.982 43
4.07658 141.538 44
2.18381 142.778 45
0.0191507 143.457 46
-------------
16 142 39
14.4026 142.985 40
12.3092 143.557 41
10.5605 144.071 42
8.85162 144.164 43
7.64306 144.828 44
6.04391 146.038 45
3.8983 146.755 46
1.48429 147.014 47
-0.354064 147.023 48
-------------
19 142 39
17.3686 143.121 40
15.274 143.694 41
13.532 144.206 42
11.8772 144.339 43
10.738 144.97 44
9.25289 146.119 45
7.15301 146.819 46
4.75369 147.064 47
2.92069 147.066 48
1.81715 147.267 49
-------------
10 142 40
8.07213 142.496 41
6.31399 142.997 42
4.57148 143.078 43
3.19645 143.665 44
1.48878 144.856 45
-------------
22 142 40
20.0005 142.534 41
18.3719 142.959 42
16.9127 143.158 43
15.946 143.605 44
-------------
10 145 40
8.26752 145.382 41
6.5196 145.894 42
4.77608 145.98 43
-------------
13 145 40
10.9719 145.537 41
9.22458 146.05 42
7.48801 146.138 43
6.43973 146.716 44
4.84408 147.848 45
2.88795 148.549 46
0.458588 148.815 47
-------------
7 136 41
5.24329 136.427 42
3.49355 136.506 43
1.89659 137.062 44
-0.0485198 138.259 45
-------------
19 145 41
17.3171 145.485 42
15.8257 145.669 43
14.9233 146.1 44
13.7809 146.713 45
-------------
4 151 45
2.23248 151.666 46
-0.197545 151.933 47
-------------
7 151 45
5.24345 151.689 46
2.81468 151.958 47
0.97757 152.039 48
-0.110786 152.236 49
-------------
10 148 46
7.63889 148.27 47
5.86341 148.321 48
4.79814 148.529 49
4.10812 148.633 50
3.50359 148.645 51
3.39275 148.711 52
3.34755 148.774 53
3.26863 148.84 54
2.93071 149.009 55
2.63283 149.101 56
2.55008 149.134 57
2.00635 149.292 58
1.48207 149.525 59
-------------
10 151 46
7.57419 151.276 47
5.7503 151.36 48
4.69588 151.556 49
4.01165 151.657 50
3.41407 151.668 51
3.30349 151.734 52
3.25642 151.794 53
3.17609 151.859 54
2.83671 152.028 55
2.52315 152.119 56
2.4379 152.152 57
1.89381 152.309 58
1.34747 152.527 59
0.687452 152.666 60
-0.497715 153.075 61
-------------
4 142 50
3.12276 142.098 51
3.01336 142.164 52
2.97466 142.234 53
2.90328 142.302 54
2.5862 142.471 55
2.37898 142.572 56
2.30243 142.605 57
1.76516 142.766 58
1.25149 143.009 59
-------------
94 109 0
92.2587 109.515 1
90.3603 109.515 2
88.5097 109.472 3
86.7171 109.992 4
84.8517 110.874 5
83.043 111.455 6
81.4038 111.56 7
79.9863 111.587 8
78.5194 112.1 9
76.9586 113.115 10
75.4696 113.783 11
73.7796 113.867 12
72.1249 113.886 13
70.5257 114.336 14
68.7015 115.256 15
66.9984 115.897 16
65.5575 116.105 17
-------------
97 109 0
95.1961 109.552 1
93.2663 109.555 2
91.4095 109.488 3
89.6097 110.001 4
87.6967 110.862 5
85.9287 111.464 6
-------------
94 112 0
92.1442 112.559 1
90.1343 112.541 2
88.2521 112.467 3
86.3605 112.98 4
84.3271 113.883 5
82.2625 114.449 6
80.4675 114.56 7
79.0297 114.576 8
77.4961 115.079 9
75.8644 116.085 10
74.282 116.741 11
72.4668 116.843 12
70.7804 116.827 13
69.1637 117.268 14
67.318 118.18 15
65.3896 118.802 16
63.7615 118.993 17
62.2744 118.957 18
60.6726 119.463 19
58.9315 120.601 20
57.2295 121.123 21
55.2218 121.24 22
53.2555 121.337 23
51.3622 121.887 24
49.2721 122.963 25
46.9984 123.759 26
45.0781 124.066 27
43.4964 123.984 28
41.6546 124.424 29
39.7189 125.627 30
37.6616 126.409 31
35.4388 126.466 32
33.287 126.45 33
31.1725 126.966 34
29.0384 127.941 35
26.8461 128.512 36
25.1571 128.752 37
23.5344 128.73 38
21.8603 129.35 39
19.8605 130.537 40
17.9473 131.33 41
15.9021 131.544 42
14.0956 131.589 43
12.2857 132.282 44
10.3244 133.463 45
8.27675 134.179 46
6.58788 134.441 47
5.02167 134.595 48
3.38539 135.232 49
1.72676 136.377 50
0.908891 136.712 51
0.805952 136.779 52
0.774869 136.839 53
0.712172 136.903 54
0.471043 137.046 55
-------------
97 112 0
95.1241 112.578 1
93.0848 112.552 2
91.1884 112.473 3
89.2698 112.978 4
87.1814 113.897 5
85.0645 114.504 6
83.3293 114.626 7
81.8951 114.644 8
80.3816 115.169 9
78.7445 116.2 10
77.1499 116.87 11
75.3141 116.979 12
73.627 116.962 13
72.0116 117.403 14
70.1668 118.321 15
68.2751 118.98 16
66.722 119.166 17
65.3056 119.152 18
63.7008 119.65 19
61.9242 120.764 20
60.2244 121.289 21
58.3935 121.352 22
56.5014 121.402 23
-------------
94 115 0
92.0057 115.582 1
89.9619 115.548 2
88.0694 115.442 3
86.1455 115.924 4
84.0687 116.819 5
81.8923 117.389 6
80.0511 117.503 7
78.6143 117.518 8
77.0725 118.009 9
75.4179 118.995 10
73.7501 119.617 11
71.912 119.724 12
70.2314 119.693 13
68.6338 120.114 14
66.7911 121.017 15
64.7284 121.617 16
62.9815 121.799 17
61.3904 121.77 18
59.7731 122.261 19
58.0224 123.371 20
56.2652 123.834 21
54.2187 123.978 22
52.2702 124.079 23
50.4033 124.624 24
48.3246 125.68 25
46.0129 126.385 26
43.9196 126.679 27
42.2877 126.546 28
40.3568 126.886 29
38.2629 127.974 30
36.2072 128.607 31
33.9458 128.665 32
31.784 128.652 33
29.6743 129.169 34
27.5359 130.14 35
25.2374 130.674 36
23.3764 130.796 37
21.671 130.703 38
19.9592 131.268 39
17.9517 132.458 40
15.9758 133.147 41
13.8921 133.395 42
12.0137 133.435 43
10.2008 134.117 44
8.23909 135.299 45
6.13601 135.979 46
4.22782 136.215 47
2.52901 136.293 48
0.891441 136.914 49
-------------
97 115 0
94.9878 115.601 1
92.943 115.566 2
91.0487 115.458 3
89.1306 115.957 4
87.0405 116.871 5
84.8623 117.467 6
83.1106 117.572 7
81.6756 117.588 8
80.1557 118.113 9
78.5115 119.138 10
76.8185 119.788 11
74.9791 119.896 12
73.3127 119.879 13
71.6978 120.32 14
69.8533 121.23 15
67.7656 121.839 16
66.0541 122.019 17
64.4829 121.985 18
62.8568 122.476 19
61.0704 123.59 20
59.281 124.037 21
57.2338 124.182 22
55.2634 124.273 23
53.3687 124.822 24
51.2914 125.884 25
48.9846 126.606 26
46.8718 126.915 27
45.244 126.787 28
43.3347 127.135 29
41.2095 128.25 30
39.0599 128.982 31
36.796 129.046 32
34.638 129.037 33
32.5227 129.555 34
30.3844 130.524 35
28.0556 131.062 36
26.2682 131.26 37
24.6346 131.215 38
22.9527 131.789 39
20.8888 132.954 40
18.8281 133.639 41
16.745 133.903 42
15.0176 133.99 43
13.3497 134.623 44
11.4022 135.781 45
9.25358 136.46 46
7.38713 136.731 47
5.73629 136.818 48
4.09703 137.407 49
2.39712 138.393 50
1.53341 138.635 51
1.42665 138.702 52
1.39245 138.768 53
1.32673 138.834 54
1.04521 138.993 55
0.897919 139.096 56
0.825247 139.128 57
0.298414 139.289 58
-------------
100 115 0
97.982 115.605 1
95.9768 115.579 2
94.1597 115.445 3
92.2617 115.934 4
90.1705 116.847 5
87.9954 117.453 6
86.4066 117.558 7
85.0618 117.57 8
83.5634 118.1 9
81.9201 119.125 10
80.2216 119.777 11
78.3832 119.888 12
76.82 119.877 13
75.2953 120.284 14
73.5306 121.113 15
-------------
94 118 0
91.8771 118.54 1
89.8439 118.498 2
87.9548 118.38 3
86.0737 118.808 4
84.0248 119.643 5
81.8265 120.223 6
79.9039 120.326 7
78.4703 120.34 8
76.924 120.822 9
75.2734 121.764 10
73.574 122.377 11
71.7373 122.484 12
70.1244 122.436 13
68.5495 122.842 14
66.7395 123.708 15
64.6287 124.311 16
62.641 124.498 17
61.0409 124.469 18
59.4171 124.952 19
57.7963 125.999 20
56.02 126.422 21
53.9744 126.568 22
52.068 126.666 23
50.3571 127.177 24
48.3906 128.166 25
46.0787 128.867 26
43.9264 129.161 27
42.2992 129.011 28
40.3383 129.307 29
38.2008 130.385 30
36.1072 130.949 31
33.8472 131.007 32
31.6865 130.992 33
29.6456 131.494 34
27.507 132.465 35
25.1753 133.003 36
23.2405 133.086 37
21.5407 132.982 38
19.8458 133.502 39
17.8729 134.668 40
15.7772 135.254 41
13.6992 135.511 42
11.9005 135.567 43
10.2254 136.215 44
8.31595 137.397 45
6.17444 138.075 46
4.15261 138.307 47
2.45479 138.383 48
0.836282 138.979 49
-------------
97 118 0
94.9615 118.594 1
92.9167 118.554 2
91.0403 118.418 3
89.1938 118.874 4
87.1172 119.777 5
84.9333 120.377 6
83.0729 120.489 7
81.6408 120.501 8
80.1378 121.007 9
78.515 122.006 10
76.8181 122.642 11
74.9826 122.749 12
73.3847 122.715 13
71.8379 123.1 14
70.0928 123.9 15
67.9804 124.502 16
65.9523 124.71 17
64.3169 124.662 18
62.6783 125.086 19
60.908 126.16 20
59.1185 126.591 21
57.0725 126.735 22
55.1216 126.812 23
53.3384 127.306 24
51.373 128.28 25
49.0634 128.98 26
46.9123 129.264 27
45.2848 129.115 28
43.3727 129.428 29
41.2411 130.514 30
39.0903 131.058 31
36.8279 131.114 32
34.6675 131.101 33
32.6014 131.6 34
30.4692 132.568 35
28.1157 133.104 36
26.2838 133.218 37
24.6263 133.129 38
22.9559 133.63 39
20.8988 134.769 40
18.8164 135.369 41
16.7372 135.635 42
15.0194 135.733 43
13.4626 136.326 44
11.5677 137.444 45
9.41966 138.119 46
7.44621 138.37 47
5.77954 138.45 48
4.14701 139.003 49
2.42679 139.867 50
1.54031 140.005 51
1.43257 140.071 52
1.39723 140.138 53
1.33041 140.205 54
1.03728 140.368 55
0.867236 140.468 56
0.793761 140.501 57
0.260914 140.662 58
-------------
100 118 0
97.9814 118.604 1
96.0458 118.545 2
94.2131 118.386 3
92.3881 118.798 4
90.3339 119.639 5
88.1582 120.242 6
86.4772 120.321 7
85.0982 120.321 8
83.6866 120.848 9
82.0909 121.843 10
80.3911 122.483 11
78.5523 122.592 12
77.047 122.574 13
-------------
94 121 0
91.7826 121.53 1
89.8852 121.514 2
88.0119 121.384 3
86.1927 121.727 4
84.2404 122.44 5
82.0355 123.023 6
79.9586 123.18 7
78.5297 123.188 8
76.989 123.659 9
75.3958 124.562 10
73.6852 125.167 11
71.9084 125.266 12
70.3972 125.203 13
68.9205 125.514 14
67.1675 126.29 15
65.0315 126.897 16
62.9108 127.127 17
61.236 127.083 18
59.6007 127.496 19
57.9475 128.503 20
56.1756 128.909 21
54.1461 129.06 22
52.3529 129.136 23
50.7487 129.636 24
48.9287 130.571 25
46.6189 131.268 26
44.4568 131.552 27
42.8284 131.385 28
40.8708 131.629 29
38.7478 132.717 30
36.6389 133.223 31
34.3845 133.28 32
32.2307 133.262 33
30.3344 133.753 34
28.2001 134.724 35
25.8259 135.273 36
23.9138 135.332 37
22.2201 135.207 38
20.5463 135.676 39
18.6223 136.835 40
16.5226 137.411 41
14.4476 137.67 42
12.6873 137.731 43
11.1691 138.335 44
9.32606 139.492 45
7.17674 140.168 46
5.05084 140.382 47
3.35246 140.457 48
1.73604 140.989 49
0.242021 141.855 50
-------------
97 121 0
94.8387 121.559 1
92.9427 121.56 2
91.0812 121.416 3
89.3794 121.771 4
87.5503 122.494 5
85.366 123.109 6
83.303 123.283 7
81.8744 123.285 8
80.4018 123.773 9
78.8422 124.682 10
77.1511 125.31 11
75.3415 125.413 12
73.8465 125.349 13
72.402 125.614 14
70.7125 126.323 15
68.5918 126.924 16
66.476 127.127 17
64.8114 127.061 18
63.1759 127.458 19
61.4914 128.477 20
59.7132 128.889 21
57.7025 129.004 22
55.769 129.058 23
54.1686 129.523 24
52.4859 130.355 25
50.1776 131.048 26
47.9817 131.299 27
46.3534 131.136 28
44.4817 131.426 29
42.3594 132.508 30
40.2474 132.967 31
38.081 132.956 32
36.0265 132.964 33
-------------
94 124 0
91.7736 124.533 1
89.9305 124.547 2
88.0922 124.433 3
86.4537 124.701 4
84.7622 125.381 5
82.5617 126.02 6
80.3509 126.321 7
78.932 126.321 8
77.4666 126.737 9
75.8969 127.63 10
74.1862 128.234 11
72.8943 128.521 12
71.535 128.479 13
70.1206 128.706 14
68.4318 129.381 15
66.2938 129.988 16
64.1268 130.239 17
62.4492 130.179 18
60.8232 130.513 19
59.3778 131.46 20
57.6087 131.865 21
-------------
97 124 0
94.7758 124.541 1
93.2049 124.658 2
91.4385 124.528 3
89.8853 124.757 4
88.2661 125.413 5
86.0851 126.077 6
83.8277 126.503 7
82.4032 126.5 8
81.0351 126.896 9
-------------
94 127 0
91.7845 127.506 1
90.0972 127.537 2
88.3957 127.493 3
86.9344 127.761 4
85.6464 128.414 5
83.5179 129.094 6
81.3443 129.634 7
-------------
79 118 5
77.8968 118.331 6
76.1808 118.461 7
74.856 118.496 8
73.3128 118.975 9
71.7916 119.831 10
-------------
79 124 6
77.0018 124.145 7
75.7064 124.185 8
74.2106 124.632 9
72.6195 125.481 10
71.0167 126.032 11
69.4376 126.158 12
67.87 126.102 13
66.3843 126.407 14
64.6543 127.196 15
62.5183 127.804 16
-------------
79 130 8
77.8981 130.325 9
76.5623 130.949 10
74.8588 131.535 11
73.7195 131.855 12
72.3714 131.83 13
71.2081 132.055 14
69.835 132.619 15
67.7033 133.228 16
65.4895 133.588 17
-------------
76 133 10
74.3171 133.54 11
73.174 133.832 12
71.829 133.814 13
-------------
70 121 16
68.3592 121.199 17
66.8603 121.178 18
65.2409 121.658 19
63.4748 122.746 20
61.7027 123.2 21
59.8156 123.398 22
57.8932 123.496 23
-------------
52 121 20
51.0123 121.562 21
49.5245 121.834 22
47.8182 122.043 23
46.087 122.558 24
44.2121 123.528 25
41.9758 124.215 26
-------------
55 121 20
53.6153 121.599 21
52.0064 121.866 22
50.2339 122.06 23
48.396 122.601 24
46.3058 123.66 25
43.998 124.371 26
-------------
55 133 20
53.3503 133.378 21
51.9731 133.718 22
50.5089 133.823 23
49.1084 134.272 24
47.4353 135.178 25
45.1264 135.877 26
42.9308 136.204 27
41.3354 136.028 28
-------------
58 136 20
56.2646 136.392 21
55.1522 136.73 22
53.6977 136.85 23
52.6406 137.203 24
51.4517 137.846 25
49.1611 138.546 26
46.9577 139.136 27
46.0581 139.349 28
44.8982 139.575 29
-------------
58 139 20
56.3557 139.352 21
55.3439 139.66 22
53.8982 139.784 23
-------------
52 124 21
50.4164 124.253 22
48.6826 124.455 23
46.9171 124.97 24
44.854 125.999 25
42.541 126.701 26
40.3712 127.006 27
38.7334 126.869 28
36.821 127.136 29
34.7748 128.125 30
32.8512 128.689 31
30.8641 128.741 32
28.7223 128.728 33
26.6712 129.207 34
24.5318 130.175 35
22.224 130.693 36
20.1848 130.757 37
18.4239 130.647 38
16.697 131.165 39
14.7302 132.313 40
12.7817 132.964 41
10.7361 133.204 42
8.8553 133.247 43
7.04715 133.892 44
5.08563 135.076 45
2.96727 135.76 46
0.796224 136.003 47
-------------
55 133 22
53.5135 133.112 23
52.1503 133.584 24
50.6383 134.407 25
48.3345 135.103 26
46.1248 135.385 27
44.5025 135.207 28
42.7147 135.398 29
40.9141 136.427 30
-------------
49 127 23
47.2904 127.494 24
45.351 128.472 25
43.0375 129.171 26
40.8658 129.476 27
39.2299 129.332 28
37.3183 129.556 29
35.2317 130.504 30
33.163 131.001 31
-------------
49 130 23
47.3594 130.463 24
45.5017 131.396 25
43.1889 132.094 26
41.0068 132.402 27
39.3788 132.246 28
37.4905 132.41 29
35.4056 133.376 30
33.3075 133.875 31
-------------
43 121 26
41.5623 121.359 27
40.2629 121.401 28
38.8962 121.723 29
37.167 122.842 30
35.4308 123.575 31
33.6526 123.777 32
31.7024 123.829 33
-------------
37 139 26
36.6774 139.236 27
36.1127 139.33 28
35.2329 139.461 29
-------------
40 145 27
39.4459 145.086 28
38.4367 145.209 29
38.009 145.241 30
36.7174 145.532 31
35.3537 145.751 32
33.8646 145.857 33
-------------
37 124 29
35.182 125.054 30
33.3868 125.699 31
31.5473 125.784 32
29.5191 125.824 33
27.441 126.34 34
25.3243 127.308 35
23.1181 127.843 36
21.2557 127.978 37
19.5504 127.891 38
17.8474 128.485 39
15.9004 129.654 40
14.0779 130.363 41
12.1421 130.551 42
10.2617 130.594 43
8.44767 131.268 44
6.48402 132.447 45
4.49207 133.165 46
2.67667 133.401 47
0.998083 133.487 48
-------------
34 130 29
32.1642 130.746 30
30.4846 131.097 31
28.8442 131.178 32
26.8447 131.143 33
24.973 131.539 34
22.847 132.49 35
20.5381 133.006 36
18.451 133.071 37
16.6906 132.959 38
14.9792 133.443 39
13.1582 134.5 40
11.1293 135.058 41
9.20845 135.358 42
7.32993 135.401 43
5.57272 135.995 44
3.63061 137.194 45
1.49566 137.878 46
-------------
34 136 30
32.0652 136.465 31
30.3923 136.616 32
28.8118 136.655 33
27.1845 137.069 34
25.1098 138.072 35
22.7298 138.627 36
20.6325 138.697 37
18.9597 138.51 38
17.3113 138.95 39
15.5946 140.064 40
13.4939 140.635 41
11.7191 141.139 42
10.03 141.242 43
8.6933 141.891 44
7.04121 143.09 45
4.87283 143.775 46
2.54535 143.983 47
0.710112 143.987 48
-------------
40 139 30
38.5799 139.502 31
37.2258 139.778 32
35.727 139.881 33
35.0568 140.073 34
-------------
34 142 30
32.5756 142.344 31
31.1016 142.597 32
29.6007 142.707 33
-------------
37 142 30
35.5536 142.389 31
34.0997 142.676 32
32.6002 142.784 33
31.9849 143.017 34
-------------
40 142 30
38.621 142.45 31
37.2268 142.762 32
35.7346 142.873 33
35.229 143.018 34
-------------
40 121 31
38.8951 121.472 32
38.0252 121.773 33
36.7375 122.009 34
35.7582 122.298 35
34.7173 122.977 36
-------------
25 145 34
23.8566 145.486 35
21.7795 145.918 36
20.9503 145.965 37
-------------
28 145 34
26.8465 145.6 35
24.9115 146.083 36
24.1968 146.126 37
-------------
25 151 34
24.1243 151.163 35
23.2669 151.307 36
22.6251 151.336 37
22.28 151.374 38
21.4726 151.492 39
20.9589 151.679 40
19.5202 151.93 41
17.7832 152.432 42
16.0513 152.526 43
15.6077 152.664 44
14.9375 152.918 45
13.943 153.243 46
-------------
22 136 35
19.7085 136.525 36
17.6094 136.598 37
15.9166 136.486 38
14.2475 136.933 39
12.5282 137.878 40
10.4375 138.444 41
8.50021 138.815 42
6.73694 138.879 43
5.12525 139.437 44
3.17677 140.648 45
1.01133 141.329 46
-------------
19 130 36
17.0339 130.011 37
15.2788 129.895 38
13.6307 130.364 39
11.8678 131.427 40
10.1009 131.998 41
8.27206 132.3 42
6.42911 132.363 43
4.73777 132.965 44
2.77995 134.151 45
0.729198 134.855 46
-------------
19 151 36
18.3875 151.031 37
18.0294 151.069 38
17.2209 151.185 39
16.4852 151.526 40
14.9892 151.788 41
13.2485 152.297 42
11.5049 152.388 43
11.0162 152.583 44
-------------
25 139 37
23.384 138.723 38
21.7355 139.17 39
19.9999 140.314 40
17.8993 140.885 41
16.1405 141.26 42
14.5002 141.364 43
13.2276 141.878 44
11.5974 142.9 45
9.47039 143.568 46
7.22146 143.773 47
5.40552 143.771 48
3.93686 144.05 49
-------------
19 145 38
18.1562 145.131 39
16.991 145.772 40
14.9512 146.328 41
13.2098 146.841 42
11.4966 146.942 43
10.5052 147.483 44
-------------
19 148 38
18.186 148.121 39
17.3128 148.522 40
15.6862 148.858 41
13.945 149.371 42
12.2214 149.472 43
-------------
13 139 39
11.319 139.895 40
9.23633 140.461 41
7.41557 140.906 42
5.67232 140.982 43
4.07658 141.538 44
2.18381 142.778 45
0.0191507 143.457 46
-------------
16 142 39
14.4026 142.985 40
12.3092 143.557 41
10.5605 144.071 42
8.85162 144.164 43
7.64306 144.828 44
6.04391 146.038 45
3.8983 146.755 46
1.48429 147.014 47
-0.354064 147.023 48
-------------
19 142 39
17.3686 143.121 40
15.274 143.694 41
13.532 144.206 42
11.8772 144.339 43
10.738 144.97 44
9.25289 146.119 45
7.15301 146.819 46
4.75369 147.064 47
2.92069 147.066 48
1.81715 147.267 49
-------------
10 142 40
8.07213 142.496 41
6.31399 142.997 42
4.57148 143.078 43
3.19645 143.665 44
1.48878 144.856 45
-------------
22 142 40
20.0005 142.534 41
18.3719 142.959 42
16.9127 143.158 43
15.946 143.605 44
-------------
10 145 40
8.26752 145.382 41
6.5196 145.894 42
4.77608 145.98 43
-------------
13 145 40
10.9719 145.537 41
9.22458 146.05 42
7.48801 146.138 43
6.43973 146.716 44
4.84408 147.848 45
2.88795 148.549 46
0.458588 148.815 47
-------------
7 136 41
5.24329 136.427 42
3.49355 136.506 43
1.89659 137.062 44
-0.0485198 138.259 45
-------------
19 145 41
17.3171 145.485 42
15.8257 145.669 43
14.9233 146.1 44
13.7809 146.713 45
-------------
4 151 45
2.23248 151.666 46
-0.197545 151.933 47
-------------
7 151 45
5.24345 151.689 46
2.81468 151.958 47
0.97757 152.039 48
-0.110786 152.236 49
-------------
10 148 46
7.63889 148.27 47
5.86341 148.321 48
4.79814 148.529 49
4.10812 148.633 50
3.50359 148.645 51
3.39275 148.711 52
3.34755 148.774 53
3.26863 148.84 54
2.93071 149.009 55
2.63283 149.101 56
2.55008 149.134 57
2.00635 149.292 58
1.48207 149.525 59
-------------
10 151 46
7.57419 151.276 47
5.7503 151.36 48
4.69588 151.556 49
4.01165 151.657 50
3.41407 151.668 51
3.30349 151.734 52
3.25642 151.794 53
3.17609 151.859 54
2.83671 152.028 55
2.52315 152.119 56
2.4379 152.152 57
1.89381 152.309 58
1.34747 152.527 59
0.687452 152.666 60
-0.497715 153.075 61
-------------
4 142 50
3.12276 142.098 51
3.01336 142.164 52
2.97466 142.234 53
2.90328 142.302 54
2.5862 142.471 55
2.37898 142.572 56
2.30243 142.605 57
1.76516 142.766 58
1.25149 143.009 59
-------------
