34 112 117
34.0114 111.977 118
34.0857 111.932 119
34.0898 111.917 120
34.1365 111.944 121
34.1718 111.966 122
34.1898 111.96 123
34.229 111.921 124
34.2588 111.904 125
34.2684 111.905 126
34.2694 111.907 127
34.2495 111.895 128
34.2339 111.873 129
34.0931 111.935 130
33.938 112.122 131
33.5486 112.285 132
32.9901 112.358 133
32.3264 112.692 134
31.4715 113.445 135
30.4298 113.995 136
29.4463 114.127 137
28.6859 114.273 138
27.9092 114.89 139
27.1653 115.67 140
26.3731 116.013 141
25.583 116.093 142
24.8175 116.458 143
-------------
34 115 124
34.1071 114.956 125
34.206 114.961 126
34.2247 114.96 127
34.2202 114.945 128
34.2229 114.923 129
34.1087 115.001 130
33.9765 115.225 131
33.6035 115.496 132
33.0421 115.571 133
32.3777 115.91 134
31.5161 116.692 135
30.4665 117.256 136
29.4804 117.398 137
28.6912 117.539 138
27.8672 118.198 139
27.1043 118.998 140
26.2641 119.341 141
25.466 119.425 142
24.6846 119.799 143
23.6997 120.628 144
22.5723 121.195 145
21.5962 121.426 146
20.8452 121.666 147
20.0963 122.396 148
19.3013 123.259 149
18.6017 123.627 150
17.7524 123.729 151
16.9648 124.119 152
15.9188 125.025 153
14.6801 125.631 154
13.687 125.738 155
12.8814 125.949 156
12.0079 126.76 157
11.1456 127.575 158
10.3016 127.844 159
9.29572 127.983 160
8.33573 128.497 161
7.20379 129.422 162
5.88922 129.987 163
4.66336 130.251 164
3.80196 130.501 165
2.87382 131.23 166
2.10463 131.912 167
1.30572 132.133 168
1.28597 132.126 169
1.36754 132.115 170
1.39506 132.103 171
-------------
31 115 127
31.0105 114.981 128
31.0307 114.951 129
30.9748 114.965 130
30.8323 115.098 131
30.4202 115.258 132
29.8541 115.325 133
29.182 115.649 134
28.2815 116.383 135
27.2075 116.918 136
26.2266 117.042 137
25.4415 117.171 138
24.616 117.722 139
23.8855 118.503 140
23.0413 118.839 141
22.2589 118.919 142
21.4746 119.29 143
20.4901 120.1 144
19.4002 120.645 145
18.4219 120.857 146
17.6343 121.045 147
16.8819 121.759 148
16.0854 122.612 149
15.3884 122.973 150
14.5387 123.073 151
13.751 123.461 152
12.7004 124.349 153
11.4769 124.955 154
10.4887 125.058 155
9.66357 125.244 156
8.78671 126.051 157
7.92064 126.865 158
7.07646 127.13 159
6.07061 127.269 160
5.1116 127.783 161
3.97078 128.709 162
2.66661 129.27 163
1.44182 129.533 164
0.589946 129.779 165
-0.322425 130.513 166
-------------
31 118 128
31.0437 117.962 129
31.0781 117.959 130
31.0075 118.06 131
30.7111 118.254 132
30.1974 118.339 133
29.5433 118.675 134
28.6884 119.455 135
27.6396 120.02 136
26.6673 120.164 137
25.8799 120.304 138
25.0582 120.956 139
24.2958 121.756 140
23.4569 122.103 141
22.7186 122.207 142
21.9356 122.583 143
20.9437 123.411 144
19.8152 123.987 145
18.8305 124.206 146
18.0352 124.427 147
17.2811 125.157 148
16.4663 126.019 149
15.7665 126.389 150
14.9268 126.51 151
14.1389 126.902 152
13.0833 127.834 153
11.8445 128.476 154
10.853 128.588 155
10.0304 128.791 156
9.14571 129.618 157
8.27316 130.441 158
7.431 130.716 159
6.44537 130.875 160
5.49363 131.399 161
4.34978 132.349 162
3.04191 132.915 163
1.81507 133.179 164
0.960359 133.427 165
0.0463624 134.16 166
-------------
37 112 129
36.9015 112.09 130
36.8014 112.301 131
36.5976 112.55 132
36.0434 112.619 133
35.3799 112.955 134
34.531 113.723 135
33.4896 114.283 136
32.5102 114.423 137
31.7593 114.604 138
30.943 115.258 139
30.1905 116.05 140
29.3992 116.386 141
28.6108 116.464 142
-------------
37 115 132
36.4477 115.063 133
35.7837 115.398 134
34.9321 116.168 135
33.8853 116.728 136
32.8967 116.883 137
32.1065 117.03 138
31.283 117.686 139
30.5204 118.482 140
29.6743 118.821 141
28.8733 118.904 142
28.0944 119.277 143
27.1353 120.074 144
26.0143 120.616 145
25.0485 120.851 146
24.3544 121.126 147
23.6175 121.857 148
22.8647 122.713 149
22.1627 123.078 150
21.3153 123.184 151
20.5305 123.573 152
19.4901 124.462 153
18.2712 125.048 154
17.3182 125.13 155
16.5227 125.351 156
-------------
34 118 133
33.3434 118.347 134
32.4922 119.13 135
31.4451 119.695 136
30.4621 119.859 137
29.6712 120.001 138
28.8454 120.663 139
28.0795 121.465 140
27.2342 121.81 141
26.4505 121.913 142
25.6682 122.291 143
24.6759 123.119 144
23.5242 123.704 145
22.5272 123.953 146
21.7435 124.194 147
20.9919 124.923 148
20.1804 125.786 149
19.4656 126.157 150
18.6199 126.261 151
17.8327 126.65 152
16.7854 127.568 153
15.5319 128.187 154
14.5377 128.3 155
13.7294 128.509 156
12.8565 129.323 157
11.9893 130.136 158
11.1446 130.404 159
10.1412 130.538 160
9.18842 131.052 161
8.04863 131.979 162
6.70448 132.548 163
5.4762 132.814 164
4.61132 133.062 165
3.66079 133.776 166
2.87692 134.437 167
2.05499 134.563 168
2.03245 134.548 169
2.11688 134.534 170
-------------
37 118 133
36.3559 118.339 134
35.5071 119.115 135
34.4681 119.676 136
33.4851 119.844 137
32.6932 119.984 138
31.8666 120.643 139
31.101 121.441 140
30.2512 121.778 141
29.4532 121.864 142
28.6761 122.24 143
27.675 122.989 144
26.5666 123.536 145
25.6568 123.808 146
24.9488 124.037 147
-------------
31 121 133
30.4046 121.363 134
29.5606 122.144 135
28.5196 122.715 136
27.5693 122.877 137
26.782 123.017 138
25.9662 123.684 139
25.2005 124.488 140
24.3713 124.845 141
23.6953 124.969 142
22.914 125.351 143
21.9241 126.181 144
20.7669 126.79 145
19.7641 127.026 146
18.9519 127.261 147
18.2004 127.992 148
17.3836 128.859 149
16.6861 129.249 150
15.8814 129.385 151
15.0946 129.778 152
14.045 130.714 153
12.7977 131.378 154
11.7972 131.509 155
10.9743 131.712 156
10.0904 132.54 157
9.21588 133.366 158
8.3817 133.65 159
7.5056 133.813 160
6.56855 134.345 161
5.42499 135.299 162
4.08701 135.922 163
2.83797 136.2 164
1.94341 136.447 165
1.02758 137.178 166
0.263361 137.848 167
-------------
34 121 133
33.3777 121.366 134
32.5317 122.152 135
31.4912 122.721 136
30.5117 122.897 137
29.7176 123.037 138
28.8929 123.703 139
28.1267 124.506 140
27.2825 124.852 141
26.5359 124.987 142
25.7538 125.369 143
24.7627 126.198 144
23.5944 126.804 145
22.4952 127.132 146
21.6717 127.372 147
20.9049 128.09 148
20.0842 128.952 149
19.3675 129.329 150
18.5568 129.451 151
17.7707 129.843 152
16.7364 130.748 153
15.4557 131.414 154
14.4184 131.584 155
13.5931 131.786 156
12.6955 132.566 157
11.8138 133.382 158
10.976 133.659 159
10.1083 133.807 160
9.17454 134.332 161
8.02903 135.279 162
6.64859 135.919 163
5.36081 136.223 164
4.39063 136.469 165
3.43023 137.185 166
2.64822 137.849 167
1.82988 137.962 168
1.80836 137.945 169
1.89941 137.933 170
-------------
34 124 134
33.221 124.722 135
32.1853 125.291 136
31.2055 125.47 137
30.4137 125.607 138
29.6368 126.233 139
28.8766 127.027 140
28.0497 127.298 141
27.318 127.438 142
26.5357 127.821 143
25.6382 128.54 144
24.4688 129.144 145
23.3647 129.475 146
22.5285 129.708 147
21.773 130.285 148
20.9556 131.07 149
20.2402 131.435 150
19.4837 131.579 151
18.7025 131.962 152
17.7894 132.738 153
16.5071 133.406 154
15.4531 133.594 155
14.6245 133.789 156
13.7616 134.477 157
12.8875 135.252 158
12.062 135.525 159
-------------
22 124 140
21.2267 124.324 141
20.5826 124.399 142
19.8018 124.775 143
18.8194 125.57 144
17.7072 126.163 145
16.7445 126.354 146
15.9501 126.553 147
15.228 127.245 148
14.4205 128.098 149
13.7585 128.474 150
12.9523 128.61 151
12.1665 129.001 152
11.1122 129.929 153
9.88751 130.584 154
8.91298 130.704 155
8.09359 130.903 156
7.20963 131.729 157
6.3389 132.552 158
5.53114 132.851 159
4.62554 133.032 160
3.68854 133.567 161
2.54699 134.518 162
1.25117 135.125 163
0.0247824 135.392 164
-------------
31 124 140
30.1418 124.312 141
29.3719 124.433 142
28.5936 124.813 143
27.6119 125.578 144
26.4422 126.181 145
25.3539 126.506 146
24.5248 126.736 147
23.7381 127.349 148
22.9255 128.161 149
22.2076 128.527 150
-------------
25 127 140
24.2256 127.353 141
23.6473 127.454 142
22.8671 127.837 143
21.9095 128.663 144
20.7524 129.271 145
19.7303 129.559 146
18.9041 129.796 147
18.1709 130.494 148
17.3546 131.361 149
16.6922 131.737 150
15.9317 131.86 151
15.1486 132.252 152
14.1242 133.185 153
12.8671 133.853 154
11.8257 134.036 155
10.9994 134.235 156
10.1222 135.062 157
9.24833 135.888 158
8.4336 136.17 159
7.58663 136.319 160
6.65211 136.852 161
5.521 137.809 162
4.14924 138.47 163
2.85024 138.767 164
1.72685 138.933 165
0.806112 139.654 166
0.0412879 140.314 167
-------------
19 127 143
18.0832 127.716 144
17.0008 128.305 145
16.106 128.482 146
15.3449 128.665 147
14.7316 129.191 148
13.9317 130.045 149
13.3173 130.431 150
12.5546 130.568 151
11.7762 130.957 152
10.7307 131.886 153
9.50712 132.549 154
8.55111 132.687 155
7.73953 132.885 156
6.8596 133.713 157
5.98841 134.538 158
5.21784 134.85 159
4.3705 135.027 160
3.43697 135.563 161
2.30108 136.513 162
1.0245 137.132 163
-0.202274 137.4 164
-------------
22 118 145
21.0405 118.221 146
20.354 118.445 147
19.6495 119.15 148
18.8787 120.005 149
18.2374 120.352 150
17.3945 120.453 151
16.6647 120.816 152
15.6285 121.701 153
14.4621 122.251 154
13.5546 122.34 155
12.8263 122.525 156
11.9721 123.306 157
11.1612 124.083 158
10.4293 124.294 159
9.44796 124.431 160
8.54868 124.907 161
7.47749 125.767 162
6.21375 126.292 163
-------------
13 124 149
12.302 124.339 150
11.4711 124.441 151
10.6796 124.809 152
9.58631 125.674 153
8.35815 126.283 154
7.41251 126.35 155
6.57856 126.514 156
5.67775 127.301 157
4.80611 128.103 158
3.96042 128.362 159
2.95683 128.504 160
1.99694 129.017 161
0.857469 129.947 162
-0.445069 130.509 163
-------------
16 136 151
15.2838 136.351 152
14.6173 137.016 153
13.3865 137.682 154
-------------
19 136 152
18.3835 136.609 153
17.1629 137.277 154
16.1239 137.475 155
15.3013 137.661 156
14.5982 138.259 157
-------------
19 127 153
17.7578 127.598 154
16.7997 127.723 155
15.9984 127.933 156
15.1375 128.732 157
14.2811 129.526 158
13.4363 129.792 159
12.4385 129.913 160
11.4793 130.417 161
10.3541 131.324 162
9.02455 131.889 163
7.84613 132.162 164
6.98058 132.409 165
6.03087 133.108 166
5.23505 133.734 167
4.4174 133.867 168
4.3967 133.855 169
4.48059 133.841 170
-------------
7 136 155
6.36572 136.165 156
5.67344 136.801 157
4.8238 137.604 158
-------------
10 139 155
9.44977 139.152 156
8.83846 139.73 157
8.04637 140.41 158
-------------
13 139 155
12.3745 139.159 156
11.7259 139.795 157
10.9929 140.456 158
-------------
4 130 156
3.14799 130.689 157
2.29911 131.495 158
1.47841 131.77 159
0.487589 131.921 160
-0.464052 132.448 161
-------------
4 133 156
3.1988 133.687 157
2.35393 134.496 158
1.58399 134.8 159
0.685018 134.982 160
-0.248958 135.519 161
-------------
10 139 159
9.30181 139.043 160
8.41586 139.531 161
7.50401 140.279 162
6.13164 140.946 163
4.79798 141.266 164
3.66287 141.433 165
2.72095 142.141 166
1.95638 142.77 167
-------------
10 136 160
9.06918 136.527 161
7.98601 137.404 162
6.60448 138.058 163
5.27193 138.378 164
4.15387 138.566 165
3.19718 139.272 166
2.41148 139.924 167
-------------
4 139 160
3.0815 139.529 161
2.11002 140.44 162
0.867399 141.055 163
-0.349944 141.343 164
-------------
4 142 161
3.1192 142.852 162
1.97479 143.424 163
0.807426 143.731 164
-0.319675 143.897 165
-------------
7 142 161
6.16064 142.776 162
4.89006 143.439 163
3.62609 143.799 164
2.49665 143.966 165
1.58062 144.685 166
-------------
10 139 162
8.62535 139.65 163
7.29353 139.967 164
6.15989 140.135 165
5.2005 140.83 166
4.40407 141.428 167
-------------
7 145 162
5.95178 145.527 163
4.85807 145.864 164
3.73215 146.029 165
2.82131 146.736 166
-------------
7 142 164
5.86609 142.166 165
4.9214 142.858 166
-------------
7 145 164
5.87635 145.164 165
5.0189 145.844 166
-------------
34 112 117
34.0114 111.977 118
34.0857 111.932 119
34.0898 111.917 120
34.1365 111.944 121
34.1718 111.966 122
34.1898 111.96 123
34.229 111.921 124
34.2588 111.904 125
34.2684 111.905 126
34.2694 111.907 127
34.2495 111.895 128
34.2339 111.873 129
34.0931 111.935 130
33.938 112.122 131
33.5486 112.285 132
32.9901 112.358 133
32.3264 112.692 134
31.4715 113.445 135
30.4298 113.995 136
29.4463 114.127 137
28.6859 114.273 138
27.9092 114.89 139
27.1653 115.67 140
26.3731 116.013 141
25.583 116.093 142
24.8175 116.458 143
-------------
34 115 124
34.1071 114.956 125
34.206 114.961 126
34.2247 114.96 127
34.2202 114.945 128
34.2229 114.923 129
34.1087 115.001 130
33.9765 115.225 131
33.6035 115.496 132
33.0421 115.571 133
32.3777 115.91 134
31.5161 116.692 135
30.4665 117.256 136
29.4804 117.398 137
28.6912 117.539 138
27.8672 118.198 139
27.1043 118.998 140
26.2641 119.341 141
25.466 119.425 142
24.6846 119.799 143
23.6997 120.628 144
22.5723 121.195 145
21.5962 121.426 146
20.8452 121.666 147
20.0963 122.396 148
19.3013 123.259 149
18.6017 123.627 150
17.7524 123.729 151
16.9648 124.119 152
15.9188 125.025 153
14.6801 125.631 154
13.687 125.738 155
12.8814 125.949 156
12.0079 126.76 157
11.1456 127.575 158
10.3016 127.844 159
9.29572 127.983 160
8.33573 128.497 161
7.20379 129.422 162
5.88922 129.987 163
4.66336 130.251 164
3.80196 130.501 165
2.87382 131.23 166
2.10463 131.912 167
1.30572 132.133 168
1.28597 132.126 169
1.36754 132.115 170
1.39506 132.103 171
-------------
31 115 127
31.0105 114.981 128
31.0307 114.951 129
30.9748 114.965 130
30.8323 115.098 131
30.4202 115.258 132
29.8541 115.325 133
29.182 115.649 134
28.2815 116.383 135
27.2075 116.918 136
26.2266 117.042 137
25.4415 117.171 138
24.616 117.722 139
23.8855 118.503 140
23.0413 118.839 141
22.2589 118.919 142
21.4746 119.29 143
20.4901 120.1 144
19.4002 120.645 145
18.4219 120.857 146
17.6343 121.045 147
16.8819 121.759 148
16.0854 122.612 149
15.3884 122.973 150
14.5387 123.073 151
13.751 123.461 152
12.7004 124.349 153
11.4769 124.955 154
10.4887 125.058 155
9.66357 125.244 156
8.78671 126.051 157
7.92064 126.865 158
7.07646 127.13 159
6.07061 127.269 160
5.1116 127.783 161
3.97078 128.709 162
2.66661 129.27 163
1.44182 129.533 164
0.589946 129.779 165
-0.322425 130.513 166
-------------
31 118 128
31.0437 117.962 129
31.0781 117.959 130
31.0075 118.06 131
30.7111 118.254 132
30.1974 118.339 133
29.5433 118.675 134
28.6884 119.455 135
27.6396 120.02 136
26.6673 120.164 137
25.8799 120.304 138
25.0582 120.956 139
24.2958 121.756 140
23.4569 122.103 141
22.7186 122.207 142
21.9356 122.583 143
20.9437 123.411 144
19.8152 123.987 145
18.8305 124.206 146
18.0352 124.427 147
17.2811 125.157 148
16.4663 126.019 149
15.7665 126.389 150
14.9268 126.51 151
14.1389 126.902 152
13.0833 127.834 153
11.8445 128.476 154
10.853 128.588 155
10.0304 128.791 156
9.14571 129.618 157
8.27316 130.441 158
7.431 130.716 159
6.44537 130.875 160
5.49363 131.399 161
4.34978 132.349 162
3.04191 132.915 163
1.81507 133.179 164
0.960359 133.427 165
0.0463624 134.16 166
-------------
37 112 129
36.9015 112.09 130
36.8014 112.301 131
36.5976 112.55 132
36.0434 112.619 133
35.3799 112.955 134
34.531 113.723 135
33.4896 114.283 136
32.5102 114.423 137
31.7593 114.604 138
30.943 115.258 139
30.1905 116.05 140
29.3992 116.386 141
28.6108 116.464 142
-------------
37 115 132
36.4477 115.063 133
35.7837 115.398 134
34.9321 116.168 135
33.8853 116.728 136
32.8967 116.883 137
32.1065 117.03 138
31.283 117.686 139
30.5204 118.482 140
29.6743 118.821 141
28.8733 118.904 142
28.0944 119.277 143
27.1353 120.074 144
26.0143 120.616 145
25.0485 120.851 146
24.3544 121.126 147
23.6175 121.857 148
22.8647 122.713 149
22.1627 123.078 150
21.3153 123.184 151
20.5305 123.573 152
19.4901 124.462 153
18.2712 125.048 154
17.3182 125.13 155
16.5227 125.351 156
-------------
34 118 133
33.3434 118.347 134
32.4922 119.13 135
31.4451 119.695 136
30.4621 119.859 137
29.6712 120.001 138
28.8454 120.663 139
28.0795 121.465 140
27.2342 121.81 141
26.4505 121.913 142
25.6682 122.291 143
24.6759 123.119 144
23.5242 123.704 145
22.5272 123.953 146
21.7435 124.194 147
20.9919 124.923 148
20.1804 125.786 149
19.4656 126.157 150
18.6199 126.261 151
17.8327 126.65 152
16.7854 127.568 153
15.5319 128.187 154
14.5377 128.3 155
13.7294 128.509 156
12.8565 129.323 157
11.9893 130.136 158
11.1446 130.404 159
10.1412 130.538 160
9.18842 131.052 161
8.04863 131.979 162
6.70448 132.548 163
5.4762 132.814 164
4.61132 133.062 165
3.66079 133.776 166
2.87692 134.437 167
2.05499 134.563 168
2.03245 134.548 169
2.11688 134.534 170
-------------
37 118 133
36.3559 118.339 134
35.5071 119.115 135
34.4681 119.676 136
33.4851 119.844 137
32.6932 119.984 138
31.8666 120.643 139
31.101 121.441 140
30.2512 121.778 141
29.4532 121.864 142
28.6761 122.24 143
27.675 122.989 144
26.5666 123.536 145
25.6568 123.808 146
24.9488 124.037 147
-------------
31 121 133
30.4046 121.363 134
29.5606 122.144 135
28.5196 122.715 136
27.5693 122.877 137
26.782 123.017 138
25.9662 123.684 139
25.2005 124.488 140
24.3713 124.845 141
23.6953 124.969 142
22.914 125.351 143
21.9241 126.181 144
20.7669 126.79 145
19.7641 127.026 146
18.9519 127.261 147
18.2004 127.992 148
17.3836 128.859 149
16.6861 129.249 150
15.8814 129.385 151
15.0946 129.778 152
14.045 130.714 153
12.7977 131.378 154
11.7972 131.509 155
10.9743 131.712 156
10.0904 132.54 157
9.21588 133.366 158
8.3817 133.65 159
7.5056 133.813 160
6.56855 134.345 161
5.42499 135.299 162
4.08701 135.922 163
2.83797 136.2 164
1.94341 136.447 165
1.02758 137.178 166
0.263361 137.848 167
-------------
34 121 133
33.3777 121.366 134
32.5317 122.152 135
31.4912 122.721 136
30.5117 122.897 137
29.7176 123.037 138
28.8929 123.703 139
28.1267 124.506 140
27.2825 124.852 141
26.5359 124.987 142
25.7538 125.369 143
24.7627 126.198 144
23.5944 126.804 145
22.4952 127.132 146
21.6717 127.372 147
20.9049 128.09 148
20.0842 128.952 149
19.3675 129.329 150
18.5568 129.451 151
17.7707 129.843 152
16.7364 130.748 153
15.4557 131.414 154
14.4184 131.584 155
13.5931 131.786 156
12.6955 132.566 157
11.8138 133.382 158
10.976 133.659 159
10.1083 133.807 160
9.17454 134.332 161
8.02903 135.279 162
6.64859 135.919 163
5.36081 136.223 164
4.39063 136.469 165
3.43023 137.185 166
2.64822 137.849 167
1.82988 137.962 168
1.80836 137.945 169
1.89941 137.933 170
-------------
34 124 134
33.221 124.722 135
32.1853 125.291 136
31.2055 125.47 137
30.4137 125.607 138
29.6368 126.233 139
28.8766 127.027 140
28.0497 127.298 141
27.318 127.438 142
26.5357 127.821 143
25.6382 128.54 144
24.4688 129.144 145
23.3647 129.475 146
22.5285 129.708 147
21.773 130.285 148
20.9556 131.07 149
20.2402 131.435 150
19.4837 131.579 151
18.7025 131.962 152
17.7894 132.738 153
16.5071 133.406 154
15.4531 133.594 155
14.6245 133.789 156
13.7616 134.477 157
12.8875 135.252 158
12.062 135.525 159
-------------
22 124 140
21.2267 124.324 141
20.5826 124.399 142
19.8018 124.775 143
18.8194 125.57 144
17.7072 126.163 145
16.7445 126.354 146
15.9501 126.553 147
15.228 127.245 148
14.4205 128.098 149
13.7585 128.474 150
12.9523 128.61 151
12.1665 129.001 152
11.1122 129.929 153
9.88751 130.584 154
8.91298 130.704 155
8.09359 130.903 156
7.20963 131.729 157
6.3389 132.552 158
5.53114 132.851 159
4.62554 133.032 160
3.68854 133.567 161
2.54699 134.518 162
1.25117 135.125 163
0.0247824 135.392 164
-------------
31 124 140
30.1418 124.312 141
29.3719 124.433 142
28.5936 124.813 143
27.6119 125.578 144
26.4422 126.181 145
25.3539 126.506 146
24.5248 126.736 147
23.7381 127.349 148
22.9255 128.161 149
22.2076 128.527 150
-------------
25 127 140
24.2256 127.353 141
23.6473 127.454 142
22.8671 127.837 143
21.9095 128.663 144
20.7524 129.271 145
19.7303 129.559 146
18.9041 129.796 147
18.1709 130.494 148
17.3546 131.361 149
16.6922 131.737 150
15.9317 131.86 151
15.1486 132.252 152
14.1242 133.185 153
12.8671 133.853 154
11.8257 134.036 155
10.9994 134.235 156
10.1222 135.062 157
9.24833 135.888 158
8.4336 136.17 159
7.58663 136.319 160
6.65211 136.852 161
5.521 137.809 162
4.14924 138.47 163
2.85024 138.767 164
1.72685 138.933 165
0.806112 139.654 166
0.0412879 140.314 167
-------------
19 127 143
18.0832 127.716 144
17.0008 128.305 145
16.106 128.482 146
15.3449 128.665 147
14.7316 129.191 148
13.9317 130.045 149
13.3173 130.431 150
12.5546 130.568 151
11.7762 130.957 152
10.7307 131.886 153
9.50712 132.549 154
8.55111 132.687 155
7.73953 132.885 156
6.8596 133.713 157
5.98841 134.538 158
5.21784 134.85 159
4.3705 135.027 160
3.43697 135.563 161
2.30108 136.513 162
1.0245 137.132 163
-0.202274 137.4 164
-------------
22 118 145
21.0405 118.221 146
20.354 118.445 147
19.6495 119.15 148
18.8787 120.005 149
18.2374 120.352 150
17.3945 120.453 151
16.6647 120.816 152
15.6285 121.701 153
14.4621 122.251 154
13.5546 122.34 155
12.8263 122.525 156
11.9721 123.306 157
11.1612 124.083 158
10.4293 124.294 159
9.44796 124.431 160
8.54868 124.907 161
7.47749 125.767 162
6.21375 126.292 163
-------------
13 124 149
12.302 124.339 150
11.4711 124.441 151
10.6796 124.809 152
9.58631 125.674 153
8.35815 126.283 154
7.41251 126.35 155
6.57856 126.514 156
5.67775 127.301 157
4.80611 128.103 158
3.96042 128.362 159
2.95683 128.504 160
1.99694 129.017 161
0.857469 129.947 162
-0.445069 130.509 163
-------------
16 136 151
15.2838 136.351 152
14.6173 137.016 153
13.3865 137.682 154
-------------
19 136 152
18.3835 136.609 153
17.1629 137.277 154
16.1239 137.475 155
15.3013 137.661 156
14.5982 138.259 157
-------------
19 127 153
17.7578 127.598 154
16.7997 127.723 155
15.9984 127.933 156
15.1375 128.732 157
14.2811 129.526 158
13.4363 129.792 159
12.4385 129.913 160
11.4793 130.417 161
10.3541 131.324 162
9.02455 131.889 163
7.84613 132.162 164
6.98058 132.409 165
6.03087 133.108 166
5.23505 133.734 167
4.4174 133.867 168
4.3967 133.855 169
4.48059 133.841 170
-------------
7 136 155
6.36572 136.165 156
5.67344 136.801 157
4.8238 137.604 158
-------------
10 139 155
9.44977 139.152 156
8.83846 139.73 157
8.04637 140.41 158
-------------
13 139 155
12.3745 139.159 156
11.7259 139.795 157
10.9929 140.456 158
-------------
4 130 156
3.14799 130.689 157
2.29911 131.495 158
1.47841 131.77 159
0.487589 131.921 160
-0.464052 132.448 161
-------------
4 133 156
3.1988 133.687 157
2.35393 134.496 158
1.58399 134.8 159
0.685018 134.982 160
-0.248958 135.519 161
-------------
10 139 159
9.30181 139.043 160
8.41586 139.531 161
7.50401 140.279 162
6.13164 140.946 163
4.79798 141.266 164
3.66287 141.433 165
2.72095 142.141 166
1.95638 142.77 167
-------------
10 136 160
9.06918 136.527 161
7.98601 137.404 162
6.60448 138.058 163
5.27193 138.378 164
4.15387 138.566 165
3.19718 139.272 166
2.41148 139.924 167
-------------
4 139 160
3.0815 139.529 161
2.11002 140.44 162
0.867399 141.055 163
-0.349944 141.343 164
-------------
4 142 161
3.1192 142.852 162
1.97479 143.424 163
0.807426 143.731 164
-0.319675 143.897 165
-------------
7 142 161
6.16064 142.776 162
4.89006 143.439 163
3.62609 143.799 164
2.49665 143.966 165
1.58062 144.685 166
-------------
10 139 162
8.62535 139.65 163
7.29353 139.967 164
6.15989 140.135 165
5.2005 140.83 166
4.40407 141.428 167
-------------
7 145 162
5.95178 145.527 163
4.85807 145.864 164
3.73215 146.029 165
2.82131 146.736 166
-------------
7 142 164
5.86609 142.166 165
4.9214 142.858 166
-------------
7 145 164
5.87635 145.164 165
5.0189 145.844 166
-------------
