4 148 169
5.64447 147.756 170
7.45442 147.613 171
9.66686 147.242 172
11.5912 146.33 173
13.2902 145.585 174
14.984 145.193 175
16.4771 144.869 176
17.9826 144.406 177
19.5596 143.797 178
21.1021 143.386 179
22.7295 143.219 180
24.7304 142.783 181
26.6645 142.129 182
28.1849 141.626 183
29.6593 141.267 184
31.0023 140.958 185
32.3648 140.593 186
33.6895 140.156 187
35.1381 139.748 188
36.5321 139.497 189
38.0943 139.157 190
39.549 138.655 191
40.693 138.24 192
41.7882 137.863 193
42.6359 137.653 194
43.5241 137.395 195
44.4782 136.903 196
45.5866 136.524 197
46.7016 136.317 198
47.9654 136.016 199
-------------
4 151 169
5.64697 150.755 170
7.4582 150.613 171
9.66889 150.241 172
11.5926 149.328 173
13.2914 148.583 174
14.9883 148.188 175
16.4842 147.862 176
17.9949 147.43 177
19.5704 146.825 178
21.1493 146.411 179
22.8191 146.245 180
24.8205 145.815 181
26.7599 145.165 182
28.2791 144.67 183
29.7527 144.309 184
31.0956 143.998 185
32.4887 143.664 186
33.7975 143.316 187
35.2524 142.914 188
36.6452 142.662 189
38.2107 142.326 190
39.6852 141.85 191
40.756 141.557 192
41.8481 141.185 193
42.6812 140.962 194
43.6665 140.728 195
44.6018 140.352 196
45.702 139.988 197
46.7894 139.772 198
48.0532 139.474 199
-------------
7 151 169
8.63987 150.753 170
10.4497 150.61 171
12.6585 150.237 172
14.5791 149.325 173
16.2757 148.585 174
17.9638 148.204 175
19.4323 147.882 176
20.9197 147.437 177
22.4908 146.832 178
24.0641 146.427 179
25.6818 146.27 180
27.677 145.84 181
29.6116 145.19 182
31.1266 144.692 183
32.6006 144.332 184
33.9443 144.025 185
35.3017 143.679 186
36.6358 143.249 187
38.09 142.845 188
39.4798 142.598 189
41.0443 142.263 190
42.5137 141.765 191
-------------
4 142 170
5.73254 141.862 171
7.94261 141.492 172
9.85403 140.592 173
11.5284 139.857 174
13.1287 139.574 175
14.6135 139.254 176
16.0608 138.769 177
17.5808 138.173 178
19.118 137.784 179
20.7722 137.643 180
22.7368 137.225 181
24.6272 136.581 182
26.1412 136.078 183
27.6021 135.738 184
28.9439 135.436 185
30.2455 135.057 186
31.4833 134.617 187
32.8386 134.22 188
34.1895 134.008 189
35.7453 133.677 190
37.1544 133.156 191
38.124 132.826 192
39.2208 132.457 193
40.0829 132.261 194
40.9147 131.942 195
41.8957 131.501 196
42.9837 131.131 197
44.1103 130.901 198
45.3772 130.591 199
-------------
4 145 171
6.21206 144.63 172
8.11419 143.721 173
9.81202 142.976 174
11.5103 142.626 175
13.0054 142.302 176
14.5105 141.833 177
16.079 141.227 178
17.6319 140.82 179
19.3871 140.622 180
21.3888 140.183 181
23.2381 139.527 182
24.7537 139.042 183
26.2234 138.688 184
27.5665 138.376 185
28.9223 138 186
30.2287 137.612 187
31.6698 137.222 188
33.0902 136.949 189
34.6549 136.607 190
36.0044 136.109 191
37.0112 135.911 192
38.0985 135.553 193
38.8947 135.281 194
39.8236 135.008 195
40.8904 134.671 196
42.0285 134.32 197
43.2862 134.027 198
44.5522 133.715 199
-------------
4 148 171
6.21113 147.629 172
8.11584 146.718 173
9.81416 145.973 174
11.5119 145.582 175
13.0084 145.256 176
14.5269 144.798 177
16.0996 144.193 178
17.6652 143.778 179
19.4149 143.569 180
21.4248 143.129 181
23.2734 142.476 182
24.7872 142.002 183
26.2586 141.642 184
27.5848 141.304 185
29.0035 140.965 186
30.3209 140.658 187
31.7768 140.26 188
33.2217 139.963 189
34.7876 139.622 190
36.1544 139.154 191
37.1845 138.995 192
38.2747 138.629 193
39.0305 138.322 194
40.0417 138.086 195
41.103 137.777 196
42.2391 137.434 197
43.4777 137.143 198
44.7394 136.838 199
-------------
10 142 172
11.9192 141.101 173
13.5565 140.384 174
15.0563 140.085 175
16.5165 139.769 176
18.0037 139.3 177
19.5717 138.695 178
21.1108 138.303 179
22.7012 138.159 180
24.6279 137.731 181
26.5548 137.079 182
28.0741 136.573 183
29.5451 136.223 184
30.884 135.921 185
32.2293 135.538 186
33.5388 135.069 187
34.9701 134.647 188
36.3059 134.454 189
37.8474 134.13 190
39.3122 133.61 191
40.4384 133.126 192
41.5349 132.747 193
42.3912 132.551 194
43.2066 132.231 195
44.159 131.715 196
45.246 131.311 197
46.3198 131.12 198
47.5851 130.814 199
-------------
4 142 173
5.67703 141.262 174
7.36313 140.895 175
8.85333 140.559 176
10.3013 140.04 177
11.7168 139.554 178
13.2637 139.152 179
15.0407 138.846 180
16.9144 138.292 181
18.5907 137.629 182
20.0826 137.205 183
21.3633 136.862 184
22.3662 136.287 185
23.4319 135.777 186
24.5231 135.471 187
25.7487 135.269 188
27.1989 134.897 189
28.6026 134.399 190
29.8837 133.881 191
30.9651 133.746 192
32.0557 133.447 193
32.8303 133.107 194
33.634 132.663 195
34.6023 132.334 196
35.7649 132.129 197
37.0778 131.794 198
38.3116 131.369 199
-------------
4 148 173
5.69782 147.255 174
7.39276 146.852 175
8.88797 146.518 176
10.4545 146.097 177
11.987 145.558 178
13.5599 145.137 179
15.3324 144.888 180
17.208 144.344 181
18.9025 143.665 182
20.4205 143.212 183
21.722 142.853 184
22.8473 142.37 185
24.2773 142.027 186
25.5795 141.782 187
27.0324 141.422 188
28.4886 141.082 189
29.8501 140.63 190
31.1104 140.148 191
32.1623 140.005 192
33.2668 139.701 193
34.0159 139.391 194
35.0363 139.147 195
36.1166 138.836 196
37.3148 138.593 197
38.4463 138.281 198
39.2201 138.021 199
-------------
4 151 173
5.69609 150.253 174
7.38987 149.837 175
8.89492 149.501 176
10.4804 149.104 177
11.994 148.559 178
13.5671 148.135 179
15.2561 147.904 180
17.0053 147.358 181
18.737 146.697 182
20.2564 146.239 183
21.5857 145.881 184
22.7331 145.412 185
24.2342 145.11 186
25.536 144.869 187
26.9902 144.479 188
28.4236 144.146 189
29.6883 143.769 190
30.9026 143.343 191
31.9536 143.201 192
33.0655 142.903 193
33.7927 142.64 194
34.8108 142.398 195
35.8835 142.087 196
37.0373 141.841 197
38.0924 141.546 198
38.7817 141.317 199
-------------
16 142 174
17.589 141.641 175
19.0592 141.321 176
20.5513 140.856 177
22.1283 140.247 178
23.6414 139.866 179
25.2234 139.71 180
27.2142 139.272 181
29.1467 138.618 182
30.6673 138.114 183
32.1418 137.756 184
33.4845 137.447 185
34.8343 137.065 186
36.1604 136.597 187
37.5933 136.176 188
38.8756 135.968 189
40.3993 135.623 190
41.8707 135.105 191
43.0458 134.599 192
44.1423 134.217 193
44.9946 134.017 194
45.7501 133.688 195
46.7031 133.166 196
47.7909 132.755 197
48.8714 132.577 198
50.1151 132.281 199
-------------
16 145 174
17.6795 144.61 175
19.1672 144.287 176
20.6679 143.822 177
22.2442 143.214 178
23.7628 142.806 179
25.3577 142.647 180
27.3574 142.212 181
29.2922 141.557 182
30.8123 141.054 183
32.2879 140.695 184
33.6314 140.386 185
34.9819 140.011 186
36.3095 139.547 187
37.7529 139.132 188
39.1337 138.886 189
40.6917 138.545 190
42.1636 138.036 191
43.3315 137.546 192
44.4269 137.166 193
45.278 136.965 194
46.0845 136.681 195
47.0352 136.173 196
48.1316 135.774 197
49.2396 135.582 198
50.4935 135.289 199
-------------
10 148 174
11.6972 147.601 175
13.1954 147.274 176
14.7287 146.846 177
16.2993 146.245 178
17.8705 145.826 179
19.5934 145.631 180
21.6081 145.198 181
23.4994 144.554 182
25.0116 144.09 183
26.4809 143.729 184
27.7547 143.322 185
29.2191 143.007 186
30.5197 142.752 187
31.9751 142.352 188
33.4068 142.058 189
34.9731 141.72 190
36.3995 141.292 191
37.4394 141.14 192
38.5323 140.772 193
39.3052 140.485 194
40.3226 140.247 195
41.3398 139.938 196
42.4631 139.603 197
43.5633 139.324 198
44.8228 139.023 199
-------------
13 151 174
14.6948 150.599 175
16.1939 150.274 176
17.7116 149.854 177
19.2864 149.26 178
20.8674 148.841 179
22.5475 148.684 180
24.5573 148.264 181
26.4997 147.619 182
28.0129 147.142 183
29.4855 146.781 184
30.8241 146.454 185
32.2903 146.157 186
33.5769 145.874 187
35.0322 145.477 188
36.4167 145.229 189
37.9829 144.894 190
39.4911 144.552 191
40.5459 144.397 192
41.638 144.036 193
42.4419 143.823 194
43.4361 143.597 195
44.3423 143.297 196
45.3933 142.976 197
-------------
16 151 174
17.6706 150.637 175
19.1348 150.325 176
20.6382 149.897 177
22.2071 149.306 178
23.8167 148.905 179
25.491 148.776 180
27.4943 148.363 181
29.4307 147.715 182
30.9039 147.206 183
32.3593 146.842 184
33.7025 146.539 185
35.0973 146.238 186
36.3827 145.927 187
37.8485 145.534 188
-------------
10 139 175
11.484 138.677 176
12.8783 138.18 177
14.2452 137.671 178
15.7647 137.272 179
17.4502 137.081 180
19.2926 136.626 181
20.9962 135.992 182
22.3586 135.562 183
23.6439 135.23 184
-------------
4 145 175
5.49139 144.663 176
6.86109 144.081 177
8.27966 143.581 178
9.83783 143.168 179
11.6062 142.814 180
13.2923 142.14 181
14.8722 141.428 182
16.4099 141.011 183
17.7119 140.655 184
18.6668 140.052 185
19.6657 139.494 186
20.7763 139.203 187
22.0563 139.03 188
23.5176 138.638 189
24.8566 138.117 190
26.1298 137.596 191
27.2134 137.464 192
28.3298 137.175 193
29.0942 136.833 194
29.9017 136.388 195
30.9068 136.062 196
32.073 135.876 197
33.3656 135.532 198
34.445 135.096 199
-------------
4 151 175
5.513 150.667 176
7.0991 150.258 177
8.57061 149.712 178
10.1367 149.287 179
11.6718 148.967 180
13.2816 148.361 181
14.8549 147.651 182
16.3771 147.194 183
17.7495 146.85 184
18.8701 146.407 185
20.2293 146.05 186
21.467 145.813 187
22.6449 145.579 188
24.0479 145.209 189
24.9036 144.904 190
25.9105 144.471 191
26.9632 144.33 192
28.0776 144.036 193
28.8146 143.793 194
29.8015 143.544 195
30.7974 143.246 196
31.9085 143.044 197
32.9785 142.717 198
33.6602 142.506 199
-------------
10 151 175
11.5117 150.666 176
13.0884 150.275 177
14.6017 149.728 178
16.1755 149.305 179
17.8629 149.106 180
19.8906 148.678 181
21.9748 148.137 182
23.4911 147.677 183
24.9584 147.316 184
26.1424 146.86 185
27.6549 146.571 186
28.9295 146.344 187
30.3843 145.948 188
31.7184 145.664 189
33.2775 145.329 190
34.7439 144.981 191
35.7954 144.836 192
36.9059 144.51 193
37.6195 144.265 194
38.6321 144.029 195
39.5845 143.735 196
40.6436 143.451 197
-------------
4 136 176
5.26125 135.373 177
6.60896 134.925 178
8.14339 134.535 179
9.84819 134.139 180
11.2698 133.468 181
12.3441 132.9 182
13.4902 132.67 183
14.5702 132.48 184
15.4927 131.872 185
16.3946 131.323 186
17.3839 131.056 187
18.5583 130.962 188
19.9936 130.551 189
21.2367 129.994 190
22.2742 129.449 191
23.2582 129.393 192
24.2986 129.195 193
25.0387 128.851 194
25.7789 128.383 195
26.7068 128.062 196
27.7947 127.969 197
29.1161 127.621 198
30.2912 127.143 199
-------------
7 136 176
8.28665 135.436 177
9.61455 134.992 178
11.1158 134.602 179
12.799 134.225 180
14.307 133.619 181
-------------
4 139 176
5.33992 138.385 177
6.7176 137.912 178
8.2639 137.513 179
10.0072 137.121 180
11.6717 136.424 181
13.1343 135.737 182
14.4403 135.451 183
15.6648 135.163 184
16.5976 134.553 185
17.5503 133.982 186
18.5695 133.675 187
19.7732 133.532 188
21.2183 133.119 189
22.5639 132.574 190
23.8412 132.048 191
24.9289 131.924 192
26.0398 131.651 193
26.8036 131.302 194
27.588 130.836 195
28.5413 130.507 196
29.6325 130.375 197
30.9561 130.027 198
32.193 129.552 199
-------------
4 148 177
5.43449 147.457 178
6.99766 147.031 179
8.61572 146.659 180
10.2556 146.024 181
11.8311 145.311 182
13.3666 144.882 183
14.7347 144.539 184
15.7857 144.028 185
16.7449 143.482 186
17.7639 143.172 187
18.9088 142.961 188
20.3537 142.551 189
21.6346 142.076 190
22.7123 141.616 191
23.7686 141.475 192
24.8835 141.185 193
25.636 140.894 194
26.5467 140.584 195
27.5119 140.279 196
28.453 140.121 197
29.6565 139.79 198
30.376 139.571 199
-------------
4 151 177
5.44075 150.443 178
7.00287 150.016 179
8.57379 149.663 180
10.1772 149.059 181
11.75 148.348 182
13.2727 147.89 183
14.649 147.547 184
15.7449 147.164 185
16.7787 146.75 186
17.7954 146.464 187
18.9285 146.25 188
20.362 145.846 189
21.3218 145.586 190
22.353 145.167 191
23.405 145.025 192
24.5166 144.734 193
25.1943 144.512 194
26.0779 144.246 195
27.0315 143.949 196
27.8888 143.824 197
-------------
4 142 178
5.55001 141.599 179
7.28442 141.202 180
8.9686 140.511 181
10.5431 139.801 182
12.0838 139.407 183
13.4464 139.089 184
14.3826 138.48 185
15.317 137.908 186
16.3134 137.595 187
17.4747 137.418 188
18.9224 137.004 189
20.2694 136.471 190
21.5453 135.947 191
22.6341 135.818 192
23.7501 135.537 193
24.5155 135.191 194
25.313 134.734 195
26.2715 134.412 196
27.2993 134.275 197
28.6045 133.918 198
29.8334 133.446 199
-------------
13 142 178
14.5617 141.591 179
16.3473 141.347 180
18.3147 140.854 181
20.0641 140.187 182
21.5801 139.74 183
22.88 139.384 184
24.0591 138.929 185
25.3326 138.522 186
26.6212 138.267 187
28.0249 137.948 188
29.4784 137.614 189
30.8803 137.146 190
32.1629 136.638 191
33.2109 136.49 192
34.2941 136.171 193
35.0524 135.849 194
36.0136 135.554 195
37.0943 135.242 196
38.2915 134.995 197
39.5642 134.687 198
40.758 134.345 199
-------------
25 145 178
26.4787 144.603 179
28.032 144.449 180
30.0188 144.016 181
31.9526 143.366 182
33.4619 142.865 183
34.9351 142.506 184
36.2768 142.203 185
37.5851 141.829 186
38.9035 141.374 187
40.3344 140.959 188
41.7154 140.714 189
43.2722 140.379 190
44.7412 139.877 191
45.8527 139.383 192
46.9312 139.009 193
47.761 138.84 194
48.5827 138.564 195
49.5132 138.058 196
50.5901 137.663 197
51.6925 137.479 198
52.9462 137.209 199
-------------
25 148 178
26.5351 147.626 179
28.1007 147.501 180
30.0848 147.088 181
32.0038 146.45 182
33.4646 145.957 183
34.8988 145.607 184
36.2246 145.31 185
37.5613 144.966 186
38.8195 144.551 187
40.2593 144.166 188
41.6386 143.931 189
43.2017 143.598 190
44.6013 143.151 191
-------------
4 151 179
5.57068 150.645 180
7.17407 150.036 181
8.74675 149.326 182
10.2686 148.867 183
11.6357 148.527 184
12.6989 148.16 185
13.5366 147.802 186
14.4245 147.538 187
-------------
19 151 179
20.664 150.838 180
22.6933 150.417 181
24.7656 149.911 182
26.2832 149.452 183
27.7587 149.091 184
29.0907 148.738 185
30.6953 148.53 186
31.8945 148.359 187
33.3409 147.97 188
34.4704 147.782 189
36.0177 147.453 190
37.5691 147.205 191
38.6237 147.06 192
39.7414 146.76 193
40.4855 146.544 194
41.4432 146.334 195
42.3486 146.038 196
43.3474 145.784 197
43.8305 145.57 198
44.4719 145.364 199
-------------
22 151 179
23.6774 150.884 180
25.7039 150.474 181
27.5881 149.872 182
28.9498 149.407 183
30.3927 149.049 184
31.7376 148.739 185
33.3215 148.574 186
34.5495 148.374 187
36.0113 147.988 188
37.089 147.935 189
38.6527 147.603 190
40.0871 147.41 191
-------------
25 136 180
26.671 135.574 181
28.565 134.934 182
30.0334 134.442 183
31.4361 134.097 184
32.7352 133.798 185
34.0395 133.401 186
35.3045 132.899 187
36.7319 132.477 188
37.9974 132.31 189
39.3749 131.994 190
40.8453 131.475 191
42.0174 130.965 192
43.112 130.582 193
43.9573 130.413 194
44.698 130.077 195
45.6424 129.55 196
46.7266 129.137 197
47.7735 128.958 198
49.0118 128.664 199
-------------
4 142 180
5.67705 141.311 181
7.16836 140.637 182
8.68375 140.229 183
10.0444 139.91 184
11.003 139.325 185
11.934 138.758 186
12.9274 138.444 187
14.0373 138.268 188
15.4454 137.858 189
16.717 137.377 190
17.8902 136.896 191
18.8694 136.774 192
19.8399 136.522 193
20.5849 136.208 194
21.3684 135.784 195
22.3173 135.477 196
23.2022 135.352 197
-------------
4 145 180
5.66039 144.328 181
7.16909 143.642 182
8.68355 143.204 183
10.0428 142.871 184
11.0464 142.341 185
11.9622 141.8 186
12.9534 141.491 187
14.0492 141.29 188
15.4926 140.876 189
16.7864 140.388 190
17.8316 139.913 191
18.7442 139.768 192
19.7287 139.516 193
20.4295 139.252 194
-------------
13 139 181
14.5853 138.297 182
16.0615 137.916 183
17.3504 137.58 184
18.2918 136.97 185
19.2673 136.405 186
20.3022 136.096 187
21.5117 135.945 188
22.9659 135.541 189
24.3225 135.011 190
25.6004 134.487 191
26.6886 134.357 192
27.8016 134.074 193
28.5674 133.728 194
29.3663 133.273 195
30.3211 132.944 196
31.4229 132.798 197
32.743 132.451 198
33.9797 131.982 199
-------------
10 136 182
11.363 135.775 183
12.6178 135.555 184
13.5463 134.945 185
14.4706 134.371 186
15.4477 134.068 187
16.6109 133.956 188
18.0547 133.541 189
19.3846 132.997 190
20.6404 132.493 191
21.7197 132.398 192
22.8242 132.14 193
23.5853 131.792 194
24.3747 131.333 195
25.3257 131.01 196
26.4005 130.892 197
27.7152 130.54 198
28.949 130.066 199
-------------
10 142 182
11.5395 141.585 183
12.908 141.248 184
13.8555 140.643 185
14.7903 140.077 186
15.7878 139.765 187
16.9288 139.564 188
18.3764 139.15 189
19.7106 138.63 190
20.9379 138.118 191
22.0192 137.984 192
23.1336 137.698 193
23.8987 137.359 194
24.7073 136.915 195
25.673 136.598 196
26.6241 136.46 197
27.9204 136.103 198
-------------
19 151 182
20.523 150.545 183
22.0154 150.225 184
23.1583 149.813 185
24.6583 149.564 186
25.8583 149.404 187
27.312 149.009 188
-------------
7 148 183
7.92589 147.84 184
8.89527 147.52 185
9.64159 147.189 186
-------------
34 148 183
35.2779 147.714 184
36.5904 147.442 185
37.8953 147.155 186
39.0604 146.869 187
40.5363 146.512 188
41.6457 146.468 189
43.2081 146.138 190
44.4859 145.784 191
-------------
31 151 183
32.3241 150.681 184
33.6758 150.399 185
35.1927 150.273 186
36.4085 150.094 187
37.9411 149.773 188
38.9695 149.755 189
40.4567 149.442 190
-------------
19 151 184
20.1023 150.684 185
21.5713 150.467 186
22.773 150.309 187
24.2272 149.915 188
-------------
19 130 185
19.8793 129.516 186
20.8741 129.238 187
22.0086 129.109 188
23.3956 128.697 189
24.6475 128.148 190
25.7666 127.633 191
26.6875 127.521 192
27.7377 127.283 193
28.4998 126.935 194
29.2411 126.466 195
30.1825 126.153 196
31.2809 126.047 197
32.6046 125.701 198
33.8349 125.224 199
-------------
19 133 185
19.9714 132.466 186
20.9994 132.168 187
22.2006 132.02 188
23.6419 131.611 189
25.0104 131.08 190
26.277 130.551 191
27.3597 130.422 192
28.4417 130.157 193
29.2079 129.809 194
29.9979 129.346 195
30.9534 129.017 196
32.0531 128.888 197
33.3773 128.542 198
34.6199 128.07 199
-------------
22 133 185
22.959 132.519 186
23.9956 132.211 187
25.1762 132.034 188
26.594 131.651 189
27.9844 131.16 190
29.262 130.639 191
30.333 130.501 192
31.4069 130.216 193
32.1819 129.874 194
32.9816 129.425 195
33.9384 129.095 196
35.0395 128.94 197
36.3621 128.596 198
37.6182 128.149 199
-------------
25 130 186
25.827 129.735 187
26.8438 129.542 188
28.1213 129.214 189
29.3972 128.804 190
30.6049 128.309 191
31.4426 128.199 192
32.4719 127.929 193
33.2368 127.6 194
34.0156 127.183 195
34.9568 126.859 196
36.028 126.699 197
37.3479 126.357 198
38.5924 125.917 199
-------------
37 136 186
38.325 135.532 187
39.757 135.111 188
40.9799 134.906 189
42.4661 134.556 190
43.9386 134.039 191
45.1139 133.533 192
46.21 133.15 193
47.0578 132.95 194
47.8039 132.62 195
48.7568 132.097 196
49.8431 131.686 197
50.8978 131.517 198
52.1283 131.222 199
-------------
22 139 186
23.1655 138.719 187
24.4933 138.52 188
25.9587 138.148 189
27.3132 137.637 190
28.5847 137.12 191
29.6607 136.985 192
30.774 136.692 193
31.5364 136.357 194
32.4194 135.957 195
33.4942 135.643 196
34.6962 135.419 197
35.9973 135.09 198
37.1273 134.685 199
-------------
19 142 186
20.0869 141.697 187
21.2812 141.487 188
22.7316 141.082 189
24.0495 140.566 190
25.1981 140.088 191
26.262 139.949 192
27.3776 139.659 193
28.1377 139.348 194
29.0701 139.015 195
30.0661 138.701 196
31.1513 138.499 197
32.4224 138.151 198
-------------
28 133 188
29.356 132.689 189
30.7765 132.234 190
32.0545 131.72 191
33.0451 131.566 192
34.1099 131.261 193
34.897 130.945 194
35.6992 130.55 195
36.6608 130.217 196
37.7437 129.982 197
39.0275 129.655 198
40.2863 129.271 199
-------------
34 130 189
35.3558 129.731 190
36.5822 129.227 191
37.3175 128.921 192
38.3266 128.583 193
39.1519 128.403 194
39.8733 128.071 195
40.6932 127.681 196
41.6355 127.356 197
42.6424 127.124 198
43.8826 126.811 199
-------------
40 130 189
41.234 129.671 190
42.6974 129.154 191
43.8599 128.646 192
44.947 128.26 193
45.6308 128.154 194
46.3407 127.82 195
47.2563 127.292 196
48.3039 126.872 197
49.3426 126.7 198
50.4916 126.406 199
-------------
43 136 189
44.4391 135.66 190
45.9098 135.145 191
47.0814 134.64 192
48.1764 134.258 193
49.0205 134.06 194
49.744 133.74 195
50.6875 133.217 196
51.7713 132.807 197
52.8175 132.659 198
54.0106 132.373 199
-------------
25 142 189
26.2769 141.519 190
27.3834 141.057 191
28.44 140.917 192
29.555 140.624 193
30.3127 140.328 194
31.3185 140.059 195
32.3878 139.749 196
33.5463 139.522 197
34.695 139.189 198
35.3928 138.956 199
-------------
19 148 189
19.8515 147.757 190
20.8327 147.385 191
21.8828 147.245 192
22.9674 146.963 193
23.5225 146.779 194
24.3952 146.54 195
25.3439 146.25 196
26.1874 146.133 197
26.8661 145.92 198
27.5108 145.729 199
-------------
22 148 189
22.7544 147.784 190
23.7048 147.402 191
24.7548 147.26 192
25.8685 146.965 193
26.4767 146.778 194
27.4014 146.546 195
28.3529 146.254 196
29.2015 146.134 197
-------------
25 148 189
25.7174 147.772 190
26.6619 147.389 191
27.7111 147.246 192
28.8247 146.95 193
29.4852 146.747 194
30.4423 146.522 195
31.4073 146.229 196
32.4972 146.034 197
-------------
22 151 189
22.7083 150.792 190
23.6332 150.434 191
24.6824 150.292 192
25.7899 149.993 193
26.3477 149.8 194
27.2898 149.587 195
28.2407 149.296 196
29.084 149.179 197
29.582 148.937 198
30.207 148.737 199
-------------
25 151 189
25.6825 150.795 190
26.6069 150.438 191
27.6559 150.295 192
28.7687 149.998 193
29.3293 149.803 194
30.2746 149.59 195
31.2309 149.297 196
32.2962 149.098 197
32.7599 148.868 198
33.3314 148.663 199
-------------
19 142 191
19.9611 141.842 192
20.9901 141.588 193
21.6505 141.365 194
22.4704 141.068 195
23.4265 140.771 196
24.2757 140.652 197
-------------
46 130 192
47.0891 129.62 193
47.8079 129.48 194
48.5153 129.163 195
49.4531 128.653 196
50.5378 128.243 197
51.5664 128.074 198
52.7003 127.769 199
-------------
46 145 192
46.5765 144.803 193
47.3608 144.659 194
48.3234 144.472 195
49.262 144.158 196
50.3658 143.87 197
51.1757 143.749 198
52.4508 143.473 199
-------------
40 151 192
41.1144 150.708 193
41.6876 150.494 194
42.6293 150.287 195
43.5137 149.992 196
44.496 149.778 197
44.9427 149.57 198
45.5079 149.37 199
-------------
31 148 193
31.6156 147.789 194
32.5724 147.575 195
33.5366 147.281 196
34.6219 147.062 197
35.0792 146.841 198
35.6459 146.639 199
-------------
46 148 193
46.7411 147.826 194
47.6338 147.674 195
48.534 147.407 196
49.569 147.212 197
-------------
31 151 193
31.5618 150.803 194
32.5086 150.591 195
33.4647 150.298 196
34.516 150.082 197
34.9703 149.86 198
35.5362 149.659 199
-------------
46 151 193
46.6584 150.815 194
47.3113 150.69 195
48.0623 150.431 196
49.0643 150.236 197
49.515 150.038 198
-------------
31 124 194
31.6547 123.597 195
32.5682 123.295 196
33.595 123.184 197
34.8868 122.838 198
36.0265 122.372 199
-------------
22 151 194
22.9362 150.793 195
23.8843 150.506 196
24.7258 150.391 197
25.2405 150.161 198
25.8745 149.979 199
-------------
4 133 195
4.91173 132.725 196
5.73621 132.622 197
6.69808 132.485 198
7.60486 132.298 199
-------------
4 136 195
4.94103 135.732 196
5.78952 135.635 197
6.70374 135.498 198
7.58829 135.284 199
-------------
4 139 195
4.94248 138.734 196
5.79244 138.637 197
6.63572 138.508 198
7.41155 138.318 199
-------------
4 148 169
5.64447 147.756 170
7.45442 147.613 171
9.66686 147.242 172
11.5912 146.33 173
13.2902 145.585 174
14.984 145.193 175
16.4771 144.869 176
17.9826 144.406 177
19.5596 143.797 178
21.1021 143.386 179
22.7295 143.219 180
24.7304 142.783 181
26.6645 142.129 182
28.1849 141.626 183
29.6593 141.267 184
31.0023 140.958 185
32.3648 140.593 186
33.6895 140.156 187
35.1381 139.748 188
36.5321 139.497 189
38.0943 139.157 190
39.549 138.655 191
40.693 138.24 192
41.7882 137.863 193
42.6359 137.653 194
43.5241 137.395 195
44.4782 136.903 196
45.5866 136.524 197
46.7016 136.317 198
47.9654 136.016 199
-------------
4 151 169
5.64697 150.755 170
7.4582 150.613 171
9.66889 150.241 172
11.5926 149.328 173
13.2914 148.583 174
14.9883 148.188 175
16.4842 147.862 176
17.9949 147.43 177
19.5704 146.825 178
21.1493 146.411 179
22.8191 146.245 180
24.8205 145.815 181
26.7599 145.165 182
28.2791 144.67 183
29.7527 144.309 184
31.0956 143.998 185
32.4887 143.664 186
33.7975 143.316 187
35.2524 142.914 188
36.6452 142.662 189
38.2107 142.326 190
39.6852 141.85 191
40.756 141.557 192
41.8481 141.185 193
42.6812 140.962 194
43.6665 140.728 195
44.6018 140.352 196
45.702 139.988 197
46.7894 139.772 198
48.0532 139.474 199
-------------
7 151 169
8.63987 150.753 170
10.4497 150.61 171
12.6585 150.237 172
14.5791 149.325 173
16.2757 148.585 174
17.9638 148.204 175
19.4323 147.882 176
20.9197 147.437 177
22.4908 146.832 178
24.0641 146.427 179
25.6818 146.27 180
27.677 145.84 181
29.6116 145.19 182
31.1266 144.692 183
32.6006 144.332 184
33.9443 144.025 185
35.3017 143.679 186
36.6358 143.249 187
38.09 142.845 188
39.4798 142.598 189
41.0443 142.263 190
42.5137 141.765 191
-------------
4 142 170
5.73254 141.862 171
7.94261 141.492 172
9.85403 140.592 173
11.5284 139.857 174
13.1287 139.574 175
14.6135 139.254 176
16.0608 138.769 177
17.5808 138.173 178
19.118 137.784 179
20.7722 137.643 180
22.7368 137.225 181
24.6272 136.581 182
26.1412 136.078 183
27.6021 135.738 184
28.9439 135.436 185
30.2455 135.057 186
31.4833 134.617 187
32.8386 134.22 188
34.1895 134.008 189
35.7453 133.677 190
37.1544 133.156 191
38.124 132.826 192
39.2208 132.457 193
40.0829 132.261 194
40.9147 131.942 195
41.8957 131.501 196
42.9837 131.131 197
44.1103 130.901 198
45.3772 130.591 199
-------------
4 145 171
6.21206 144.63 172
8.11419 143.721 173
9.81202 142.976 174
11.5103 142.626 175
13.0054 142.302 176
14.5105 141.833 177
16.079 141.227 178
17.6319 140.82 179
19.3871 140.622 180
21.3888 140.183 181
23.2381 139.527 182
24.7537 139.042 183
26.2234 138.688 184
27.5665 138.376 185
28.9223 138 186
30.2287 137.612 187
31.6698 137.222 188
33.0902 136.949 189
34.6549 136.607 190
36.0044 136.109 191
37.0112 135.911 192
38.0985 135.553 193
38.8947 135.281 194
39.8236 135.008 195
40.8904 134.671 196
42.0285 134.32 197
43.2862 134.027 198
44.5522 133.715 199
-------------
4 148 171
6.21113 147.629 172
8.11584 146.718 173
9.81416 145.973 174
11.5119 145.582 175
13.0084 145.256 176
14.5269 144.798 177
16.0996 144.193 178
17.6652 143.778 179
19.4149 143.569 180
21.4248 143.129 181
23.2734 142.476 182
24.7872 142.002 183
26.2586 141.642 184
27.5848 141.304 185
29.0035 140.965 186
30.3209 140.658 187
31.7768 140.26 188
33.2217 139.963 189
34.7876 139.622 190
36.1544 139.154 191
37.1845 138.995 192
38.2747 138.629 193
39.0305 138.322 194
40.0417 138.086 195
41.103 137.777 196
42.2391 137.434 197
43.4777 137.143 198
44.7394 136.838 199
-------------
10 142 172
11.9192 141.101 173
13.5565 140.384 174
15.0563 140.085 175
16.5165 139.769 176
18.0037 139.3 177
19.5717 138.695 178
21.1108 138.303 179
22.7012 138.159 180
24.6279 137.731 181
26.5548 137.079 182
28.0741 136.573 183
29.5451 136.223 184
30.884 135.921 185
32.2293 135.538 186
33.5388 135.069 187
34.9701 134.647 188
36.3059 134.454 189
37.8474 134.13 190
39.3122 133.61 191
40.4384 133.126 192
41.5349 132.747 193
42.3912 132.551 194
43.2066 132.231 195
44.159 131.715 196
45.246 131.311 197
46.3198 131.12 198
47.5851 130.814 199
-------------
4 142 173
5.67703 141.262 174
7.36313 140.895 175
8.85333 140.559 176
10.3013 140.04 177
11.7168 139.554 178
13.2637 139.152 179
15.0407 138.846 180
16.9144 138.292 181
18.5907 137.629 182
20.0826 137.205 183
21.3633 136.862 184
22.3662 136.287 185
23.4319 135.777 186
24.5231 135.471 187
25.7487 135.269 188
27.1989 134.897 189
28.6026 134.399 190
29.8837 133.881 191
30.9651 133.746 192
32.0557 133.447 193
32.8303 133.107 194
33.634 132.663 195
34.6023 132.334 196
35.7649 132.129 197
37.0778 131.794 198
38.3116 131.369 199
-------------
4 148 173
5.69782 147.255 174
7.39276 146.852 175
8.88797 146.518 176
10.4545 146.097 177
11.987 145.558 178
13.5599 145.137 179
15.3324 144.888 180
17.208 144.344 181
18.9025 143.665 182
20.4205 143.212 183
21.722 142.853 184
22.8473 142.37 185
24.2773 142.027 186
25.5795 141.782 187
27.0324 141.422 188
28.4886 141.082 189
29.8501 140.63 190
31.1104 140.148 191
32.1623 140.005 192
33.2668 139.701 193
34.0159 139.391 194
35.0363 139.147 195
36.1166 138.836 196
37.3148 138.593 197
38.4463 138.281 198
39.2201 138.021 199
-------------
4 151 173
5.69609 150.253 174
7.38987 149.837 175
8.89492 149.501 176
10.4804 149.104 177
11.994 148.559 178
13.5671 148.135 179
15.2561 147.904 180
17.0053 147.358 181
18.737 146.697 182
20.2564 146.239 183
21.5857 145.881 184
22.7331 145.412 185
24.2342 145.11 186
25.536 144.869 187
26.9902 144.479 188
28.4236 144.146 189
29.6883 143.769 190
30.9026 143.343 191
31.9536 143.201 192
33.0655 142.903 193
33.7927 142.64 194
34.8108 142.398 195
35.8835 142.087 196
37.0373 141.841 197
38.0924 141.546 198
38.7817 141.317 199
-------------
16 142 174
17.589 141.641 175
19.0592 141.321 176
20.5513 140.856 177
22.1283 140.247 178
23.6414 139.866 179
25.2234 139.71 180
27.2142 139.272 181
29.1467 138.618 182
30.6673 138.114 183
32.1418 137.756 184
33.4845 137.447 185
34.8343 137.065 186
36.1604 136.597 187
37.5933 136.176 188
38.8756 135.968 189
40.3993 135.623 190
41.8707 135.105 191
43.0458 134.599 192
44.1423 134.217 193
44.9946 134.017 194
45.7501 133.688 195
46.7031 133.166 196
47.7909 132.755 197
48.8714 132.577 198
50.1151 132.281 199
-------------
16 145 174
17.6795 144.61 175
19.1672 144.287 176
20.6679 143.822 177
22.2442 143.214 178
23.7628 142.806 179
25.3577 142.647 180
27.3574 142.212 181
29.2922 141.557 182
30.8123 141.054 183
32.2879 140.695 184
33.6314 140.386 185
34.9819 140.011 186
36.3095 139.547 187
37.7529 139.132 188
39.1337 138.886 189
40.6917 138.545 190
42.1636 138.036 191
43.3315 137.546 192
44.4269 137.166 193
45.278 136.965 194
46.0845 136.681 195
47.0352 136.173 196
48.1316 135.774 197
49.2396 135.582 198
50.4935 135.289 199
-------------
10 148 174
11.6972 147.601 175
13.1954 147.274 176
14.7287 146.846 177
16.2993 146.245 178
17.8705 145.826 179
19.5934 145.631 180
21.6081 145.198 181
23.4994 144.554 182
25.0116 144.09 183
26.4809 143.729 184
27.7547 143.322 185
29.2191 143.007 186
30.5197 142.752 187
31.9751 142.352 188
33.4068 142.058 189
34.9731 141.72 190
36.3995 141.292 191
37.4394 141.14 192
38.5323 140.772 193
39.3052 140.485 194
40.3226 140.247 195
41.3398 139.938 196
42.4631 139.603 197
43.5633 139.324 198
44.8228 139.023 199
-------------
13 151 174
14.6948 150.599 175
16.1939 150.274 176
17.7116 149.854 177
19.2864 149.26 178
20.8674 148.841 179
22.5475 148.684 180
24.5573 148.264 181
26.4997 147.619 182
28.0129 147.142 183
29.4855 146.781 184
30.8241 146.454 185
32.2903 146.157 186
33.5769 145.874 187
35.0322 145.477 188
36.4167 145.229 189
37.9829 144.894 190
39.4911 144.552 191
40.5459 144.397 192
41.638 144.036 193
42.4419 143.823 194
43.4361 143.597 195
44.3423 143.297 196
45.3933 142.976 197
-------------
16 151 174
17.6706 150.637 175
19.1348 150.325 176
20.6382 149.897 177
22.2071 149.306 178
23.8167 148.905 179
25.491 148.776 180
27.4943 148.363 181
29.4307 147.715 182
30.9039 147.206 183
32.3593 146.842 184
33.7025 146.539 185
35.0973 146.238 186
36.3827 145.927 187
37.8485 145.534 188
-------------
10 139 175
11.484 138.677 176
12.8783 138.18 177
14.2452 137.671 178
15.7647 137.272 179
17.4502 137.081 180
19.2926 136.626 181
20.9962 135.992 182
22.3586 135.562 183
23.6439 135.23 184
-------------
4 145 175
5.49139 144.663 176
6.86109 144.081 177
8.27966 143.581 178
9.83783 143.168 179
11.6062 142.814 180
13.2923 142.14 181
14.8722 141.428 182
16.4099 141.011 183
17.7119 140.655 184
18.6668 140.052 185
19.6657 139.494 186
20.7763 139.203 187
22.0563 139.03 188
23.5176 138.638 189
24.8566 138.117 190
26.1298 137.596 191
27.2134 137.464 192
28.3298 137.175 193
29.0942 136.833 194
29.9017 136.388 195
30.9068 136.062 196
32.073 135.876 197
33.3656 135.532 198
34.445 135.096 199
-------------
4 151 175
5.513 150.667 176
7.0991 150.258 177
8.57061 149.712 178
10.1367 149.287 179
11.6718 148.967 180
13.2816 148.361 181
14.8549 147.651 182
16.3771 147.194 183
17.7495 146.85 184
18.8701 146.407 185
20.2293 146.05 186
21.467 145.813 187
22.6449 145.579 188
24.0479 145.209 189
24.9036 144.904 190
25.9105 144.471 191
26.9632 144.33 192
28.0776 144.036 193
28.8146 143.793 194
29.8015 143.544 195
30.7974 143.246 196
31.9085 143.044 197
32.9785 142.717 198
33.6602 142.506 199
-------------
10 151 175
11.5117 150.666 176
13.0884 150.275 177
14.6017 149.728 178
16.1755 149.305 179
17.8629 149.106 180
19.8906 148.678 181
21.9748 148.137 182
23.4911 147.677 183
24.9584 147.316 184
26.1424 146.86 185
27.6549 146.571 186
28.9295 146.344 187
30.3843 145.948 188
31.7184 145.664 189
33.2775 145.329 190
34.7439 144.981 191
35.7954 144.836 192
36.9059 144.51 193
37.6195 144.265 194
38.6321 144.029 195
39.5845 143.735 196
40.6436 143.451 197
-------------
4 136 176
5.26125 135.373 177
6.60896 134.925 178
8.14339 134.535 179
9.84819 134.139 180
11.2698 133.468 181
12.3441 132.9 182
13.4902 132.67 183
14.5702 132.48 184
15.4927 131.872 185
16.3946 131.323 186
17.3839 131.056 187
18.5583 130.962 188
19.9936 130.551 189
21.2367 129.994 190
22.2742 129.449 191
23.2582 129.393 192
24.2986 129.195 193
25.0387 128.851 194
25.7789 128.383 195
26.7068 128.062 196
27.7947 127.969 197
29.1161 127.621 198
30.2912 127.143 199
-------------
7 136 176
8.28665 135.436 177
9.61455 134.992 178
11.1158 134.602 179
12.799 134.225 180
14.307 133.619 181
-------------
4 139 176
5.33992 138.385 177
6.7176 137.912 178
8.2639 137.513 179
10.0072 137.121 180
11.6717 136.424 181
13.1343 135.737 182
14.4403 135.451 183
15.6648 135.163 184
16.5976 134.553 185
17.5503 133.982 186
18.5695 133.675 187
19.7732 133.532 188
21.2183 133.119 189
22.5639 132.574 190
23.8412 132.048 191
24.9289 131.924 192
26.0398 131.651 193
26.8036 131.302 194
27.588 130.836 195
28.5413 130.507 196
29.6325 130.375 197
30.9561 130.027 198
32.193 129.552 199
-------------
4 148 177
5.43449 147.457 178
6.99766 147.031 179
8.61572 146.659 180
10.2556 146.024 181
11.8311 145.311 182
13.3666 144.882 183
14.7347 144.539 184
15.7857 144.028 185
16.7449 143.482 186
17.7639 143.172 187
18.9088 142.961 188
20.3537 142.551 189
21.6346 142.076 190
22.7123 141.616 191
23.7686 141.475 192
24.8835 141.185 193
25.636 140.894 194
26.5467 140.584 195
27.5119 140.279 196
28.453 140.121 197
29.6565 139.79 198
30.376 139.571 199
-------------
4 151 177
5.44075 150.443 178
7.00287 150.016 179
8.57379 149.663 180
10.1772 149.059 181
11.75 148.348 182
13.2727 147.89 183
14.649 147.547 184
15.7449 147.164 185
16.7787 146.75 186
17.7954 146.464 187
18.9285 146.25 188
20.362 145.846 189
21.3218 145.586 190
22.353 145.167 191
23.405 145.025 192
24.5166 144.734 193
25.1943 144.512 194
26.0779 144.246 195
27.0315 143.949 196
27.8888 143.824 197
-------------
4 142 178
5.55001 141.599 179
7.28442 141.202 180
8.9686 140.511 181
10.5431 139.801 182
12.0838 139.407 183
13.4464 139.089 184
14.3826 138.48 185
15.317 137.908 186
16.3134 137.595 187
17.4747 137.418 188
18.9224 137.004 189
20.2694 136.471 190
21.5453 135.947 191
22.6341 135.818 192
23.7501 135.537 193
24.5155 135.191 194
25.313 134.734 195
26.2715 134.412 196
27.2993 134.275 197
28.6045 133.918 198
29.8334 133.446 199
-------------
13 142 178
14.5617 141.591 179
16.3473 141.347 180
18.3147 140.854 181
20.0641 140.187 182
21.5801 139.74 183
22.88 139.384 184
24.0591 138.929 185
25.3326 138.522 186
26.6212 138.267 187
28.0249 137.948 188
29.4784 137.614 189
30.8803 137.146 190
32.1629 136.638 191
33.2109 136.49 192
34.2941 136.171 193
35.0524 135.849 194
36.0136 135.554 195
37.0943 135.242 196
38.2915 134.995 197
39.5642 134.687 198
40.758 134.345 199
-------------
25 145 178
26.4787 144.603 179
28.032 144.449 180
30.0188 144.016 181
31.9526 143.366 182
33.4619 142.865 183
34.9351 142.506 184
36.2768 142.203 185
37.5851 141.829 186
38.9035 141.374 187
40.3344 140.959 188
41.7154 140.714 189
43.2722 140.379 190
44.7412 139.877 191
45.8527 139.383 192
46.9312 139.009 193
47.761 138.84 194
48.5827 138.564 195
49.5132 138.058 196
50.5901 137.663 197
51.6925 137.479 198
52.9462 137.209 199
-------------
25 148 178
26.5351 147.626 179
28.1007 147.501 180
30.0848 147.088 181
32.0038 146.45 182
33.4646 145.957 183
34.8988 145.607 184
36.2246 145.31 185
37.5613 144.966 186
38.8195 144.551 187
40.2593 144.166 188
41.6386 143.931 189
43.2017 143.598 190
44.6013 143.151 191
-------------
4 151 179
5.57068 150.645 180
7.17407 150.036 181
8.74675 149.326 182
10.2686 148.867 183
11.6357 148.527 184
12.6989 148.16 185
13.5366 147.802 186
14.4245 147.538 187
-------------
19 151 179
20.664 150.838 180
22.6933 150.417 181
24.7656 149.911 182
26.2832 149.452 183
27.7587 149.091 184
29.0907 148.738 185
30.6953 148.53 186
31.8945 148.359 187
33.3409 147.97 188
34.4704 147.782 189
36.0177 147.453 190
37.5691 147.205 191
38.6237 147.06 192
39.7414 146.76 193
40.4855 146.544 194
41.4432 146.334 195
42.3486 146.038 196
43.3474 145.784 197
43.8305 145.57 198
44.4719 145.364 199
-------------
22 151 179
23.6774 150.884 180
25.7039 150.474 181
27.5881 149.872 182
28.9498 149.407 183
30.3927 149.049 184
31.7376 148.739 185
33.3215 148.574 186
34.5495 148.374 187
36.0113 147.988 188
37.089 147.935 189
38.6527 147.603 190
40.0871 147.41 191
-------------
25 136 180
26.671 135.574 181
28.565 134.934 182
30.0334 134.442 183
31.4361 134.097 184
32.7352 133.798 185
34.0395 133.401 186
35.3045 132.899 187
36.7319 132.477 188
37.9974 132.31 189
39.3749 131.994 190
40.8453 131.475 191
42.0174 130.965 192
43.112 130.582 193
43.9573 130.413 194
44.698 130.077 195
45.6424 129.55 196
46.7266 129.137 197
47.7735 128.958 198
49.0118 128.664 199
-------------
4 142 180
5.67705 141.311 181
7.16836 140.637 182
8.68375 140.229 183
10.0444 139.91 184
11.003 139.325 185
11.934 138.758 186
12.9274 138.444 187
14.0373 138.268 188
15.4454 137.858 189
16.717 137.377 190
17.8902 136.896 191
18.8694 136.774 192
19.8399 136.522 193
20.5849 136.208 194
21.3684 135.784 195
22.3173 135.477 196
23.2022 135.352 197
-------------
4 145 180
5.66039 144.328 181
7.16909 143.642 182
8.68355 143.204 183
10.0428 142.871 184
11.0464 142.341 185
11.9622 141.8 186
12.9534 141.491 187
14.0492 141.29 188
15.4926 140.876 189
16.7864 140.388 190
17.8316 139.913 191
18.7442 139.768 192
19.7287 139.516 193
20.4295 139.252 194
-------------
13 139 181
14.5853 138.297 182
16.0615 137.916 183
17.3504 137.58 184
18.2918 136.97 185
19.2673 136.405 186
20.3022 136.096 187
21.5117 135.945 188
22.9659 135.541 189
24.3225 135.011 190
25.6004 134.487 191
26.6886 134.357 192
27.8016 134.074 193
28.5674 133.728 194
29.3663 133.273 195
30.3211 132.944 196
31.4229 132.798 197
32.743 132.451 198
33.9797 131.982 199
-------------
10 136 182
11.363 135.775 183
12.6178 135.555 184
13.5463 134.945 185
14.4706 134.371 186
15.4477 134.068 187
16.6109 133.956 188
18.0547 133.541 189
19.3846 132.997 190
20.6404 132.493 191
21.7197 132.398 192
22.8242 132.14 193
23.5853 131.792 194
24.3747 131.333 195
25.3257 131.01 196
26.4005 130.892 197
27.7152 130.54 198
28.949 130.066 199
-------------
10 142 182
11.5395 141.585 183
12.908 141.248 184
13.8555 140.643 185
14.7903 140.077 186
15.7878 139.765 187
16.9288 139.564 188
18.3764 139.15 189
19.7106 138.63 190
20.9379 138.118 191
22.0192 137.984 192
23.1336 137.698 193
23.8987 137.359 194
24.7073 136.915 195
25.673 136.598 196
26.6241 136.46 197
27.9204 136.103 198
-------------
19 151 182
20.523 150.545 183
22.0154 150.225 184
23.1583 149.813 185
24.6583 149.564 186
25.8583 149.404 187
27.312 149.009 188
-------------
7 148 183
7.92589 147.84 184
8.89527 147.52 185
9.64159 147.189 186
-------------
34 148 183
35.2779 147.714 184
36.5904 147.442 185
37.8953 147.155 186
39.0604 146.869 187
40.5363 146.512 188
41.6457 146.468 189
43.2081 146.138 190
44.4859 145.784 191
-------------
31 151 183
32.3241 150.681 184
33.6758 150.399 185
35.1927 150.273 186
36.4085 150.094 187
37.9411 149.773 188
38.9695 149.755 189
40.4567 149.442 190
-------------
19 151 184
20.1023 150.684 185
21.5713 150.467 186
22.773 150.309 187
24.2272 149.915 188
-------------
19 130 185
19.8793 129.516 186
20.8741 129.238 187
22.0086 129.109 188
23.3956 128.697 189
24.6475 128.148 190
25.7666 127.633 191
26.6875 127.521 192
27.7377 127.283 193
28.4998 126.935 194
29.2411 126.466 195
30.1825 126.153 196
31.2809 126.047 197
32.6046 125.701 198
33.8349 125.224 199
-------------
19 133 185
19.9714 132.466 186
20.9994 132.168 187
22.2006 132.02 188
23.6419 131.611 189
25.0104 131.08 190
26.277 130.551 191
27.3597 130.422 192
28.4417 130.157 193
29.2079 129.809 194
29.9979 129.346 195
30.9534 129.017 196
32.0531 128.888 197
33.3773 128.542 198
34.6199 128.07 199
-------------
22 133 185
22.959 132.519 186
23.9956 132.211 187
25.1762 132.034 188
26.594 131.651 189
27.9844 131.16 190
29.262 130.639 191
30.333 130.501 192
31.4069 130.216 193
32.1819 129.874 194
32.9816 129.425 195
33.9384 129.095 196
35.0395 128.94 197
36.3621 128.596 198
37.6182 128.149 199
-------------
25 130 186
25.827 129.735 187
26.8438 129.542 188
28.1213 129.214 189
29.3972 128.804 190
30.6049 128.309 191
31.4426 128.199 192
32.4719 127.929 193
33.2368 127.6 194
34.0156 127.183 195
34.9568 126.859 196
36.028 126.699 197
37.3479 126.357 198
38.5924 125.917 199
-------------
37 136 186
38.325 135.532 187
39.757 135.111 188
40.9799 134.906 189
42.4661 134.556 190
43.9386 134.039 191
45.1139 133.533 192
46.21 133.15 193
47.0578 132.95 194
47.8039 132.62 195
48.7568 132.097 196
49.8431 131.686 197
50.8978 131.517 198
52.1283 131.222 199
-------------
22 139 186
23.1655 138.719 187
24.4933 138.52 188
25.9587 138.148 189
27.3132 137.637 190
28.5847 137.12 191
29.6607 136.985 192
30.774 136.692 193
31.5364 136.357 194
32.4194 135.957 195
33.4942 135.643 196
34.6962 135.419 197
35.9973 135.09 198
37.1273 134.685 199
-------------
19 142 186
20.0869 141.697 187
21.2812 141.487 188
22.7316 141.082 189
24.0495 140.566 190
25.1981 140.088 191
26.262 139.949 192
27.3776 139.659 193
28.1377 139.348 194
29.0701 139.015 195
30.0661 138.701 196
31.1513 138.499 197
32.4224 138.151 198
-------------
28 133 188
29.356 132.689 189
30.7765 132.234 190
32.0545 131.72 191
33.0451 131.566 192
34.1099 131.261 193
34.897 130.945 194
35.6992 130.55 195
36.6608 130.217 196
37.7437 129.982 197
39.0275 129.655 198
40.2863 129.271 199
-------------
34 130 189
35.3558 129.731 190
36.5822 129.227 191
37.3175 128.921 192
38.3266 128.583 193
39.1519 128.403 194
39.8733 128.071 195
40.6932 127.681 196
41.6355 127.356 197
42.6424 127.124 198
43.8826 126.811 199
-------------
40 130 189
41.234 129.671 190
42.6974 129.154 191
43.8599 128.646 192
44.947 128.26 193
45.6308 128.154 194
46.3407 127.82 195
47.2563 127.292 196
48.3039 126.872 197
49.3426 126.7 198
50.4916 126.406 199
-------------
43 136 189
44.4391 135.66 190
45.9098 135.145 191
47.0814 134.64 192
48.1764 134.258 193
49.0205 134.06 194
49.744 133.74 195
50.6875 133.217 196
51.7713 132.807 197
52.8175 132.659 198
54.0106 132.373 199
-------------
25 142 189
26.2769 141.519 190
27.3834 141.057 191
28.44 140.917 192
29.555 140.624 193
30.3127 140.328 194
31.3185 140.059 195
32.3878 139.749 196
33.5463 139.522 197
34.695 139.189 198
35.3928 138.956 199
-------------
19 148 189
19.8515 147.757 190
20.8327 147.385 191
21.8828 147.245 192
22.9674 146.963 193
23.5225 146.779 194
24.3952 146.54 195
25.3439 146.25 196
26.1874 146.133 197
26.8661 145.92 198
27.5108 145.729 199
-------------
22 148 189
22.7544 147.784 190
23.7048 147.402 191
24.7548 147.26 192
25.8685 146.965 193
26.4767 146.778 194
27.4014 146.546 195
28.3529 146.254 196
29.2015 146.134 197
-------------
25 148 189
25.7174 147.772 190
26.6619 147.389 191
27.7111 147.246 192
28.8247 146.95 193
29.4852 146.747 194
30.4423 146.522 195
31.4073 146.229 196
32.4972 146.034 197
-------------
22 151 189
22.7083 150.792 190
23.6332 150.434 191
24.6824 150.292 192
25.7899 149.993 193
26.3477 149.8 194
27.2898 149.587 195
28.2407 149.296 196
29.084 149.179 197
29.582 148.937 198
30.207 148.737 199
-------------
25 151 189
25.6825 150.795 190
26.6069 150.438 191
27.6559 150.295 192
28.7687 149.998 193
29.3293 149.803 194
30.2746 149.59 195
31.2309 149.297 196
32.2962 149.098 197
32.7599 148.868 198
33.3314 148.663 199
-------------
19 142 191
19.9611 141.842 192
20.9901 141.588 193
21.6505 141.365 194
22.4704 141.068 195
23.4265 140.771 196
24.2757 140.652 197
-------------
46 130 192
47.0891 129.62 193
47.8079 129.48 194
48.5153 129.163 195
49.4531 128.653 196
50.5378 128.243 197
51.5664 128.074 198
52.7003 127.769 199
-------------
46 145 192
46.5765 144.803 193
47.3608 144.659 194
48.3234 144.472 195
49.262 144.158 196
50.3658 143.87 197
51.1757 143.749 198
52.4508 143.473 199
-------------
40 151 192
41.1144 150.708 193
41.6876 150.494 194
42.6293 150.287 195
43.5137 149.992 196
44.496 149.778 197
44.9427 149.57 198
45.5079 149.37 199
-------------
31 148 193
31.6156 147.789 194
32.5724 147.575 195
33.5366 147.281 196
34.6219 147.062 197
35.0792 146.841 198
35.6459 146.639 199
-------------
46 148 193
46.7411 147.826 194
47.6338 147.674 195
48.534 147.407 196
49.569 147.212 197
-------------
31 151 193
31.5618 150.803 194
32.5086 150.591 195
33.4647 150.298 196
34.516 150.082 197
34.9703 149.86 198
35.5362 149.659 199
-------------
46 151 193
46.6584 150.815 194
47.3113 150.69 195
48.0623 150.431 196
49.0643 150.236 197
49.515 150.038 198
-------------
31 124 194
31.6547 123.597 195
32.5682 123.295 196
33.595 123.184 197
34.8868 122.838 198
36.0265 122.372 199
-------------
22 151 194
22.9362 150.793 195
23.8843 150.506 196
24.7258 150.391 197
25.2405 150.161 198
25.8745 149.979 199
-------------
4 133 195
4.91173 132.725 196
5.73621 132.622 197
6.69808 132.485 198
7.60486 132.298 199
-------------
4 136 195
4.94103 135.732 196
5.78952 135.635 197
6.70374 135.498 198
7.58829 135.284 199
-------------
4 139 195
4.94248 138.734 196
5.79244 138.637 197
6.63572 138.508 198
7.41155 138.318 199
-------------
