4 148 136
6.1236 147.221 137
7.86226 145.864 138
9.58104 145.211 139
11.4191 145.22 140
13.1075 144.883 141
14.8185 143.932 142
16.502 142.915 143
18.1905 142.623 144
20.2268 142.646 145
22.5212 142.249 146
24.4609 141.001 147
26.0858 140.132 148
27.7762 139.881 149
29.4848 139.823 150
-------------
4 151 136
6.28275 150.146 137
8.26135 148.696 138
10.1267 147.986 139
12.105 147.948 140
13.9558 147.568 141
15.6852 146.614 142
17.3925 145.548 143
19.0847 145.241 144
21.1247 145.26 145
23.4463 144.85 146
25.4367 143.57 147
27.2264 142.526 148
28.9953 142.197 149
30.7334 142.111 150
32.3218 141.364 151
33.8786 140.269 152
35.4722 139.628 153
37.3024 139.605 154
39.4842 139.328 155
41.515 138.385 156
43.1752 137.13 157
44.8092 136.604 158
46.499 136.613 159
48.0558 136.169 160
49.501 135.062 161
-------------
4 148 138
5.84223 147.323 139
7.74291 147.314 140
9.57638 146.955 141
11.2997 146.032 142
12.9328 145.056 143
-------------
4 151 138
5.86588 150.289 139
7.87795 150.229 140
9.77072 149.861 141
11.5047 148.918 142
13.209 147.839 143
14.8956 147.524 144
16.9241 147.52 145
19.2623 147.12 146
-------------
7 151 138
8.87498 150.277 139
10.8988 150.221 140
12.7675 149.843 141
14.4992 148.889 142
16.2036 147.81 143
17.8913 147.496 144
19.9278 147.5 145
22.2615 147.089 146
24.2515 145.815 147
26.1281 144.701 148
27.9235 144.349 149
29.6771 144.247 150
31.2977 143.505 151
32.8674 142.408 152
34.4704 141.764 153
36.3002 141.727 154
38.4929 141.448 155
40.5237 140.514 156
42.2562 139.265 157
43.8953 138.733 158
45.6237 138.717 159
47.3552 138.377 160
48.8064 137.29 161
50.2008 136.462 162
51.6261 136.32 163
53.331 136.227 164
55.4125 135.748 165
-------------
10 151 138
11.9075 150.287 139
13.9225 150.207 140
15.7652 149.833 141
17.4911 148.923 142
19.1924 147.853 143
20.8747 147.546 144
22.9053 147.552 145
25.2486 147.168 146
27.2427 145.89 147
29.1447 144.745 148
30.9513 144.345 149
32.6943 144.242 150
34.3048 143.529 151
35.8685 142.437 152
37.4514 141.808 153
39.2757 141.809 154
41.4588 141.539 155
43.5975 140.627 156
45.3624 139.344 157
47.0031 138.811 158
48.6995 138.805 159
50.365 138.464 160
51.8154 137.358 161
53.1878 136.5 162
54.6139 136.353 163
56.3355 136.274 164
58.4201 135.778 165
60.0856 134.621 166
61.6374 133.687 167
63.1417 133.515 168
64.6626 133.384 169
66.0563 132.75 170
67.5189 131.609 171
68.956 131.119 172
70.54 131.234 173
72.4359 131.049 174
74.2166 130.303 175
75.7154 129.13 176
77.1149 128.68 177
78.5743 128.733 178
80.0106 128.442 179
81.3686 127.453 180
82.7441 126.53 181
84.0733 126.307 182
85.6615 126.403 183
87.4672 126.051 184
88.879 125.073 185
90.1335 124.211 186
91.2868 124.01 187
92.417 124.021 188
93.5072 123.636 189
94.566 122.696 190
95.5686 122.145 191
96.6638 122.119 192
97.9278 122.049 193
99.0992 121.7 194
-------------
4 151 140
5.69286 150.72 141
7.3841 149.931 142
8.86888 149.206 143
10.0221 149.058 144
11.5939 148.934 145
13.5944 148.652 146
15.289 148.145 147
16.7012 147.702 148
18.4916 147.094 149
20.2285 146.854 150
22.0727 146.488 151
23.7043 146.222 152
25.4638 145.704 153
-------------
16 151 140
17.8061 150.646 141
19.4531 149.809 142
21.1049 148.793 143
22.7699 148.489 144
24.7902 148.492 145
27.1126 148.126 146
29.1232 146.919 147
31.1687 145.848 148
33.0384 145.35 149
34.8064 145.231 150
36.4233 144.592 151
38.0131 143.61 152
39.5372 143.04 153
41.3315 143.047 154
43.5143 142.776 155
45.7215 141.91 156
47.718 140.784 157
49.3639 140.25 158
51.0678 140.237 159
52.7809 139.954 160
54.2266 139.062 161
55.6022 138.259 162
57.0183 138.12 163
58.7506 137.979 164
60.8456 137.483 165
62.7721 136.515 166
64.4126 135.651 167
65.9327 135.441 168
67.4309 135.303 169
68.8293 134.722 170
70.2079 133.747 171
71.5506 133.343 172
72.9988 133.465 173
74.894 133.277 174
76.8932 132.619 175
78.4621 131.527 176
79.8663 131.066 177
81.2792 131.045 178
82.7178 130.776 179
84.0482 129.978 180
85.3592 129.134 181
86.6307 128.912 182
88.2093 128.994 183
90.062 128.66 184
91.5587 127.758 185
92.8154 126.884 186
93.9015 126.473 187
95.0506 126.453 188
96.0852 126.096 189
97.0914 125.317 190
98.0699 124.822 191
99.1115 124.774 192
100.376 124.702 193
101.583 124.415 194
102.445 123.647 195
103.306 123.217 196
104.11 122.999 197
104.993 122.859 198
105.532 122.662 199
-------------
16 145 141
17.6648 144.088 142
19.2905 143.13 143
20.9574 142.852 144
22.9889 142.878 145
25.2342 142.482 146
27.144 141.251 147
28.8008 140.268 148
30.4456 140.011 149
32.1603 139.945 150
33.7022 139.207 151
35.2038 138.154 152
36.7714 137.53 153
38.5946 137.57 154
40.7605 137.316 155
42.771 136.391 156
44.3836 135.159 157
45.9707 134.681 158
47.6128 134.742 159
49.1459 134.299 160
50.5678 133.203 161
-------------
10 151 142
11.6824 150.015 143
13.3639 149.714 144
15.386 149.706 145
17.6518 149.366 146
19.5259 148.522 147
21.0505 147.997 148
22.8638 147.461 149
24.7202 147.312 150
26.4105 146.853 151
28.1237 146.369 152
29.8893 145.84 153
31.7029 145.693 154
33.8701 145.291 155
36.0501 144.678 156
37.7364 144.355 157
39.3358 143.844 158
41.096 143.609 159
43.2341 143.264 160
45.0275 142.529 161
47.0351 142.5 162
48.4709 142.356 163
50.0773 141.862 164
52.1752 141.304 165
53.8624 140.485 166
55 140.106 167
56.5518 139.938 168
58.3252 139.599 169
60.3638 138.475 170
62.0872 137.379 171
63.7602 137.082 172
65.3454 137.195 173
-------------
13 151 142
14.7042 149.922 143
16.3878 149.611 144
18.4138 149.606 145
20.7916 149.253 146
22.8298 148.19 147
24.7217 147.123 148
26.5391 146.747 149
28.3741 146.621 150
30.1597 146.122 151
31.8189 145.154 152
33.4701 144.542 153
35.2955 144.488 154
37.5006 144.2 155
39.675 143.434 156
41.4618 142.489 157
43.0785 141.975 158
44.8532 141.862 159
46.738 141.626 160
48.3591 140.82 161
-------------
16 151 142
17.7007 149.926 143
19.3785 149.62 144
21.4037 149.618 145
23.7799 149.266 146
25.9961 148.165 147
28.0462 147.068 148
29.8892 146.645 149
31.696 146.519 150
33.3859 145.885 151
34.9941 144.896 152
36.5647 144.304 153
38.3628 144.29 154
40.5485 144.018 155
42.7638 143.198 156
44.7684 142.114 157
46.4135 141.581 158
48.1375 141.477 159
49.9458 141.218 160
51.4562 140.302 161
52.9146 139.597 162
54.3315 139.458 163
56.0377 139.311 164
58.1358 138.814 165
59.9979 137.874 166
-------------
22 151 143
23.6069 150.707 144
25.6038 150.699 145
27.9365 150.355 146
-------------
25 145 145
27.2774 144.633 146
29.2465 143.42 147
30.9719 142.446 148
32.6566 142.145 149
34.3645 142.054 150
35.9439 141.359 151
37.4496 140.365 152
39.0177 139.773 153
40.8371 139.807 154
43.0132 139.54 155
45.0652 138.582 156
46.7417 137.325 157
48.3457 136.82 158
50.0202 136.841 159
51.5734 136.412 160
52.9953 135.331 161
54.1362 134.638 162
55.5618 134.494 163
57.2797 134.45 164
59.3206 133.928 165
60.9425 132.74 166
62.4751 131.789 167
63.9646 131.622 168
65.4281 131.496 169
66.8058 130.842 170
68.267 129.698 171
69.7165 129.199 172
71.3018 129.318 173
73.1942 129.133 174
74.9356 128.356 175
76.4309 127.167 176
77.8197 126.715 177
79.2151 126.768 178
80.5177 126.41 179
81.8694 125.418 180
83.2321 124.518 181
84.5633 124.306 182
86.1492 124.402 183
87.8453 123.954 184
89.2741 122.869 185
90.531 122.011 186
91.6762 121.816 187
92.7298 121.773 188
93.7605 121.195 189
94.8245 120.114 190
95.8171 119.57 191
96.9069 119.566 192
98.1688 119.494 193
99.297 118.906 194
-------------
4 151 145
6.07889 150.761 146
8.39188 150.617 147
10.9027 150.001 148
13.2266 149.014 149
15.4078 147.998 150
17.6333 147.676 151
19.7513 147.606 152
21.6753 147.059 153
23.5742 146.116 154
25.5665 144.943 155
27.7924 144.404 156
30.0356 144.583 157
32.5788 144.278 158
34.9105 143.289 159
37.0312 141.988 160
38.9786 141.263 161
40.9285 141.355 162
42.555 141.17 163
44.0796 140.325 164
45.7371 139.135 165
47.3549 138.367 166
-------------
19 145 147
20.337 144.501 148
21.9928 144.128 149
23.609 143.974 150
25.1204 143.535 151
-------------
4 151 147
6.59719 150.39 148
8.97381 149.35 149
11.1818 148.287 150
13.3315 147.965 151
15.4468 148.092 152
17.3447 147.6 153
19.287 146.769 154
21.3426 145.523 155
23.5079 145.001 156
25.788 145.169 157
28.1931 144.945 158
30.5411 143.921 159
32.6202 142.64 160
-------------
25 151 147
27.0339 150.004 148
28.884 149.403 149
30.7287 149.248 150
32.4924 148.759 151
34.2008 148.087 152
35.828 147.545 153
37.5358 147.514 154
39.7306 147.225 155
42.0827 146.535 156
43.9862 145.849 157
45.6297 145.319 158
47.3489 145.109 159
49.2299 144.88 160
50.7568 144.33 161
-------------
28 151 147
30.11 149.986 148
32.0036 149.376 149
33.8484 149.213 150
35.4411 148.759 151
37.013 148.074 152
38.4859 147.566 153
40.1454 147.559 154
42.327 147.281 155
44.7045 146.589 156
46.7814 145.77 157
48.4196 145.235 158
50.1222 145.014 159
51.9717 144.798 160
53.5063 144.29 161
-------------
19 151 148
20.826 150.365 149
22.684 150.202 150
24.745 149.846 151
26.7476 149.551 152
28.5316 149.034 153
30.2883 148.767 154
32.4137 148.156 155
34.6524 147.607 156
36.6675 147.594 157
-------------
22 151 148
23.8239 150.369 149
25.6851 150.212 150
27.6907 149.904 151
29.6279 149.445 152
31.4019 148.924 153
33.1693 148.759 154
35.424 148.414 155
37.7238 147.848 156
39.4566 147.628 157
41.1045 147.125 158
42.8343 146.907 159
44.9147 146.625 160
-------------
10 151 150
12.2562 150.664 151
14.5392 150.813 152
16.5908 150.328 153
18.5922 149.354 154
20.6734 148.047 155
22.8763 147.505 156
25.1755 147.678 157
27.7204 147.399 158
30.1699 146.318 159
32.2183 144.97 160
-------------
13 151 150
15.2584 150.667 151
17.5533 150.739 152
19.591 150.189 153
21.6216 149.183 154
23.7166 147.882 155
25.9378 147.34 156
28.2373 147.51 157
30.8156 147.211 158
33.3148 146.131 159
35.4933 144.794 160
37.5246 144.008 161
39.5398 144.075 162
41.2632 143.873 163
42.885 143.013 164
44.5471 141.775 165
46.2207 140.927 166
47.9896 140.85 167
50.0571 140.826 168
52.3275 140.117 169
54.3459 138.882 170
56.1056 137.77 171
57.818 137.547 172
59.3997 137.675 173
60.885 137.177 174
62.3387 136.03 175
63.7703 134.809 176
65.2255 134.415 177
66.8378 134.512 178
68.6528 134.072 179
70.3194 132.95 180
71.7384 131.773 181
73.0106 131.255 182
74.1835 131.375 183
75.0876 131.062 184
75.8888 130.081 185
76.7341 128.822 186
77.5582 128.083 187
78.4147 128.17 188
79.5114 127.837 189
80.6481 127.034 190
81.5619 125.841 191
82.4325 125.129 192
83.2197 125.204 193
83.8925 125.106 194
84.5371 124.403 195
85.3157 123.206 196
86.1395 122.441 197
87.05 122.463 198
88.242 122.249 199
-------------
16 151 150
18.255 150.67 151
20.5473 150.67 152
22.5843 150.111 153
24.5997 149.122 154
26.7099 147.865 155
28.9394 147.321 156
31.2378 147.488 157
33.7971 147.182 158
36.2966 146.134 159
38.491 144.807 160
40.5375 144.008 161
42.5371 144.047 162
44.2341 143.839 163
45.8318 142.989 164
47.514 141.77 165
49.2327 140.952 166
-------------
19 151 150
21.2393 150.669 151
23.3806 150.538 152
25.3175 149.995 153
-------------
37 151 150
38.477 150.698 151
39.9832 150.164 152
41.4398 149.685 153
43.0857 149.682 154
45.215 149.403 155
47.5892 148.741 156
-------------
31 151 151
32.7922 150.49 152
34.5207 149.982 153
36.2121 149.937 154
38.4703 149.602 155
41.0415 149.092 156
42.9059 148.653 157
44.6119 148.126 158
46.3395 147.91 159
48.3523 147.661 160
49.8532 147.22 161
51.8603 147.204 162
53.2682 147.071 163
54.9669 146.662 164
57.0923 146.156 165
59.2483 145.504 166
61.0804 145.448 167
62.6231 145.226 168
64.367 144.876 169
65.8208 144.574 170
67.0894 143.862 171
68.3658 143.499 172
69.699 143.578 173
71.706 143.153 174
74.0555 143.029 175
76.1306 142.721 176
77.7818 142.413 177
79.2801 142.406 178
80.95 141.996 179
81.9333 141.98 180
83.2786 141.069 181
-------------
34 151 151
35.7012 150.484 152
37.343 149.993 153
38.9955 149.982 154
41.1912 149.686 155
43.6194 149.071 156
45.5374 148.45 157
47.12 147.932 158
48.8245 147.712 159
50.7431 147.492 160
52.2654 147.038 161
54.2492 147.009 162
55.6611 146.876 163
57.342 146.556 164
59.4382 146.058 165
-------------
43 139 154
45.1106 138.753 155
47.0418 137.868 156
48.6434 136.729 157
-------------
28 151 154
30.197 150.212 155
32.45 149.679 156
34.7505 149.843 157
37.2606 149.554 158
-------------
19 151 155
21.012 150.47 156
23.3066 150.647 157
25.9251 150.432 158
28.3306 149.374 159
30.4672 148.202 160
32.5528 147.57 161
34.6101 147.669 162
36.4233 147.506 163
38.1192 146.86 164
39.7577 145.635 165
41.3244 144.757 166
-------------
22 151 155
24.1933 150.465 156
26.4973 150.641 157
29.1317 150.417 158
31.6449 149.354 159
33.8959 148.059 160
36.0683 147.261 161
38.1388 147.33 162
39.973 147.153 163
41.7194 146.407 164
43.3801 145.169 165
45.0425 144.282 166
46.8795 144.251 167
49.0027 144.249 168
51.35 143.578 169
53.4139 142.367 170
55.3276 141.217 171
57.0835 140.988 172
58.6548 141.127 173
60.1965 140.676 174
61.6957 139.588 175
63.1247 138.362 176
64.5751 137.967 177
66.1917 138.06 178
68.0493 137.621 179
69.758 136.511 180
71.2579 135.349 181
72.5818 134.836 182
73.7974 134.939 183
74.736 134.642 184
75.5514 133.7 185
76.3814 132.445 186
77.2089 131.696 187
78.025 131.767 188
79.1208 131.436 189
80.2517 130.636 190
81.1446 129.444 191
82.0274 128.723 192
82.7817 128.766 193
83.4487 128.665 194
84.1244 127.983 195
84.8977 126.805 196
85.7348 126.026 197
86.6203 126.027 198
87.811 125.813 199
-------------
25 151 155
27.2288 150.458 156
29.5338 150.631 157
32.1473 150.378 158
34.6759 149.322 159
36.9255 148.003 160
39.0815 147.166 161
41.1529 147.221 162
42.9825 147.025 163
44.6878 146.192 164
46.351 144.952 165
48.0738 144.066 166
49.9303 144.033 167
52.0488 144.024 168
54.3926 143.343 169
56.443 142.116 170
58.3021 140.932 171
60.0444 140.683 172
61.6321 140.799 173
63.2825 140.229 174
64.8083 139.07 175
66.2556 137.839 176
67.7228 137.439 177
69.3423 137.529 178
71.1752 137.081 179
72.8901 135.961 180
74.3977 134.789 181
75.723 134.268 182
76.9543 134.378 183
77.9191 134.042 184
78.7594 133.043 185
79.6049 131.78 186
80.4461 131.028 187
81.3278 131.118 188
82.4229 130.785 189
83.5603 129.981 190
84.4759 128.776 191
85.3672 128.051 192
86.1864 128.092 193
86.8713 127.988 194
87.5275 127.28 195
88.3054 126.084 196
89.1424 125.299 197
90.0392 125.294 198
91.2301 125.078 199
-------------
49 145 157
50.6309 144.47 158
52.3338 144.223 159
54.0571 144.013 160
55.5047 143.391 161
56.8321 142.974 162
58.2429 142.838 163
59.9141 142.561 164
62.0022 142.062 165
63.9605 141.168 166
-------------
40 151 157
41.9812 150.558 158
43.715 150.344 159
45.7439 150.094 160
-------------
43 151 157
44.8448 150.517 158
46.5706 150.309 159
48.5927 150.066 160
50.0877 149.645 161
52.0988 149.64 162
53.4713 149.528 163
55.1417 149.079 164
57.2836 148.594 165
59.6747 148.2 166
-------------
46 151 157
47.4619 150.602 158
49.1667 150.397 159
51.1629 150.162 160
52.6645 149.742 161
54.6765 149.735 162
56.1141 149.64 163
57.7972 149.289 164
59.8688 148.816 165
-------------
40 139 158
41.6789 138.922 159
43.1757 138.521 160
44.577 137.703 161
-------------
52 151 158
53.5939 150.802 159
55.3431 150.655 160
56.8386 150.25 161
58.8113 150.237 162
60.2329 150.191 163
61.8753 149.832 164
63.7152 149.445 165
-------------
37 142 159
39.0468 140.845 160
40.8697 140.136 161
42.7548 140.2 162
44.2834 140.03 163
45.7789 139.219 164
47.389 138.258 165
-------------
37 151 159
39.2543 149.693 160
41.4109 148.857 161
43.4842 148.879 162
45.3013 148.679 163
46.9773 147.939 164
48.6541 146.693 165
50.4115 145.824 166
52.2736 145.795 167
54.3595 145.77 168
56.6754 145.087 169
58.7 143.864 170
60.4204 142.697 171
62.1442 142.438 172
63.7307 142.549 173
65.426 141.991 174
66.976 140.833 175
68.4342 139.602 176
69.9055 139.201 177
71.5209 139.286 178
73.2811 138.853 179
74.995 137.735 180
76.504 136.567 181
77.8283 136.046 182
79.1118 136.137 183
80.0919 135.783 184
80.9374 134.794 185
81.772 133.541 186
82.6271 132.791 187
83.697 132.815 188
84.782 132.487 189
85.878 131.698 190
86.7873 130.493 191
87.6775 129.774 192
88.5508 129.774 193
89.2598 129.67 194
89.9215 128.977 195
90.6951 127.788 196
91.5376 127.004 197
92.4797 126.96 198
93.6635 126.742 199
-------------
31 151 160
33.2042 150.262 161
35.2592 150.327 162
37.0843 150.171 163
38.8675 149.538 164
40.5013 148.311 165
42.1011 147.408 166
-------------
34 151 160
36.2098 150.214 161
38.2794 150.266 162
40.123 150.085 163
41.9584 149.349 164
43.6166 148.106 165
45.281 147.183 166
47.0217 147.125 167
49.1474 147.116 168
51.4986 146.441 169
53.5601 145.223 170
55.4958 144.063 171
57.2466 143.822 172
58.7968 143.948 173
60.4305 143.463 174
61.9618 142.37 175
63.3877 141.139 176
64.8125 140.728 177
66.4181 140.817 178
68.2778 140.372 179
69.9966 139.262 180
71.5056 138.097 181
72.8274 137.579 182
74.0426 137.647 183
74.9946 137.338 184
75.8298 136.404 185
76.6477 135.152 186
77.4748 134.396 187
78.2697 134.454 188
79.3645 134.123 189
80.4901 133.327 190
81.3868 132.127 191
82.262 131.406 192
82.965 131.419 193
83.6348 131.307 194
84.3266 130.623 195
85.0855 129.457 196
85.9261 128.675 197
86.8054 128.675 198
87.9917 128.456 199
-------------
43 145 161
45.0477 145.011 162
46.684 144.81 163
48.303 144.162 164
-------------
46 145 161
48.0501 144.982 162
49.4702 144.844 163
51.1381 144.327 164
53.2387 143.774 165
54.979 142.945 166
-------------
46 148 161
48.044 147.998 162
49.4538 147.866 163
51.1212 147.334 164
53.1501 146.722 165
-------------
40 151 161
42.0659 151.004 162
43.9512 150.785 163
45.7648 149.987 164
47.4294 148.741 165
49.1734 147.845 166
51.0362 147.817 167
53.1321 147.795 168
55.4687 147.115 169
57.508 145.904 170
59.2404 144.786 171
60.9813 144.535 172
62.566 144.623 173
64.2696 144.081 174
65.8251 142.944 175
67.2875 141.71 176
68.7667 141.305 177
70.3802 141.39 178
72.199 140.944 179
73.9102 139.829 180
75.4204 138.662 181
76.7449 138.141 182
77.9967 138.2 183
78.9787 137.848 184
79.8466 136.897 185
80.6695 135.645 186
81.5266 134.864 187
82.4939 134.908 188
83.5802 134.577 189
84.6532 133.784 190
85.5559 132.573 191
86.4329 131.858 192
87.184 131.853 193
87.8973 131.718 194
88.5958 131.028 195
89.367 129.841 196
90.2073 129.048 197
91.1431 129.02 198
92.3272 128.8 199
-------------
43 151 161
45.065 151.004 162
46.8637 150.823 163
48.5299 150.222 164
-------------
58 136 162
59.4084 135.87 163
61.0936 135.785 164
63.0831 135.31 165
64.7459 134.262 166
66.287 133.399 167
67.7894 133.206 168
69.2647 133.071 169
70.6415 132.466 170
72.0706 131.432 171
73.4734 130.995 172
75.0178 131.139 173
76.9058 130.955 174
78.796 130.271 175
80.3717 129.144 176
81.7756 128.678 177
83.1723 128.681 178
84.512 128.36 179
85.8627 127.498 180
87.1618 126.686 181
88.4277 126.493 182
90.0114 126.586 183
91.8655 126.232 184
93.422 125.276 185
94.7012 124.396 186
95.8581 124.107 187
96.9323 124.062 188
97.9465 123.488 189
98.9587 122.567 190
99.8832 122.11 191
100.91 122.087 192
102.169 122.013 193
103.388 121.598 194
104.405 120.644 195
105.272 120.223 196
106.047 120.055 197
106.835 119.873 198
-------------
49 139 162
50.4336 138.856 163
52.0638 138.643 164
54.1675 138.139 165
55.7482 137.293 166
56.92 136.854 167
58.4168 136.7 168
60.2112 136.426 169
61.7449 135.769 170
63.3707 134.692 171
64.9719 134.313 172
66.5584 134.427 173
68.4819 134.156 174
70.0662 133.33 175
71.4862 132.269 176
72.8804 131.854 177
74.3768 131.883 178
76.1184 131.493 179
77.6539 130.486 180
79.134 129.45 181
80.4527 129.077 182
82.0142 129.164 183
83.6675 128.859 184
84.8217 127.947 185
85.8168 127.004 186
86.793 126.548 187
87.9165 126.6 188
89.0107 126.273 189
90.1421 125.481 190
91.1553 124.838 191
92.2013 124.658 192
93.1753 124.678 193
93.9539 124.585 194
94.613 123.99 195
95.4162 123.533 196
96.1917 123.23 197
97.0839 123.182 198
-------------
58 139 162
59.4127 138.862 163
61.1306 138.688 164
63.225 138.192 165
65.1529 137.262 166
66.7878 136.429 167
68.3065 136.211 168
69.8155 136.049 169
71.1572 135.516 170
72.4669 134.701 171
73.7695 134.333 172
75.1938 134.449 173
77.0717 134.256 174
79.1221 133.651 175
80.6978 132.605 176
82.0963 132.136 177
83.5091 132.058 178
84.8407 131.842 179
-------------
52 142 162
53.4141 141.862 163
55.0514 141.561 164
57.1574 141.057 165
58.9694 140.176 166
60.2484 139.655 167
61.7773 139.447 168
63.4483 139.218 169
64.9333 138.836 170
66.4525 137.872 171
67.9594 137.505 172
69.4997 137.613 173
71.5178 137.237 174
73.5565 136.655 175
74.9671 135.633 176
76.3994 135.195 177
77.8975 135.191 178
79.5893 134.834 179
-------------
58 145 162
59.4118 144.866 163
61.0807 144.576 164
63.1434 144.074 165
65.0612 143.213 166
-------------
49 151 162
50.3577 150.911 163
52.0049 150.401 164
54.1615 149.873 165
56.5667 149.405 166
58.4874 149.499 167
60.4451 149.419 168
62.292 148.899 169
-------------
61 130 165
62.5217 128.867 166
63.9134 128 167
65.2841 127.883 168
66.6882 127.783 169
68.0422 127.132 170
69.4945 126.005 171
70.9547 125.544 172
72.5433 125.699 173
74.4085 125.532 174
76.0855 124.76 175
77.5065 123.611 176
78.8443 123.207 177
80.1891 123.266 178
81.4289 122.908 179
82.7194 121.988 180
84.0655 121.148 181
85.3989 121.013 182
86.9834 121.11 183
88.6184 120.663 184
90.0142 119.585 185
91.2185 118.839 186
92.349 118.707 187
93.3835 118.651 188
94.3825 118.041 189
95.4604 116.981 190
96.4612 116.468 191
97.5103 116.534 192
98.7675 116.458 193
99.9013 115.889 194
-------------
40 151 165
41.5925 150.08 166
43.1681 149.952 167
45.223 149.898 168
47.5659 149.245 169
49.586 148.028 170
51.5097 146.873 171
53.2604 146.634 172
54.6452 146.84 173
56.2282 146.471 174
57.7579 145.607 175
59.1368 144.422 176
60.4729 144.004 177
61.9406 144.048 178
63.7578 143.592 179
65.6092 142.636 180
67.0894 141.593 181
-------------
43 151 165
44.6008 150.045 166
46.2616 149.965 167
48.3868 149.946 168
50.7379 149.272 169
52.7956 148.051 170
54.7297 146.893 171
56.48 146.649 172
58.0004 146.753 173
59.7408 146.25 174
61.2854 145.131 175
62.7012 143.887 176
64.1023 143.459 177
65.6871 143.538 178
67.5263 143.066 179
69.2641 141.944 180
70.7776 140.781 181
72.0367 140.292 182
73.2352 140.338 183
74.2164 140.012 184
75.0691 139.115 185
75.8596 137.903 186
76.6967 137.151 187
77.4806 137.2 188
78.5646 136.869 189
79.6836 136.073 190
80.619 134.886 191
81.483 134.218 192
82.1276 134.212 193
82.8624 134.067 194
83.636 133.436 195
84.3006 132.378 196
85.1582 131.633 197
86.0224 131.636 198
87.1967 131.413 199
-------------
46 151 165
47.6492 150.037 166
49.4182 149.991 167
51.5239 149.966 168
53.8598 149.272 169
55.8982 148.054 170
57.8218 146.901 171
59.564 146.65 172
61.1396 146.722 173
62.863 146.178 174
64.4197 145.044 175
65.8521 143.788 176
67.2911 143.362 177
68.8896 143.448 178
70.6831 142.97 179
72.3918 141.846 180
73.9024 140.677 181
75.2216 140.156 182
76.4307 140.202 183
77.4629 139.839 184
78.3525 138.878 185
79.1737 137.622 186
80.0318 136.796 187
80.8592 136.887 188
81.9412 136.553 189
83.0174 135.724 190
83.9293 134.51 191
84.8059 133.801 192
85.4918 133.794 193
86.2274 133.641 194
87.0247 132.949 195
87.7947 131.76 196
88.6453 130.959 197
89.5307 130.968 198
90.7058 130.747 199
-------------
49 151 165
50.7804 150.108 166
52.676 150.128 167
54.7205 150.072 168
57.0061 149.377 169
58.9559 148.217 170
60.6646 147.157 171
62.3501 146.873 172
63.9086 146.915 173
65.6124 146.372 174
-------------
58 133 167
59.4785 132.912 168
60.9426 132.8 169
62.3292 132.152 170
63.6998 131.074 171
65.1072 130.589 172
66.6879 130.705 173
68.585 130.511 174
70.2744 129.761 175
71.6935 128.699 176
73.0726 128.286 177
74.5462 128.338 178
75.866 127.946 179
77.2095 126.961 180
78.5322 125.988 181
79.8255 125.738 182
81.4008 125.841 183
-------------
61 136 167
62.5128 135.822 168
64.0675 135.676 169
65.5256 135.137 170
66.9995 134.07 171
68.458 133.619 172
70.0415 133.733 173
71.9657 133.518 174
73.786 132.832 175
75.254 131.749 176
76.6589 131.308 177
78.1377 131.326 178
79.6701 131.036 179
81.0236 130.218 180
82.4557 129.268 181
83.8002 128.983 182
85.3877 129.065 183
87.2019 128.742 184
88.5314 127.855 185
89.7748 126.984 186
90.8607 126.573 187
92.0482 126.596 188
93.1198 126.279 189
94.2238 125.487 190
95.253 124.908 191
96.3491 124.796 192
97.6141 124.726 193
98.791 124.521 194
99.4628 123.936 195
100.301 123.495 196
101.114 123.286 197
102.008 123.171 198
102.532 122.998 199
-------------
52 139 167
53.9896 138.943 168
56.1543 138.282 169
58.1506 137.087 170
59.8665 136 171
61.5309 135.726 172
63.1176 135.84 173
64.5968 135.279 174
66.0388 134.203 175
67.4874 133.028 176
68.9434 132.632 177
70.5498 132.715 178
72.33 132.277 179
73.9804 131.146 180
75.3971 129.98 181
76.6503 129.465 182
77.8159 129.561 183
78.761 129.205 184
79.5897 128.212 185
80.4822 127.003 186
81.3198 126.29 187
82.2109 126.382 188
83.304 126.047 189
84.4399 125.245 190
85.3675 124.063 191
86.2213 123.378 192
87.0206 123.45 193
87.7067 123.341 194
88.3387 122.636 195
89.1191 121.439 196
89.9546 120.698 197
90.8614 120.708 198
92.0522 120.492 199
-------------
64 139 167
65.485 138.767 168
67.0328 138.577 169
68.4944 138.225 170
69.9055 137.355 171
71.2777 136.994 172
72.703 137.113 173
74.5896 136.862 174
76.6599 136.269 175
78.1092 135.257 176
79.4962 134.806 177
80.9453 134.758 178
82.4323 134.487 179
-------------
67 139 167
68.4582 138.723 168
69.9921 138.534 169
71.2945 138.214 170
72.5669 137.556 171
73.8932 137.226 172
75.2982 137.34 173
77.1451 137.095 174
79.2137 136.496 175
80.7206 135.512 176
81.9509 135.038 177
83.3615 134.954 178
84.808 134.72 179
86.0128 134.475 180
87.4468 133.744 181
88.7252 133.499 182
90.3046 133.567 183
92.1802 133.237 184
-------------
52 142 167
54.0695 141.96 168
56.3101 141.282 169
58.3424 140.065 170
60.0852 138.929 171
61.7877 138.669 172
63.3756 138.783 173
64.9785 138.203 174
66.4825 137.072 175
67.9267 135.849 176
69.3926 135.449 177
71.0111 135.537 178
72.8266 135.098 179
74.5427 133.981 180
76.0415 132.813 181
77.363 132.295 182
78.5895 132.404 183
79.5673 132.045 184
80.4176 131.04 185
81.2865 129.784 186
82.1333 129.038 187
83.0367 129.137 188
84.131 128.804 189
85.269 128.001 190
86.1924 126.801 191
87.0847 126.077 192
87.9432 126.136 193
88.643 126.033 194
89.2933 125.325 195
90.0737 124.128 196
90.9112 123.342 197
91.8222 123.345 198
93.013 123.128 199
-------------
61 142 167
62.5379 141.78 168
64.2395 141.486 169
65.6977 141.169 170
67.1146 140.362 171
68.5426 140.01 172
69.9875 140.118 173
72.0064 139.71 174
74.2423 139.333 175
75.7244 138.396 176
77.1906 137.964 177
78.6985 137.954 178
80.4128 137.575 179
81.439 137.355 180
82.8327 136.433 181
84.0613 136.08 182
85.5922 136.132 183
87.4796 135.814 184
89.3942 135.57 185
-------------
64 142 167
65.4085 141.739 168
66.9831 141.499 169
68.4429 141.195 170
69.8804 140.478 171
71.2879 140.131 172
72.6794 140.252 173
74.6835 139.849 174
76.7022 139.458 175
-------------
67 142 167
68.367 141.694 168
69.9118 141.469 169
71.3391 141.18 170
72.7527 140.551 171
74.152 140.216 172
75.5157 140.331 173
77.4032 139.981 174
79.3943 139.487 175
-------------
64 145 167
65.359 144.749 168
66.9895 144.432 169
68.4476 144.132 170
69.8652 143.471 171
71.2687 143.125 172
72.5586 143.223 173
74.5649 142.798 174
-------------
61 148 167
62.6088 147.824 168
64.3457 147.368 169
65.7989 147.067 170
67.0539 146.374 171
-------------
64 148 167
65.2398 147.746 168
66.9093 147.308 169
68.3673 147.016 170
69.7209 146.413 171
71.0731 146.081 172
72.3465 146.151 173
74.2561 145.698 174
-------------
55 151 167
56.9894 150.929 168
59.1377 150.269 169
60.9148 149.266 170
62.4472 148.351 171
-------------
67 130 168
68.4343 129.882 169
69.801 129.237 170
71.2535 128.158 171
72.7083 127.7 172
74.2917 127.853 173
76.1668 127.672 174
77.873 126.898 175
79.3515 125.722 176
80.7304 125.265 177
82.1094 125.311 178
83.3804 124.946 179
84.7227 123.969 180
86.0547 123.12 181
87.3889 122.97 182
88.974 123.066 183
90.6349 122.602 184
92.0601 121.508 185
93.3177 120.627 186
94.4546 120.433 187
95.4906 120.368 188
96.4764 119.724 189
97.5439 118.642 190
98.5249 118.133 191
99.563 118.185 192
100.821 118.108 193
101.956 117.51 194
102.856 116.382 195
103.726 115.967 196
-------------
70 145 169
71.4555 144.71 170
72.8954 144.133 171
74.2909 143.802 172
75.5686 143.893 173
77.5261 143.492 174
79.1222 143.344 175
-------------
52 151 170
53.9378 149.851 171
55.702 149.614 172
57.2424 149.63 173
59.19 149.178 174
60.6408 148.269 175
-------------
55 151 170
56.9252 149.841 171
58.6571 149.603 172
60.1629 149.628 173
62.0587 149.139 174
63.7301 148.027 175
65.231 146.772 176
66.6832 146.458 177
68.1877 146.56 178
69.9223 146.054 179
71.6712 144.947 180
73.1686 143.802 181
-------------
67 151 170
68.1395 150.543 171
68.8739 150.157 172
70.0473 150.137 173
-------------
58 133 171
59.5564 132.761 172
61.1275 132.885 173
62.5136 132.316 174
63.8612 131.229 175
65.2602 130.147 176
66.6839 129.783 177
68.2711 129.885 178
69.9686 129.4 179
71.5334 128.304 180
72.8154 127.206 181
73.9357 126.77 182
75.0314 126.864 183
75.8692 126.529 184
76.611 125.58 185
77.4463 124.371 186
-------------
64 145 171
65.2779 144.674 172
66.7108 144.724 173
68.5047 144.216 174
70.85 144.023 175
72.9612 143.674 176
74.687 143.377 177
76.2239 143.383 178
77.8865 142.932 179
-------------
64 151 171
64.7383 150.612 172
65.8462 150.531 173
-------------
73 151 171
73.7455 150.635 172
74.9227 150.585 173
75.494 150.366 174
-------------
52 142 172
53.4612 142.193 173
54.8368 141.88 174
56.3237 140.992 175
57.7154 139.859 176
58.9517 139.493 177
60.3028 139.598 178
-------------
61 151 172
62.401 151.006 173
64.2202 150.543 174
66.2863 149.984 175
-------------
76 151 172
77.1213 150.95 173
77.66 150.833 174
77.8171 150.795 175
77.9127 150.741 176
78.4453 150.54 177
79.2932 150.475 178
80.2295 150.241 179
-------------
79 151 172
80.0567 150.954 173
80.41 150.932 174
80.5529 150.899 175
80.6291 150.876 176
81.133 150.684 177
81.9713 150.618 178
82.8992 150.459 179
83.0586 150.462 180
84.3946 149.826 181
84.9945 149.669 182
85.535 149.518 183
-------------
67 130 175
68.4194 128.938 176
69.8138 128.539 177
71.3428 128.595 178
72.9266 128.105 179
74.4524 127.024 180
75.7426 125.966 181
76.8466 125.577 182
77.9632 125.687 183
78.8143 125.357 184
79.5567 124.503 185
80.4205 123.457 186
81.2107 122.967 187
82.0852 123.068 188
83.1751 122.735 189
84.2819 121.935 190
85.1485 120.933 191
85.9322 120.34 192
86.6992 120.422 193
87.3595 120.315 194
87.952 119.618 195
88.7303 118.486 196
89.5335 117.839 197
90.4338 117.857 198
91.6235 117.643 199
-------------
70 136 175
71.412 134.945 176
72.8452 134.529 177
74.3455 134.536 178
76.1118 134.143 179
77.8122 133.096 180
79.3406 132.023 181
80.6647 131.564 182
82.1164 131.642 183
-------------
70 139 175
71.4534 137.916 176
72.9188 137.514 177
74.4394 137.526 178
76.1902 137.105 179
77.9128 136.014 180
79.4364 134.923 181
80.7457 134.431 182
82.1394 134.505 183
-------------
67 145 175
68.4762 143.779 176
69.9932 143.363 177
71.59 143.437 178
73.3106 142.973 179
74.9989 141.866 180
76.4993 140.714 181
77.8187 140.192 182
79.0329 140.201 183
80.0483 139.833 184
80.9542 138.887 185
81.7799 137.64 186
82.6603 136.823 187
-------------
79 139 176
80.1783 138.609 177
81.5791 138.554 178
83.2053 138.25 179
84.3526 138.082 180
85.8506 137.292 181
87.1117 137.034 182
88.6803 137.095 183
90.5535 136.764 184
-------------
76 145 176
77.6972 144.715 177
79.1094 144.691 178
80.5334 144.28 179
81.5168 144.292 180
82.8687 143.395 181
83.513 143.236 182
-------------
67 151 176
68.757 150.784 177
70.1074 150.917 178
71.8147 150.402 179
73.4161 149.918 180
-------------
70 151 176
71.8307 150.806 177
73.1376 150.926 178
74.5426 150.494 179
76.1217 149.998 180
-------------
73 151 176
74.8218 150.79 177
75.6895 150.73 178
76.9746 150.28 179
-------------
85 136 177
86.2925 135.861 178
87.5577 135.725 179
88.5023 135.632 180
-------------
82 142 177
83.2391 141.948 178
84.7455 141.678 179
85.7979 141.705 180
87.3315 141.025 181
88.465 140.86 182
90.2027 140.536 183
-------------
61 148 177
62.3599 148.075 178
64.0918 147.589 179
66.0912 147.094 180
67.8675 146.501 181
69.0677 146.323 182
70.2278 146.296 183
71.3548 145.913 184
72.0247 145.569 185
72.376 145.343 186
72.3674 145.258 187
-------------
64 151 177
65.3579 151.124 178
67.0746 150.621 179
68.9561 150.266 180
70.7773 150.016 181
71.9795 149.857 182
73.1427 149.822 183
74.2444 149.432 184
-------------
85 148 178
85.9693 147.854 179
86.124 147.857 180
87.5896 147.228 181
88.1873 147.069 182
-------------
88 130 180
89.034 129.417 181
90.2675 129.216 182
91.8448 129.294 183
93.716 128.961 184
95.2648 128.081 185
96.5366 127.206 186
97.6285 126.787 187
98.7663 126.73 188
99.6327 126.488 189
100.555 125.866 190
101.411 125.551 191
102.361 125.525 192
103.622 125.452 193
104.874 125.085 194
105.802 124.352 195
106.641 123.925 196
107.431 123.69 197
108.289 123.552 198
108.919 123.379 199
-------------
82 133 180
83.4686 132.067 181
84.7831 131.757 182
86.3647 131.831 183
88.2411 131.507 184
89.6026 130.726 185
90.8481 129.858 186
91.932 129.434 187
93.1881 129.392 188
94.2242 129.111 189
95.2252 128.414 190
96.2388 127.854 191
97.2751 127.743 192
98.543 127.67 193
99.8675 127.571 194
100.725 127.085 195
101.598 126.647 196
102.451 126.386 197
103.357 126.251 198
103.884 126.082 199
-------------
88 139 180
89.5212 138.321 181
90.7215 138.153 182
92.2943 138.137 183
94.0555 137.819 184
-------------
79 148 180
80.2606 147.206 181
80.8675 147.042 182
81.405 146.882 183
82.2428 146.426 184
83.895 146.095 185
85.3556 145.694 186
86.4595 145.374 187
87.1957 145.232 188
-------------
76 148 181
76.6875 147.842 182
77.2278 147.685 183
78.2735 147.302 184
79.734 147.046 185
81.1615 146.702 186
82.2825 146.417 187
83.0349 146.307 188
-------------
76 151 181
76.6297 150.859 182
77.1686 150.705 183
78.1454 150.297 184
79.4876 150.125 185
80.8744 149.869 186
81.9668 149.625 187
82.7303 149.482 188
82.909 149.348 189
83.0973 149.204 190
83.3049 149.122 191
83.4585 148.99 192
-------------
79 151 181
79.6113 150.853 182
80.1507 150.704 183
81.0715 150.301 184
-------------
88 151 181
88.5951 150.846 182
89.1445 150.709 183
89.4644 150.577 184
-------------
91 151 181
91.5844 150.851 182
92.1079 150.709 183
92.389 150.599 184
92.4903 150.551 185
-------------
82 139 182
83.2564 138.969 183
85.1414 138.665 184
87.0687 138.536 185
88.6517 138.2 186
89.7802 137.798 187
91.0019 137.694 188
91.9015 137.491 189
92.7717 137.069 190
93.0949 136.833 191
93.5141 136.679 192
-------------
91 121 183
92.5653 120.57 184
93.9134 119.572 185
95.017 118.795 186
96.1009 118.603 187
97.124 118.53 188
98.0762 117.893 189
99.1467 116.823 190
100.124 116.361 191
101.002 116.542 192
102.259 116.466 193
103.386 115.867 194
104.222 114.791 195
105.091 114.381 196
-------------
70 133 183
70.8956 132.745 184
71.587 131.871 185
72.3559 130.687 186
73.1114 130.017 187
73.8982 130.123 188
74.9824 129.796 189
75.9733 129.043 190
-------------
70 136 183
70.9175 135.749 184
71.7304 134.897 185
72.5489 133.721 186
73.375 132.991 187
74.161 133.062 188
75.2544 132.732 189
76.2998 132.005 190
77.129 130.909 191
-------------
97 142 183
97.0752 141.984 184
97.1615 141.939 185
97.364 141.801 186
98.0844 141.533 187
99.0372 141.362 188
99.4354 141.261 189
100.21 141.023 190
100.48 140.868 191
-------------
97 145 183
97.0751 144.984 184
97.1335 144.942 185
97.3172 144.8 186
97.9942 144.575 187
98.7245 144.425 188
99.0681 144.325 189
-------------
82 124 184
82.8696 123.279 185
83.7468 122.547 186
84.7036 122.258 187
85.5762 122.325 188
86.6242 122.01 189
87.6908 121.247 190
88.5706 120.625 191
89.4856 120.357 192
90.2701 120.415 193
90.9475 120.308 194
91.5639 119.71 195
-------------
85 142 184
86.8547 141.854 185
88.4012 141.519 186
89.5388 141.129 187
90.3026 140.951 188
91.2063 140.73 189
92.0825 140.328 190
92.3732 140.125 191
92.7181 139.994 192
92.9221 139.871 193
93.6342 139.702 194
94.7464 139.442 195
95.9296 139.25 196
-------------
94 145 184
94.0728 144.956 185
94.2705 144.793 186
95.0023 144.574 187
95.7273 144.407 188
96.1261 144.287 189
96.9049 143.905 190
97.1339 143.729 191
97.3122 143.634 192
97.4584 143.499 193
-------------
85 124 185
86.0265 123.217 186
87.0807 122.98 187
88.0432 123.03 188
89.1043 122.7 189
90.1742 121.908 190
91.1065 121.321 191
92.0817 121.168 192
92.9743 121.203 193
93.6934 121.075 194
94.3405 120.484 195
95.1079 120.04 196
95.8372 119.818 197
96.6896 119.8 198
97.2078 119.636 199
-------------
85 130 185
85.9691 129.021 186
86.8794 128.485 187
88.0336 128.523 188
89.1272 128.196 189
90.2594 127.405 190
91.2878 126.708 191
92.3264 126.48 192
93.305 126.494 193
94.0941 126.409 194
94.7555 125.811 195
95.569 125.349 196
96.3527 125.058 197
97.2657 124.998 198
-------------
85 133 185
85.9517 132.004 186
86.8584 131.456 187
88.0084 131.447 188
89.1 131.119 189
90.2221 130.341 190
91.1275 129.5 191
-------------
73 151 185
73.3521 150.788 186
73.3427 150.675 187
73.4512 150.628 188
73.7454 150.514 189
74.0531 150.383 190
-------------
82 151 185
83.3432 150.753 186
84.4284 150.509 187
85.1853 150.362 188
85.3625 150.228 189
85.5507 150.087 190
85.7483 150 191
85.9036 149.883 192
86.1239 149.768 193
86.6433 149.595 194
87.0617 149.443 195
87.5839 149.344 196
87.9036 149.225 197
-------------
97 124 186
98.145 123.672 187
99.2188 123.617 188
100.19 123.085 189
101.153 122.243 190
101.921 121.906 191
102.882 121.867 192
104.139 121.793 193
105.382 121.382 194
106.47 120.402 195
107.342 119.984 196
108.125 119.777 197
108.821 119.604 198
109.513 119.102 199
-------------
94 130 186
95.0779 129.578 187
96.2985 129.513 188
97.3024 129.307 189
98.3227 128.727 190
99.301 128.312 191
100.294 128.261 192
101.561 128.187 193
-------------
97 130 186
98.0707 129.571 187
99.2633 129.485 188
100.228 129.287 189
101.214 128.793 190
102.167 128.432 191
103.073 128.407 192
104.339 128.333 193
-------------
88 133 186
89.0649 132.55 187
90.319 132.491 188
91.3951 132.173 189
92.4631 131.44 190
-------------
91 133 186
92.0923 132.577 187
93.3714 132.507 188
94.3024 132.311 189
95.1909 131.781 190
95.9288 131.274 191
96.8479 131.143 192
98.1157 131.068 193
99.4536 131.011 194
100.609 130.716 195
-------------
94 133 186
95.049 132.583 187
96.3049 132.504 188
97.2717 132.33 189
98.2836 131.841 190
99.1959 131.417 191
100.075 131.371 192
101.343 131.295 193
-------------
85 136 186
86.025 135.45 187
87.1631 135.441 188
88.2356 135.125 189
89.2005 134.496 190
-------------
91 136 186
92.1034 135.587 187
93.3803 135.502 188
94.2833 135.315 189
95.157 134.866 190
-------------
94 136 186
94.8988 135.606 187
96.1496 135.511 188
97.086 135.362 189
98.0662 134.937 190
-------------
97 136 186
97.7118 135.69 187
98.9223 135.603 188
99.8671 135.487 189
100.909 135.127 190
-------------
85 139 186
86.106 138.544 187
87.1452 138.507 188
88.1484 138.246 189
89.0276 137.789 190
-------------
91 139 186
92.1202 138.609 187
93.3052 138.446 188
94.1967 138.255 189
95.0679 137.848 190
95.3619 137.649 191
95.708 137.533 192
-------------
79 142 186
79.9813 141.323 187
80.7088 141.286 188
81.7771 140.961 189
-------------
82 142 186
83.1485 141.45 187
83.8702 141.4 188
84.8572 141.121 189
85.6331 140.713 190
-------------
85 142 186
86.1399 141.583 187
86.8872 141.463 188
87.8174 141.231 189
88.6741 140.827 190
-------------
91 142 186
92.1198 141.635 187
92.8641 141.456 188
93.7182 141.25 189
94.5947 140.85 190
94.8556 140.662 191
95.0742 140.555 192
95.2618 140.421 193
95.9746 140.242 194
97.1021 139.946 195
98.2758 139.747 196
-------------
88 145 186
89.0507 144.703 187
89.7835 144.547 188
90.6465 144.301 189
91.5045 143.908 190
91.7629 143.753 191
91.9644 143.656 192
92.1628 143.536 193
92.8393 143.367 194
-------------
94 148 186
94.7011 147.827 187
95.415 147.674 188
-------------
79 124 188
80.0919 123.661 189
81.1955 122.86 190
82.0484 121.808 191
82.8269 121.171 192
83.5982 121.256 193
84.2492 121.145 194
84.8285 120.453 195
85.5798 119.289 196
86.3978 118.6 197
87.3054 118.628 198
88.495 118.414 199
-------------
76 145 188
77.0548 144.696 189
77.7712 144.502 190
78.5663 144.336 191
79.5308 144.176 192
80.1674 144.138 193
80.9269 143.974 194
81.4525 143.803 195
81.6206 143.719 196
81.6642 143.662 197
81.8325 143.611 198
-------------
88 151 188
88.1993 150.89 189
88.3906 150.756 190
88.5864 150.671 191
88.7328 150.583 192
88.9403 150.473 193
89.4923 150.327 194
89.9071 150.192 195
90.4324 150.095 196
90.7362 150.007 197
91.1622 149.887 198
91.5243 149.712 199
-------------
88 133 191
88.857 132.343 192
89.67 132.302 193
90.417 132.165 194
91.096 131.488 195
91.8866 130.343 196
-------------
91 133 191
91.7997 132.648 192
92.6595 132.577 193
93.4952 132.451 194
94.258 131.863 195
-------------
79 139 191
79.9559 138.754 192
80.6024 138.726 193
81.3679 138.567 194
82.2911 138.272 195
-------------
88 139 191
88.6993 138.718 192
88.9219 138.6 193
89.6387 138.441 194
90.743 138.213 195
91.9577 138.032 196
93.1488 137.802 197
94.065 137.764 198
95.0554 137.536 199
-------------
85 142 191
85.6588 141.768 192
85.8984 141.653 193
86.5822 141.48 194
87.684 141.263 195
88.9021 141.121 196
90.0728 141.053 197
91.1706 141.001 198
92.1481 140.741 199
-------------
94 145 191
94.1809 144.91 192
94.365 144.789 193
94.9921 144.634 194
-------------
79 127 192
79.7475 127.082 193
80.3812 127 194
81.0228 126.356 195
81.7816 125.318 196
82.6078 124.597 197
83.5001 124.613 198
84.6895 124.4 199
-------------
88 142 192
88.2129 141.88 193
88.8946 141.708 194
89.9871 141.492 195
91.2058 141.342 196
92.3706 141.262 197
93.446 141.195 198
94.4172 140.943 199
-------------
82 145 192
82.6097 144.947 193
83.3165 144.771 194
83.8394 144.604 195
-------------
79 148 192
79.597 147.929 193
80.016 147.759 194
80.5154 147.592 195
-------------
79 130 193
79.6012 129.924 194
80.3106 129.316 195
81.1324 128.441 196
82.0079 127.765 197
82.8853 127.767 198
84.0696 127.555 199
-------------
79 133 193
79.5537 132.904 194
80.3075 132.337 195
81.0826 131.596 196
81.9345 130.99 197
82.7485 130.98 198
83.9078 130.762 199
-------------
91 136 193
91.7366 135.85 194
92.7942 135.543 195
93.9801 135.343 196
94.9397 134.997 197
95.8179 134.929 198
96.8123 134.716 199
-------------
94 136 193
94.766 135.854 194
95.9579 135.627 195
97.1441 135.431 196
98.054 135.107 197
98.9177 134.994 198
99.8865 134.788 199
-------------
82 148 193
82.4731 147.818 194
82.9698 147.649 195
83.4561 147.549 196
83.5339 147.465 197
83.7216 147.392 198
84.05 147.153 199
-------------
79 151 193
79.397 150.845 194
79.8585 150.695 195
-------------
82 151 193
82.4233 150.829 194
82.8968 150.668 195
83.3941 150.568 196
83.4977 150.491 197
83.6777 150.438 198
83.9603 150.273 199
-------------
97 127 195
97.8337 126.552 196
98.6444 126.263 197
99.5492 126.137 198
100.088 125.958 199
-------------
103 133 196
103.909 132.686 197
104.691 132.449 198
105.293 132.332 199
-------------
106 133 196
106.83 132.713 197
107.634 132.503 198
108.197 132.382 199
-------------
106 136 196
106.842 135.711 197
107.579 135.472 198
108 135.32 199
-------------
4 148 136
6.1236 147.221 137
7.86226 145.864 138
9.58104 145.211 139
11.4191 145.22 140
13.1075 144.883 141
14.8185 143.932 142
16.502 142.915 143
18.1905 142.623 144
20.2268 142.646 145
22.5212 142.249 146
24.4609 141.001 147
26.0858 140.132 148
27.7762 139.881 149
29.4848 139.823 150
-------------
4 151 136
6.28275 150.146 137
8.26135 148.696 138
10.1267 147.986 139
12.105 147.948 140
13.9558 147.568 141
15.6852 146.614 142
17.3925 145.548 143
19.0847 145.241 144
21.1247 145.26 145
23.4463 144.85 146
25.4367 143.57 147
27.2264 142.526 148
28.9953 142.197 149
30.7334 142.111 150
32.3218 141.364 151
33.8786 140.269 152
35.4722 139.628 153
37.3024 139.605 154
39.4842 139.328 155
41.515 138.385 156
43.1752 137.13 157
44.8092 136.604 158
46.499 136.613 159
48.0558 136.169 160
49.501 135.062 161
-------------
4 148 138
5.84223 147.323 139
7.74291 147.314 140
9.57638 146.955 141
11.2997 146.032 142
12.9328 145.056 143
-------------
4 151 138
5.86588 150.289 139
7.87795 150.229 140
9.77072 149.861 141
11.5047 148.918 142
13.209 147.839 143
14.8956 147.524 144
16.9241 147.52 145
19.2623 147.12 146
-------------
7 151 138
8.87498 150.277 139
10.8988 150.221 140
12.7675 149.843 141
14.4992 148.889 142
16.2036 147.81 143
17.8913 147.496 144
19.9278 147.5 145
22.2615 147.089 146
24.2515 145.815 147
26.1281 144.701 148
27.9235 144.349 149
29.6771 144.247 150
31.2977 143.505 151
32.8674 142.408 152
34.4704 141.764 153
36.3002 141.727 154
38.4929 141.448 155
40.5237 140.514 156
42.2562 139.265 157
43.8953 138.733 158
45.6237 138.717 159
47.3552 138.377 160
48.8064 137.29 161
50.2008 136.462 162
51.6261 136.32 163
53.331 136.227 164
55.4125 135.748 165
-------------
10 151 138
11.9075 150.287 139
13.9225 150.207 140
15.7652 149.833 141
17.4911 148.923 142
19.1924 147.853 143
20.8747 147.546 144
22.9053 147.552 145
25.2486 147.168 146
27.2427 145.89 147
29.1447 144.745 148
30.9513 144.345 149
32.6943 144.242 150
34.3048 143.529 151
35.8685 142.437 152
37.4514 141.808 153
39.2757 141.809 154
41.4588 141.539 155
43.5975 140.627 156
45.3624 139.344 157
47.0031 138.811 158
48.6995 138.805 159
50.365 138.464 160
51.8154 137.358 161
53.1878 136.5 162
54.6139 136.353 163
56.3355 136.274 164
58.4201 135.778 165
60.0856 134.621 166
61.6374 133.687 167
63.1417 133.515 168
64.6626 133.384 169
66.0563 132.75 170
67.5189 131.609 171
68.956 131.119 172
70.54 131.234 173
72.4359 131.049 174
74.2166 130.303 175
75.7154 129.13 176
77.1149 128.68 177
78.5743 128.733 178
80.0106 128.442 179
81.3686 127.453 180
82.7441 126.53 181
84.0733 126.307 182
85.6615 126.403 183
87.4672 126.051 184
88.879 125.073 185
90.1335 124.211 186
91.2868 124.01 187
92.417 124.021 188
93.5072 123.636 189
94.566 122.696 190
95.5686 122.145 191
96.6638 122.119 192
97.9278 122.049 193
99.0992 121.7 194
-------------
4 151 140
5.69286 150.72 141
7.3841 149.931 142
8.86888 149.206 143
10.0221 149.058 144
11.5939 148.934 145
13.5944 148.652 146
15.289 148.145 147
16.7012 147.702 148
18.4916 147.094 149
20.2285 146.854 150
22.0727 146.488 151
23.7043 146.222 152
25.4638 145.704 153
-------------
16 151 140
17.8061 150.646 141
19.4531 149.809 142
21.1049 148.793 143
22.7699 148.489 144
24.7902 148.492 145
27.1126 148.126 146
29.1232 146.919 147
31.1687 145.848 148
33.0384 145.35 149
34.8064 145.231 150
36.4233 144.592 151
38.0131 143.61 152
39.5372 143.04 153
41.3315 143.047 154
43.5143 142.776 155
45.7215 141.91 156
47.718 140.784 157
49.3639 140.25 158
51.0678 140.237 159
52.7809 139.954 160
54.2266 139.062 161
55.6022 138.259 162
57.0183 138.12 163
58.7506 137.979 164
60.8456 137.483 165
62.7721 136.515 166
64.4126 135.651 167
65.9327 135.441 168
67.4309 135.303 169
68.8293 134.722 170
70.2079 133.747 171
71.5506 133.343 172
72.9988 133.465 173
74.894 133.277 174
76.8932 132.619 175
78.4621 131.527 176
79.8663 131.066 177
81.2792 131.045 178
82.7178 130.776 179
84.0482 129.978 180
85.3592 129.134 181
86.6307 128.912 182
88.2093 128.994 183
90.062 128.66 184
91.5587 127.758 185
92.8154 126.884 186
93.9015 126.473 187
95.0506 126.453 188
96.0852 126.096 189
97.0914 125.317 190
98.0699 124.822 191
99.1115 124.774 192
100.376 124.702 193
101.583 124.415 194
102.445 123.647 195
103.306 123.217 196
104.11 122.999 197
104.993 122.859 198
105.532 122.662 199
-------------
16 145 141
17.6648 144.088 142
19.2905 143.13 143
20.9574 142.852 144
22.9889 142.878 145
25.2342 142.482 146
27.144 141.251 147
28.8008 140.268 148
30.4456 140.011 149
32.1603 139.945 150
33.7022 139.207 151
35.2038 138.154 152
36.7714 137.53 153
38.5946 137.57 154
40.7605 137.316 155
42.771 136.391 156
44.3836 135.159 157
45.9707 134.681 158
47.6128 134.742 159
49.1459 134.299 160
50.5678 133.203 161
-------------
10 151 142
11.6824 150.015 143
13.3639 149.714 144
15.386 149.706 145
17.6518 149.366 146
19.5259 148.522 147
21.0505 147.997 148
22.8638 147.461 149
24.7202 147.312 150
26.4105 146.853 151
28.1237 146.369 152
29.8893 145.84 153
31.7029 145.693 154
33.8701 145.291 155
36.0501 144.678 156
37.7364 144.355 157
39.3358 143.844 158
41.096 143.609 159
43.2341 143.264 160
45.0275 142.529 161
47.0351 142.5 162
48.4709 142.356 163
50.0773 141.862 164
52.1752 141.304 165
53.8624 140.485 166
55 140.106 167
56.5518 139.938 168
58.3252 139.599 169
60.3638 138.475 170
62.0872 137.379 171
63.7602 137.082 172
65.3454 137.195 173
-------------
13 151 142
14.7042 149.922 143
16.3878 149.611 144
18.4138 149.606 145
20.7916 149.253 146
22.8298 148.19 147
24.7217 147.123 148
26.5391 146.747 149
28.3741 146.621 150
30.1597 146.122 151
31.8189 145.154 152
33.4701 144.542 153
35.2955 144.488 154
37.5006 144.2 155
39.675 143.434 156
41.4618 142.489 157
43.0785 141.975 158
44.8532 141.862 159
46.738 141.626 160
48.3591 140.82 161
-------------
16 151 142
17.7007 149.926 143
19.3785 149.62 144
21.4037 149.618 145
23.7799 149.266 146
25.9961 148.165 147
28.0462 147.068 148
29.8892 146.645 149
31.696 146.519 150
33.3859 145.885 151
34.9941 144.896 152
36.5647 144.304 153
38.3628 144.29 154
40.5485 144.018 155
42.7638 143.198 156
44.7684 142.114 157
46.4135 141.581 158
48.1375 141.477 159
49.9458 141.218 160
51.4562 140.302 161
52.9146 139.597 162
54.3315 139.458 163
56.0377 139.311 164
58.1358 138.814 165
59.9979 137.874 166
-------------
22 151 143
23.6069 150.707 144
25.6038 150.699 145
27.9365 150.355 146
-------------
25 145 145
27.2774 144.633 146
29.2465 143.42 147
30.9719 142.446 148
32.6566 142.145 149
34.3645 142.054 150
35.9439 141.359 151
37.4496 140.365 152
39.0177 139.773 153
40.8371 139.807 154
43.0132 139.54 155
45.0652 138.582 156
46.7417 137.325 157
48.3457 136.82 158
50.0202 136.841 159
51.5734 136.412 160
52.9953 135.331 161
54.1362 134.638 162
55.5618 134.494 163
57.2797 134.45 164
59.3206 133.928 165
60.9425 132.74 166
62.4751 131.789 167
63.9646 131.622 168
65.4281 131.496 169
66.8058 130.842 170
68.267 129.698 171
69.7165 129.199 172
71.3018 129.318 173
73.1942 129.133 174
74.9356 128.356 175
76.4309 127.167 176
77.8197 126.715 177
79.2151 126.768 178
80.5177 126.41 179
81.8694 125.418 180
83.2321 124.518 181
84.5633 124.306 182
86.1492 124.402 183
87.8453 123.954 184
89.2741 122.869 185
90.531 122.011 186
91.6762 121.816 187
92.7298 121.773 188
93.7605 121.195 189
94.8245 120.114 190
95.8171 119.57 191
96.9069 119.566 192
98.1688 119.494 193
99.297 118.906 194
-------------
4 151 145
6.07889 150.761 146
8.39188 150.617 147
10.9027 150.001 148
13.2266 149.014 149
15.4078 147.998 150
17.6333 147.676 151
19.7513 147.606 152
21.6753 147.059 153
23.5742 146.116 154
25.5665 144.943 155
27.7924 144.404 156
30.0356 144.583 157
32.5788 144.278 158
34.9105 143.289 159
37.0312 141.988 160
38.9786 141.263 161
40.9285 141.355 162
42.555 141.17 163
44.0796 140.325 164
45.7371 139.135 165
47.3549 138.367 166
-------------
19 145 147
20.337 144.501 148
21.9928 144.128 149
23.609 143.974 150
25.1204 143.535 151
-------------
4 151 147
6.59719 150.39 148
8.97381 149.35 149
11.1818 148.287 150
13.3315 147.965 151
15.4468 148.092 152
17.3447 147.6 153
19.287 146.769 154
21.3426 145.523 155
23.5079 145.001 156
25.788 145.169 157
28.1931 144.945 158
30.5411 143.921 159
32.6202 142.64 160
-------------
25 151 147
27.0339 150.004 148
28.884 149.403 149
30.7287 149.248 150
32.4924 148.759 151
34.2008 148.087 152
35.828 147.545 153
37.5358 147.514 154
39.7306 147.225 155
42.0827 146.535 156
43.9862 145.849 157
45.6297 145.319 158
47.3489 145.109 159
49.2299 144.88 160
50.7568 144.33 161
-------------
28 151 147
30.11 149.986 148
32.0036 149.376 149
33.8484 149.213 150
35.4411 148.759 151
37.013 148.074 152
38.4859 147.566 153
40.1454 147.559 154
42.327 147.281 155
44.7045 146.589 156
46.7814 145.77 157
48.4196 145.235 158
50.1222 145.014 159
51.9717 144.798 160
53.5063 144.29 161
-------------
19 151 148
20.826 150.365 149
22.684 150.202 150
24.745 149.846 151
26.7476 149.551 152
28.5316 149.034 153
30.2883 148.767 154
32.4137 148.156 155
34.6524 147.607 156
36.6675 147.594 157
-------------
22 151 148
23.8239 150.369 149
25.6851 150.212 150
27.6907 149.904 151
29.6279 149.445 152
31.4019 148.924 153
33.1693 148.759 154
35.424 148.414 155
37.7238 147.848 156
39.4566 147.628 157
41.1045 147.125 158
42.8343 146.907 159
44.9147 146.625 160
-------------
10 151 150
12.2562 150.664 151
14.5392 150.813 152
16.5908 150.328 153
18.5922 149.354 154
20.6734 148.047 155
22.8763 147.505 156
25.1755 147.678 157
27.7204 147.399 158
30.1699 146.318 159
32.2183 144.97 160
-------------
13 151 150
15.2584 150.667 151
17.5533 150.739 152
19.591 150.189 153
21.6216 149.183 154
23.7166 147.882 155
25.9378 147.34 156
28.2373 147.51 157
30.8156 147.211 158
33.3148 146.131 159
35.4933 144.794 160
37.5246 144.008 161
39.5398 144.075 162
41.2632 143.873 163
42.885 143.013 164
44.5471 141.775 165
46.2207 140.927 166
47.9896 140.85 167
50.0571 140.826 168
52.3275 140.117 169
54.3459 138.882 170
56.1056 137.77 171
57.818 137.547 172
59.3997 137.675 173
60.885 137.177 174
62.3387 136.03 175
63.7703 134.809 176
65.2255 134.415 177
66.8378 134.512 178
68.6528 134.072 179
70.3194 132.95 180
71.7384 131.773 181
73.0106 131.255 182
74.1835 131.375 183
75.0876 131.062 184
75.8888 130.081 185
76.7341 128.822 186
77.5582 128.083 187
78.4147 128.17 188
79.5114 127.837 189
80.6481 127.034 190
81.5619 125.841 191
82.4325 125.129 192
83.2197 125.204 193
83.8925 125.106 194
84.5371 124.403 195
85.3157 123.206 196
86.1395 122.441 197
87.05 122.463 198
88.242 122.249 199
-------------
16 151 150
18.255 150.67 151
20.5473 150.67 152
22.5843 150.111 153
24.5997 149.122 154
26.7099 147.865 155
28.9394 147.321 156
31.2378 147.488 157
33.7971 147.182 158
36.2966 146.134 159
38.491 144.807 160
40.5375 144.008 161
42.5371 144.047 162
44.2341 143.839 163
45.8318 142.989 164
47.514 141.77 165
49.2327 140.952 166
-------------
19 151 150
21.2393 150.669 151
23.3806 150.538 152
25.3175 149.995 153
-------------
37 151 150
38.477 150.698 151
39.9832 150.164 152
41.4398 149.685 153
43.0857 149.682 154
45.215 149.403 155
47.5892 148.741 156
-------------
31 151 151
32.7922 150.49 152
34.5207 149.982 153
36.2121 149.937 154
38.4703 149.602 155
41.0415 149.092 156
42.9059 148.653 157
44.6119 148.126 158
46.3395 147.91 159
48.3523 147.661 160
49.8532 147.22 161
51.8603 147.204 162
53.2682 147.071 163
54.9669 146.662 164
57.0923 146.156 165
59.2483 145.504 166
61.0804 145.448 167
62.6231 145.226 168
64.367 144.876 169
65.8208 144.574 170
67.0894 143.862 171
68.3658 143.499 172
69.699 143.578 173
71.706 143.153 174
74.0555 143.029 175
76.1306 142.721 176
77.7818 142.413 177
79.2801 142.406 178
80.95 141.996 179
81.9333 141.98 180
83.2786 141.069 181
-------------
34 151 151
35.7012 150.484 152
37.343 149.993 153
38.9955 149.982 154
41.1912 149.686 155
43.6194 149.071 156
45.5374 148.45 157
47.12 147.932 158
48.8245 147.712 159
50.7431 147.492 160
52.2654 147.038 161
54.2492 147.009 162
55.6611 146.876 163
57.342 146.556 164
59.4382 146.058 165
-------------
43 139 154
45.1106 138.753 155
47.0418 137.868 156
48.6434 136.729 157
-------------
28 151 154
30.197 150.212 155
32.45 149.679 156
34.7505 149.843 157
37.2606 149.554 158
-------------
19 151 155
21.012 150.47 156
23.3066 150.647 157
25.9251 150.432 158
28.3306 149.374 159
30.4672 148.202 160
32.5528 147.57 161
34.6101 147.669 162
36.4233 147.506 163
38.1192 146.86 164
39.7577 145.635 165
41.3244 144.757 166
-------------
22 151 155
24.1933 150.465 156
26.4973 150.641 157
29.1317 150.417 158
31.6449 149.354 159
33.8959 148.059 160
36.0683 147.261 161
38.1388 147.33 162
39.973 147.153 163
41.7194 146.407 164
43.3801 145.169 165
45.0425 144.282 166
46.8795 144.251 167
49.0027 144.249 168
51.35 143.578 169
53.4139 142.367 170
55.3276 141.217 171
57.0835 140.988 172
58.6548 141.127 173
60.1965 140.676 174
61.6957 139.588 175
63.1247 138.362 176
64.5751 137.967 177
66.1917 138.06 178
68.0493 137.621 179
69.758 136.511 180
71.2579 135.349 181
72.5818 134.836 182
73.7974 134.939 183
74.736 134.642 184
75.5514 133.7 185
76.3814 132.445 186
77.2089 131.696 187
78.025 131.767 188
79.1208 131.436 189
80.2517 130.636 190
81.1446 129.444 191
82.0274 128.723 192
82.7817 128.766 193
83.4487 128.665 194
84.1244 127.983 195
84.8977 126.805 196
85.7348 126.026 197
86.6203 126.027 198
87.811 125.813 199
-------------
25 151 155
27.2288 150.458 156
29.5338 150.631 157
32.1473 150.378 158
34.6759 149.322 159
36.9255 148.003 160
39.0815 147.166 161
41.1529 147.221 162
42.9825 147.025 163
44.6878 146.192 164
46.351 144.952 165
48.0738 144.066 166
49.9303 144.033 167
52.0488 144.024 168
54.3926 143.343 169
56.443 142.116 170
58.3021 140.932 171
60.0444 140.683 172
61.6321 140.799 173
63.2825 140.229 174
64.8083 139.07 175
66.2556 137.839 176
67.7228 137.439 177
69.3423 137.529 178
71.1752 137.081 179
72.8901 135.961 180
74.3977 134.789 181
75.723 134.268 182
76.9543 134.378 183
77.9191 134.042 184
78.7594 133.043 185
79.6049 131.78 186
80.4461 131.028 187
81.3278 131.118 188
82.4229 130.785 189
83.5603 129.981 190
84.4759 128.776 191
85.3672 128.051 192
86.1864 128.092 193
86.8713 127.988 194
87.5275 127.28 195
88.3054 126.084 196
89.1424 125.299 197
90.0392 125.294 198
91.2301 125.078 199
-------------
49 145 157
50.6309 144.47 158
52.3338 144.223 159
54.0571 144.013 160
55.5047 143.391 161
56.8321 142.974 162
58.2429 142.838 163
59.9141 142.561 164
62.0022 142.062 165
63.9605 141.168 166
-------------
40 151 157
41.9812 150.558 158
43.715 150.344 159
45.7439 150.094 160
-------------
43 151 157
44.8448 150.517 158
46.5706 150.309 159
48.5927 150.066 160
50.0877 149.645 161
52.0988 149.64 162
53.4713 149.528 163
55.1417 149.079 164
57.2836 148.594 165
59.6747 148.2 166
-------------
46 151 157
47.4619 150.602 158
49.1667 150.397 159
51.1629 150.162 160
52.6645 149.742 161
54.6765 149.735 162
56.1141 149.64 163
57.7972 149.289 164
59.8688 148.816 165
-------------
40 139 158
41.6789 138.922 159
43.1757 138.521 160
44.577 137.703 161
-------------
52 151 158
53.5939 150.802 159
55.3431 150.655 160
56.8386 150.25 161
58.8113 150.237 162
60.2329 150.191 163
61.8753 149.832 164
63.7152 149.445 165
-------------
37 142 159
39.0468 140.845 160
40.8697 140.136 161
42.7548 140.2 162
44.2834 140.03 163
45.7789 139.219 164
47.389 138.258 165
-------------
37 151 159
39.2543 149.693 160
41.4109 148.857 161
43.4842 148.879 162
45.3013 148.679 163
46.9773 147.939 164
48.6541 146.693 165
50.4115 145.824 166
52.2736 145.795 167
54.3595 145.77 168
56.6754 145.087 169
58.7 143.864 170
60.4204 142.697 171
62.1442 142.438 172
63.7307 142.549 173
65.426 141.991 174
66.976 140.833 175
68.4342 139.602 176
69.9055 139.201 177
71.5209 139.286 178
73.2811 138.853 179
74.995 137.735 180
76.504 136.567 181
77.8283 136.046 182
79.1118 136.137 183
80.0919 135.783 184
80.9374 134.794 185
81.772 133.541 186
82.6271 132.791 187
83.697 132.815 188
84.782 132.487 189
85.878 131.698 190
86.7873 130.493 191
87.6775 129.774 192
88.5508 129.774 193
89.2598 129.67 194
89.9215 128.977 195
90.6951 127.788 196
91.5376 127.004 197
92.4797 126.96 198
93.6635 126.742 199
-------------
31 151 160
33.2042 150.262 161
35.2592 150.327 162
37.0843 150.171 163
38.8675 149.538 164
40.5013 148.311 165
42.1011 147.408 166
-------------
34 151 160
36.2098 150.214 161
38.2794 150.266 162
40.123 150.085 163
41.9584 149.349 164
43.6166 148.106 165
45.281 147.183 166
47.0217 147.125 167
49.1474 147.116 168
51.4986 146.441 169
53.5601 145.223 170
55.4958 144.063 171
57.2466 143.822 172
58.7968 143.948 173
60.4305 143.463 174
61.9618 142.37 175
63.3877 141.139 176
64.8125 140.728 177
66.4181 140.817 178
68.2778 140.372 179
69.9966 139.262 180
71.5056 138.097 181
72.8274 137.579 182
74.0426 137.647 183
74.9946 137.338 184
75.8298 136.404 185
76.6477 135.152 186
77.4748 134.396 187
78.2697 134.454 188
79.3645 134.123 189
80.4901 133.327 190
81.3868 132.127 191
82.262 131.406 192
82.965 131.419 193
83.6348 131.307 194
84.3266 130.623 195
85.0855 129.457 196
85.9261 128.675 197
86.8054 128.675 198
87.9917 128.456 199
-------------
43 145 161
45.0477 145.011 162
46.684 144.81 163
48.303 144.162 164
-------------
46 145 161
48.0501 144.982 162
49.4702 144.844 163
51.1381 144.327 164
53.2387 143.774 165
54.979 142.945 166
-------------
46 148 161
48.044 147.998 162
49.4538 147.866 163
51.1212 147.334 164
53.1501 146.722 165
-------------
40 151 161
42.0659 151.004 162
43.9512 150.785 163
45.7648 149.987 164
47.4294 148.741 165
49.1734 147.845 166
51.0362 147.817 167
53.1321 147.795 168
55.4687 147.115 169
57.508 145.904 170
59.2404 144.786 171
60.9813 144.535 172
62.566 144.623 173
64.2696 144.081 174
65.8251 142.944 175
67.2875 141.71 176
68.7667 141.305 177
70.3802 141.39 178
72.199 140.944 179
73.9102 139.829 180
75.4204 138.662 181
76.7449 138.141 182
77.9967 138.2 183
78.9787 137.848 184
79.8466 136.897 185
80.6695 135.645 186
81.5266 134.864 187
82.4939 134.908 188
83.5802 134.577 189
84.6532 133.784 190
85.5559 132.573 191
86.4329 131.858 192
87.184 131.853 193
87.8973 131.718 194
88.5958 131.028 195
89.367 129.841 196
90.2073 129.048 197
91.1431 129.02 198
92.3272 128.8 199
-------------
43 151 161
45.065 151.004 162
46.8637 150.823 163
48.5299 150.222 164
-------------
58 136 162
59.4084 135.87 163
61.0936 135.785 164
63.0831 135.31 165
64.7459 134.262 166
66.287 133.399 167
67.7894 133.206 168
69.2647 133.071 169
70.6415 132.466 170
72.0706 131.432 171
73.4734 130.995 172
75.0178 131.139 173
76.9058 130.955 174
78.796 130.271 175
80.3717 129.144 176
81.7756 128.678 177
83.1723 128.681 178
84.512 128.36 179
85.8627 127.498 180
87.1618 126.686 181
88.4277 126.493 182
90.0114 126.586 183
91.8655 126.232 184
93.422 125.276 185
94.7012 124.396 186
95.8581 124.107 187
96.9323 124.062 188
97.9465 123.488 189
98.9587 122.567 190
99.8832 122.11 191
100.91 122.087 192
102.169 122.013 193
103.388 121.598 194
104.405 120.644 195
105.272 120.223 196
106.047 120.055 197
106.835 119.873 198
-------------
49 139 162
50.4336 138.856 163
52.0638 138.643 164
54.1675 138.139 165
55.7482 137.293 166
56.92 136.854 167
58.4168 136.7 168
60.2112 136.426 169
61.7449 135.769 170
63.3707 134.692 171
64.9719 134.313 172
66.5584 134.427 173
68.4819 134.156 174
70.0662 133.33 175
71.4862 132.269 176
72.8804 131.854 177
74.3768 131.883 178
76.1184 131.493 179
77.6539 130.486 180
79.134 129.45 181
80.4527 129.077 182
82.0142 129.164 183
83.6675 128.859 184
84.8217 127.947 185
85.8168 127.004 186
86.793 126.548 187
87.9165 126.6 188
89.0107 126.273 189
90.1421 125.481 190
91.1553 124.838 191
92.2013 124.658 192
93.1753 124.678 193
93.9539 124.585 194
94.613 123.99 195
95.4162 123.533 196
96.1917 123.23 197
97.0839 123.182 198
-------------
58 139 162
59.4127 138.862 163
61.1306 138.688 164
63.225 138.192 165
65.1529 137.262 166
66.7878 136.429 167
68.3065 136.211 168
69.8155 136.049 169
71.1572 135.516 170
72.4669 134.701 171
73.7695 134.333 172
75.1938 134.449 173
77.0717 134.256 174
79.1221 133.651 175
80.6978 132.605 176
82.0963 132.136 177
83.5091 132.058 178
84.8407 131.842 179
-------------
52 142 162
53.4141 141.862 163
55.0514 141.561 164
57.1574 141.057 165
58.9694 140.176 166
60.2484 139.655 167
61.7773 139.447 168
63.4483 139.218 169
64.9333 138.836 170
66.4525 137.872 171
67.9594 137.505 172
69.4997 137.613 173
71.5178 137.237 174
73.5565 136.655 175
74.9671 135.633 176
76.3994 135.195 177
77.8975 135.191 178
79.5893 134.834 179
-------------
58 145 162
59.4118 144.866 163
61.0807 144.576 164
63.1434 144.074 165
65.0612 143.213 166
-------------
49 151 162
50.3577 150.911 163
52.0049 150.401 164
54.1615 149.873 165
56.5667 149.405 166
58.4874 149.499 167
60.4451 149.419 168
62.292 148.899 169
-------------
61 130 165
62.5217 128.867 166
63.9134 128 167
65.2841 127.883 168
66.6882 127.783 169
68.0422 127.132 170
69.4945 126.005 171
70.9547 125.544 172
72.5433 125.699 173
74.4085 125.532 174
76.0855 124.76 175
77.5065 123.611 176
78.8443 123.207 177
80.1891 123.266 178
81.4289 122.908 179
82.7194 121.988 180
84.0655 121.148 181
85.3989 121.013 182
86.9834 121.11 183
88.6184 120.663 184
90.0142 119.585 185
91.2185 118.839 186
92.349 118.707 187
93.3835 118.651 188
94.3825 118.041 189
95.4604 116.981 190
96.4612 116.468 191
97.5103 116.534 192
98.7675 116.458 193
99.9013 115.889 194
-------------
40 151 165
41.5925 150.08 166
43.1681 149.952 167
45.223 149.898 168
47.5659 149.245 169
49.586 148.028 170
51.5097 146.873 171
53.2604 146.634 172
54.6452 146.84 173
56.2282 146.471 174
57.7579 145.607 175
59.1368 144.422 176
60.4729 144.004 177
61.9406 144.048 178
63.7578 143.592 179
65.6092 142.636 180
67.0894 141.593 181
-------------
43 151 165
44.6008 150.045 166
46.2616 149.965 167
48.3868 149.946 168
50.7379 149.272 169
52.7956 148.051 170
54.7297 146.893 171
56.48 146.649 172
58.0004 146.753 173
59.7408 146.25 174
61.2854 145.131 175
62.7012 143.887 176
64.1023 143.459 177
65.6871 143.538 178
67.5263 143.066 179
69.2641 141.944 180
70.7776 140.781 181
72.0367 140.292 182
73.2352 140.338 183
74.2164 140.012 184
75.0691 139.115 185
75.8596 137.903 186
76.6967 137.151 187
77.4806 137.2 188
78.5646 136.869 189
79.6836 136.073 190
80.619 134.886 191
81.483 134.218 192
82.1276 134.212 193
82.8624 134.067 194
83.636 133.436 195
84.3006 132.378 196
85.1582 131.633 197
86.0224 131.636 198
87.1967 131.413 199
-------------
46 151 165
47.6492 150.037 166
49.4182 149.991 167
51.5239 149.966 168
53.8598 149.272 169
55.8982 148.054 170
57.8218 146.901 171
59.564 146.65 172
61.1396 146.722 173
62.863 146.178 174
64.4197 145.044 175
65.8521 143.788 176
67.2911 143.362 177
68.8896 143.448 178
70.6831 142.97 179
72.3918 141.846 180
73.9024 140.677 181
75.2216 140.156 182
76.4307 140.202 183
77.4629 139.839 184
78.3525 138.878 185
79.1737 137.622 186
80.0318 136.796 187
80.8592 136.887 188
81.9412 136.553 189
83.0174 135.724 190
83.9293 134.51 191
84.8059 133.801 192
85.4918 133.794 193
86.2274 133.641 194
87.0247 132.949 195
87.7947 131.76 196
88.6453 130.959 197
89.5307 130.968 198
90.7058 130.747 199
-------------
49 151 165
50.7804 150.108 166
52.676 150.128 167
54.7205 150.072 168
57.0061 149.377 169
58.9559 148.217 170
60.6646 147.157 171
62.3501 146.873 172
63.9086 146.915 173
65.6124 146.372 174
-------------
58 133 167
59.4785 132.912 168
60.9426 132.8 169
62.3292 132.152 170
63.6998 131.074 171
65.1072 130.589 172
66.6879 130.705 173
68.585 130.511 174
70.2744 129.761 175
71.6935 128.699 176
73.0726 128.286 177
74.5462 128.338 178
75.866 127.946 179
77.2095 126.961 180
78.5322 125.988 181
79.8255 125.738 182
81.4008 125.841 183
-------------
61 136 167
62.5128 135.822 168
64.0675 135.676 169
65.5256 135.137 170
66.9995 134.07 171
68.458 133.619 172
70.0415 133.733 173
71.9657 133.518 174
73.786 132.832 175
75.254 131.749 176
76.6589 131.308 177
78.1377 131.326 178
79.6701 131.036 179
81.0236 130.218 180
82.4557 129.268 181
83.8002 128.983 182
85.3877 129.065 183
87.2019 128.742 184
88.5314 127.855 185
89.7748 126.984 186
90.8607 126.573 187
92.0482 126.596 188
93.1198 126.279 189
94.2238 125.487 190
95.253 124.908 191
96.3491 124.796 192
97.6141 124.726 193
98.791 124.521 194
99.4628 123.936 195
100.301 123.495 196
101.114 123.286 197
102.008 123.171 198
102.532 122.998 199
-------------
52 139 167
53.9896 138.943 168
56.1543 138.282 169
58.1506 137.087 170
59.8665 136 171
61.5309 135.726 172
63.1176 135.84 173
64.5968 135.279 174
66.0388 134.203 175
67.4874 133.028 176
68.9434 132.632 177
70.5498 132.715 178
72.33 132.277 179
73.9804 131.146 180
75.3971 129.98 181
76.6503 129.465 182
77.8159 129.561 183
78.761 129.205 184
79.5897 128.212 185
80.4822 127.003 186
81.3198 126.29 187
82.2109 126.382 188
83.304 126.047 189
84.4399 125.245 190
85.3675 124.063 191
86.2213 123.378 192
87.0206 123.45 193
87.7067 123.341 194
88.3387 122.636 195
89.1191 121.439 196
89.9546 120.698 197
90.8614 120.708 198
92.0522 120.492 199
-------------
64 139 167
65.485 138.767 168
67.0328 138.577 169
68.4944 138.225 170
69.9055 137.355 171
71.2777 136.994 172
72.703 137.113 173
74.5896 136.862 174
76.6599 136.269 175
78.1092 135.257 176
79.4962 134.806 177
80.9453 134.758 178
82.4323 134.487 179
-------------
67 139 167
68.4582 138.723 168
69.9921 138.534 169
71.2945 138.214 170
72.5669 137.556 171
73.8932 137.226 172
75.2982 137.34 173
77.1451 137.095 174
79.2137 136.496 175
80.7206 135.512 176
81.9509 135.038 177
83.3615 134.954 178
84.808 134.72 179
86.0128 134.475 180
87.4468 133.744 181
88.7252 133.499 182
90.3046 133.567 183
92.1802 133.237 184
-------------
52 142 167
54.0695 141.96 168
56.3101 141.282 169
58.3424 140.065 170
60.0852 138.929 171
61.7877 138.669 172
63.3756 138.783 173
64.9785 138.203 174
66.4825 137.072 175
67.9267 135.849 176
69.3926 135.449 177
71.0111 135.537 178
72.8266 135.098 179
74.5427 133.981 180
76.0415 132.813 181
77.363 132.295 182
78.5895 132.404 183
79.5673 132.045 184
80.4176 131.04 185
81.2865 129.784 186
82.1333 129.038 187
83.0367 129.137 188
84.131 128.804 189
85.269 128.001 190
86.1924 126.801 191
87.0847 126.077 192
87.9432 126.136 193
88.643 126.033 194
89.2933 125.325 195
90.0737 124.128 196
90.9112 123.342 197
91.8222 123.345 198
93.013 123.128 199
-------------
61 142 167
62.5379 141.78 168
64.2395 141.486 169
65.6977 141.169 170
67.1146 140.362 171
68.5426 140.01 172
69.9875 140.118 173
72.0064 139.71 174
74.2423 139.333 175
75.7244 138.396 176
77.1906 137.964 177
78.6985 137.954 178
80.4128 137.575 179
81.439 137.355 180
82.8327 136.433 181
84.0613 136.08 182
85.5922 136.132 183
87.4796 135.814 184
89.3942 135.57 185
-------------
64 142 167
65.4085 141.739 168
66.9831 141.499 169
68.4429 141.195 170
69.8804 140.478 171
71.2879 140.131 172
72.6794 140.252 173
74.6835 139.849 174
76.7022 139.458 175
-------------
67 142 167
68.367 141.694 168
69.9118 141.469 169
71.3391 141.18 170
72.7527 140.551 171
74.152 140.216 172
75.5157 140.331 173
77.4032 139.981 174
79.3943 139.487 175
-------------
64 145 167
65.359 144.749 168
66.9895 144.432 169
68.4476 144.132 170
69.8652 143.471 171
71.2687 143.125 172
72.5586 143.223 173
74.5649 142.798 174
-------------
61 148 167
62.6088 147.824 168
64.3457 147.368 169
65.7989 147.067 170
67.0539 146.374 171
-------------
64 148 167
65.2398 147.746 168
66.9093 147.308 169
68.3673 147.016 170
69.7209 146.413 171
71.0731 146.081 172
72.3465 146.151 173
74.2561 145.698 174
-------------
55 151 167
56.9894 150.929 168
59.1377 150.269 169
60.9148 149.266 170
62.4472 148.351 171
-------------
67 130 168
68.4343 129.882 169
69.801 129.237 170
71.2535 128.158 171
72.7083 127.7 172
74.2917 127.853 173
76.1668 127.672 174
77.873 126.898 175
79.3515 125.722 176
80.7304 125.265 177
82.1094 125.311 178
83.3804 124.946 179
84.7227 123.969 180
86.0547 123.12 181
87.3889 122.97 182
88.974 123.066 183
90.6349 122.602 184
92.0601 121.508 185
93.3177 120.627 186
94.4546 120.433 187
95.4906 120.368 188
96.4764 119.724 189
97.5439 118.642 190
98.5249 118.133 191
99.563 118.185 192
100.821 118.108 193
101.956 117.51 194
102.856 116.382 195
103.726 115.967 196
-------------
70 145 169
71.4555 144.71 170
72.8954 144.133 171
74.2909 143.802 172
75.5686 143.893 173
77.5261 143.492 174
79.1222 143.344 175
-------------
52 151 170
53.9378 149.851 171
55.702 149.614 172
57.2424 149.63 173
59.19 149.178 174
60.6408 148.269 175
-------------
55 151 170
56.9252 149.841 171
58.6571 149.603 172
60.1629 149.628 173
62.0587 149.139 174
63.7301 148.027 175
65.231 146.772 176
66.6832 146.458 177
68.1877 146.56 178
69.9223 146.054 179
71.6712 144.947 180
73.1686 143.802 181
-------------
67 151 170
68.1395 150.543 171
68.8739 150.157 172
70.0473 150.137 173
-------------
58 133 171
59.5564 132.761 172
61.1275 132.885 173
62.5136 132.316 174
63.8612 131.229 175
65.2602 130.147 176
66.6839 129.783 177
68.2711 129.885 178
69.9686 129.4 179
71.5334 128.304 180
72.8154 127.206 181
73.9357 126.77 182
75.0314 126.864 183
75.8692 126.529 184
76.611 125.58 185
77.4463 124.371 186
-------------
64 145 171
65.2779 144.674 172
66.7108 144.724 173
68.5047 144.216 174
70.85 144.023 175
72.9612 143.674 176
74.687 143.377 177
76.2239 143.383 178
77.8865 142.932 179
-------------
64 151 171
64.7383 150.612 172
65.8462 150.531 173
-------------
73 151 171
73.7455 150.635 172
74.9227 150.585 173
75.494 150.366 174
-------------
52 142 172
53.4612 142.193 173
54.8368 141.88 174
56.3237 140.992 175
57.7154 139.859 176
58.9517 139.493 177
60.3028 139.598 178
-------------
61 151 172
62.401 151.006 173
64.2202 150.543 174
66.2863 149.984 175
-------------
76 151 172
77.1213 150.95 173
77.66 150.833 174
77.8171 150.795 175
77.9127 150.741 176
78.4453 150.54 177
79.2932 150.475 178
80.2295 150.241 179
-------------
79 151 172
80.0567 150.954 173
80.41 150.932 174
80.5529 150.899 175
80.6291 150.876 176
81.133 150.684 177
81.9713 150.618 178
82.8992 150.459 179
83.0586 150.462 180
84.3946 149.826 181
84.9945 149.669 182
85.535 149.518 183
-------------
67 130 175
68.4194 128.938 176
69.8138 128.539 177
71.3428 128.595 178
72.9266 128.105 179
74.4524 127.024 180
75.7426 125.966 181
76.8466 125.577 182
77.9632 125.687 183
78.8143 125.357 184
79.5567 124.503 185
80.4205 123.457 186
81.2107 122.967 187
82.0852 123.068 188
83.1751 122.735 189
84.2819 121.935 190
85.1485 120.933 191
85.9322 120.34 192
86.6992 120.422 193
87.3595 120.315 194
87.952 119.618 195
88.7303 118.486 196
89.5335 117.839 197
90.4338 117.857 198
91.6235 117.643 199
-------------
70 136 175
71.412 134.945 176
72.8452 134.529 177
74.3455 134.536 178
76.1118 134.143 179
77.8122 133.096 180
79.3406 132.023 181
80.6647 131.564 182
82.1164 131.642 183
-------------
70 139 175
71.4534 137.916 176
72.9188 137.514 177
74.4394 137.526 178
76.1902 137.105 179
77.9128 136.014 180
79.4364 134.923 181
80.7457 134.431 182
82.1394 134.505 183
-------------
67 145 175
68.4762 143.779 176
69.9932 143.363 177
71.59 143.437 178
73.3106 142.973 179
74.9989 141.866 180
76.4993 140.714 181
77.8187 140.192 182
79.0329 140.201 183
80.0483 139.833 184
80.9542 138.887 185
81.7799 137.64 186
82.6603 136.823 187
-------------
79 139 176
80.1783 138.609 177
81.5791 138.554 178
83.2053 138.25 179
84.3526 138.082 180
85.8506 137.292 181
87.1117 137.034 182
88.6803 137.095 183
90.5535 136.764 184
-------------
76 145 176
77.6972 144.715 177
79.1094 144.691 178
80.5334 144.28 179
81.5168 144.292 180
82.8687 143.395 181
83.513 143.236 182
-------------
67 151 176
68.757 150.784 177
70.1074 150.917 178
71.8147 150.402 179
73.4161 149.918 180
-------------
70 151 176
71.8307 150.806 177
73.1376 150.926 178
74.5426 150.494 179
76.1217 149.998 180
-------------
73 151 176
74.8218 150.79 177
75.6895 150.73 178
76.9746 150.28 179
-------------
85 136 177
86.2925 135.861 178
87.5577 135.725 179
88.5023 135.632 180
-------------
82 142 177
83.2391 141.948 178
84.7455 141.678 179
85.7979 141.705 180
87.3315 141.025 181
88.465 140.86 182
90.2027 140.536 183
-------------
61 148 177
62.3599 148.075 178
64.0918 147.589 179
66.0912 147.094 180
67.8675 146.501 181
69.0677 146.323 182
70.2278 146.296 183
71.3548 145.913 184
72.0247 145.569 185
72.376 145.343 186
72.3674 145.258 187
-------------
64 151 177
65.3579 151.124 178
67.0746 150.621 179
68.9561 150.266 180
70.7773 150.016 181
71.9795 149.857 182
73.1427 149.822 183
74.2444 149.432 184
-------------
85 148 178
85.9693 147.854 179
86.124 147.857 180
87.5896 147.228 181
88.1873 147.069 182
-------------
88 130 180
89.034 129.417 181
90.2675 129.216 182
91.8448 129.294 183
93.716 128.961 184
95.2648 128.081 185
96.5366 127.206 186
97.6285 126.787 187
98.7663 126.73 188
99.6327 126.488 189
100.555 125.866 190
101.411 125.551 191
102.361 125.525 192
103.622 125.452 193
104.874 125.085 194
105.802 124.352 195
106.641 123.925 196
107.431 123.69 197
108.289 123.552 198
108.919 123.379 199
-------------
82 133 180
83.4686 132.067 181
84.7831 131.757 182
86.3647 131.831 183
88.2411 131.507 184
89.6026 130.726 185
90.8481 129.858 186
91.932 129.434 187
93.1881 129.392 188
94.2242 129.111 189
95.2252 128.414 190
96.2388 127.854 191
97.2751 127.743 192
98.543 127.67 193
99.8675 127.571 194
100.725 127.085 195
101.598 126.647 196
102.451 126.386 197
103.357 126.251 198
103.884 126.082 199
-------------
88 139 180
89.5212 138.321 181
90.7215 138.153 182
92.2943 138.137 183
94.0555 137.819 184
-------------
79 148 180
80.2606 147.206 181
80.8675 147.042 182
81.405 146.882 183
82.2428 146.426 184
83.895 146.095 185
85.3556 145.694 186
86.4595 145.374 187
87.1957 145.232 188
-------------
76 148 181
76.6875 147.842 182
77.2278 147.685 183
78.2735 147.302 184
79.734 147.046 185
81.1615 146.702 186
82.2825 146.417 187
83.0349 146.307 188
-------------
76 151 181
76.6297 150.859 182
77.1686 150.705 183
78.1454 150.297 184
79.4876 150.125 185
80.8744 149.869 186
81.9668 149.625 187
82.7303 149.482 188
82.909 149.348 189
83.0973 149.204 190
83.3049 149.122 191
83.4585 148.99 192
-------------
79 151 181
79.6113 150.853 182
80.1507 150.704 183
81.0715 150.301 184
-------------
88 151 181
88.5951 150.846 182
89.1445 150.709 183
89.4644 150.577 184
-------------
91 151 181
91.5844 150.851 182
92.1079 150.709 183
92.389 150.599 184
92.4903 150.551 185
-------------
82 139 182
83.2564 138.969 183
85.1414 138.665 184
87.0687 138.536 185
88.6517 138.2 186
89.7802 137.798 187
91.0019 137.694 188
91.9015 137.491 189
92.7717 137.069 190
93.0949 136.833 191
93.5141 136.679 192
-------------
91 121 183
92.5653 120.57 184
93.9134 119.572 185
95.017 118.795 186
96.1009 118.603 187
97.124 118.53 188
98.0762 117.893 189
99.1467 116.823 190
100.124 116.361 191
101.002 116.542 192
102.259 116.466 193
103.386 115.867 194
104.222 114.791 195
105.091 114.381 196
-------------
70 133 183
70.8956 132.745 184
71.587 131.871 185
72.3559 130.687 186
73.1114 130.017 187
73.8982 130.123 188
74.9824 129.796 189
75.9733 129.043 190
-------------
70 136 183
70.9175 135.749 184
71.7304 134.897 185
72.5489 133.721 186
73.375 132.991 187
74.161 133.062 188
75.2544 132.732 189
76.2998 132.005 190
77.129 130.909 191
-------------
97 142 183
97.0752 141.984 184
97.1615 141.939 185
97.364 141.801 186
98.0844 141.533 187
99.0372 141.362 188
99.4354 141.261 189
100.21 141.023 190
100.48 140.868 191
-------------
97 145 183
97.0751 144.984 184
97.1335 144.942 185
97.3172 144.8 186
97.9942 144.575 187
98.7245 144.425 188
99.0681 144.325 189
-------------
82 124 184
82.8696 123.279 185
83.7468 122.547 186
84.7036 122.258 187
85.5762 122.325 188
86.6242 122.01 189
87.6908 121.247 190
88.5706 120.625 191
89.4856 120.357 192
90.2701 120.415 193
90.9475 120.308 194
91.5639 119.71 195
-------------
85 142 184
86.8547 141.854 185
88.4012 141.519 186
89.5388 141.129 187
90.3026 140.951 188
91.2063 140.73 189
92.0825 140.328 190
92.3732 140.125 191
92.7181 139.994 192
92.9221 139.871 193
93.6342 139.702 194
94.7464 139.442 195
95.9296 139.25 196
-------------
94 145 184
94.0728 144.956 185
94.2705 144.793 186
95.0023 144.574 187
95.7273 144.407 188
96.1261 144.287 189
96.9049 143.905 190
97.1339 143.729 191
97.3122 143.634 192
97.4584 143.499 193
-------------
85 124 185
86.0265 123.217 186
87.0807 122.98 187
88.0432 123.03 188
89.1043 122.7 189
90.1742 121.908 190
91.1065 121.321 191
92.0817 121.168 192
92.9743 121.203 193
93.6934 121.075 194
94.3405 120.484 195
95.1079 120.04 196
95.8372 119.818 197
96.6896 119.8 198
97.2078 119.636 199
-------------
85 130 185
85.9691 129.021 186
86.8794 128.485 187
88.0336 128.523 188
89.1272 128.196 189
90.2594 127.405 190
91.2878 126.708 191
92.3264 126.48 192
93.305 126.494 193
94.0941 126.409 194
94.7555 125.811 195
95.569 125.349 196
96.3527 125.058 197
97.2657 124.998 198
-------------
85 133 185
85.9517 132.004 186
86.8584 131.456 187
88.0084 131.447 188
89.1 131.119 189
90.2221 130.341 190
91.1275 129.5 191
-------------
73 151 185
73.3521 150.788 186
73.3427 150.675 187
73.4512 150.628 188
73.7454 150.514 189
74.0531 150.383 190
-------------
82 151 185
83.3432 150.753 186
84.4284 150.509 187
85.1853 150.362 188
85.3625 150.228 189
85.5507 150.087 190
85.7483 150 191
85.9036 149.883 192
86.1239 149.768 193
86.6433 149.595 194
87.0617 149.443 195
87.5839 149.344 196
87.9036 149.225 197
-------------
97 124 186
98.145 123.672 187
99.2188 123.617 188
100.19 123.085 189
101.153 122.243 190
101.921 121.906 191
102.882 121.867 192
104.139 121.793 193
105.382 121.382 194
106.47 120.402 195
107.342 119.984 196
108.125 119.777 197
108.821 119.604 198
109.513 119.102 199
-------------
94 130 186
95.0779 129.578 187
96.2985 129.513 188
97.3024 129.307 189
98.3227 128.727 190
99.301 128.312 191
100.294 128.261 192
101.561 128.187 193
-------------
97 130 186
98.0707 129.571 187
99.2633 129.485 188
100.228 129.287 189
101.214 128.793 190
102.167 128.432 191
103.073 128.407 192
104.339 128.333 193
-------------
88 133 186
89.0649 132.55 187
90.319 132.491 188
91.3951 132.173 189
92.4631 131.44 190
-------------
91 133 186
92.0923 132.577 187
93.3714 132.507 188
94.3024 132.311 189
95.1909 131.781 190
95.9288 131.274 191
96.8479 131.143 192
98.1157 131.068 193
99.4536 131.011 194
100.609 130.716 195
-------------
94 133 186
95.049 132.583 187
96.3049 132.504 188
97.2717 132.33 189
98.2836 131.841 190
99.1959 131.417 191
100.075 131.371 192
101.343 131.295 193
-------------
85 136 186
86.025 135.45 187
87.1631 135.441 188
88.2356 135.125 189
89.2005 134.496 190
-------------
91 136 186
92.1034 135.587 187
93.3803 135.502 188
94.2833 135.315 189
95.157 134.866 190
-------------
94 136 186
94.8988 135.606 187
96.1496 135.511 188
97.086 135.362 189
98.0662 134.937 190
-------------
97 136 186
97.7118 135.69 187
98.9223 135.603 188
99.8671 135.487 189
100.909 135.127 190
-------------
85 139 186
86.106 138.544 187
87.1452 138.507 188
88.1484 138.246 189
89.0276 137.789 190
-------------
91 139 186
92.1202 138.609 187
93.3052 138.446 188
94.1967 138.255 189
95.0679 137.848 190
95.3619 137.649 191
95.708 137.533 192
-------------
79 142 186
79.9813 141.323 187
80.7088 141.286 188
81.7771 140.961 189
-------------
82 142 186
83.1485 141.45 187
83.8702 141.4 188
84.8572 141.121 189
85.6331 140.713 190
-------------
85 142 186
86.1399 141.583 187
86.8872 141.463 188
87.8174 141.231 189
88.6741 140.827 190
-------------
91 142 186
92.1198 141.635 187
92.8641 141.456 188
93.7182 141.25 189
94.5947 140.85 190
94.8556 140.662 191
95.0742 140.555 192
95.2618 140.421 193
95.9746 140.242 194
97.1021 139.946 195
98.2758 139.747 196
-------------
88 145 186
89.0507 144.703 187
89.7835 144.547 188
90.6465 144.301 189
91.5045 143.908 190
91.7629 143.753 191
91.9644 143.656 192
92.1628 143.536 193
92.8393 143.367 194
-------------
94 148 186
94.7011 147.827 187
95.415 147.674 188
-------------
79 124 188
80.0919 123.661 189
81.1955 122.86 190
82.0484 121.808 191
82.8269 121.171 192
83.5982 121.256 193
84.2492 121.145 194
84.8285 120.453 195
85.5798 119.289 196
86.3978 118.6 197
87.3054 118.628 198
88.495 118.414 199
-------------
76 145 188
77.0548 144.696 189
77.7712 144.502 190
78.5663 144.336 191
79.5308 144.176 192
80.1674 144.138 193
80.9269 143.974 194
81.4525 143.803 195
81.6206 143.719 196
81.6642 143.662 197
81.8325 143.611 198
-------------
88 151 188
88.1993 150.89 189
88.3906 150.756 190
88.5864 150.671 191
88.7328 150.583 192
88.9403 150.473 193
89.4923 150.327 194
89.9071 150.192 195
90.4324 150.095 196
90.7362 150.007 197
91.1622 149.887 198
91.5243 149.712 199
-------------
88 133 191
88.857 132.343 192
89.67 132.302 193
90.417 132.165 194
91.096 131.488 195
91.8866 130.343 196
-------------
91 133 191
91.7997 132.648 192
92.6595 132.577 193
93.4952 132.451 194
94.258 131.863 195
-------------
79 139 191
79.9559 138.754 192
80.6024 138.726 193
81.3679 138.567 194
82.2911 138.272 195
-------------
88 139 191
88.6993 138.718 192
88.9219 138.6 193
89.6387 138.441 194
90.743 138.213 195
91.9577 138.032 196
93.1488 137.802 197
94.065 137.764 198
95.0554 137.536 199
-------------
85 142 191
85.6588 141.768 192
85.8984 141.653 193
86.5822 141.48 194
87.684 141.263 195
88.9021 141.121 196
90.0728 141.053 197
91.1706 141.001 198
92.1481 140.741 199
-------------
94 145 191
94.1809 144.91 192
94.365 144.789 193
94.9921 144.634 194
-------------
79 127 192
79.7475 127.082 193
80.3812 127 194
81.0228 126.356 195
81.7816 125.318 196
82.6078 124.597 197
83.5001 124.613 198
84.6895 124.4 199
-------------
88 142 192
88.2129 141.88 193
88.8946 141.708 194
89.9871 141.492 195
91.2058 141.342 196
92.3706 141.262 197
93.446 141.195 198
94.4172 140.943 199
-------------
82 145 192
82.6097 144.947 193
83.3165 144.771 194
83.8394 144.604 195
-------------
79 148 192
79.597 147.929 193
80.016 147.759 194
80.5154 147.592 195
-------------
79 130 193
79.6012 129.924 194
80.3106 129.316 195
81.1324 128.441 196
82.0079 127.765 197
82.8853 127.767 198
84.0696 127.555 199
-------------
79 133 193
79.5537 132.904 194
80.3075 132.337 195
81.0826 131.596 196
81.9345 130.99 197
82.7485 130.98 198
83.9078 130.762 199
-------------
91 136 193
91.7366 135.85 194
92.7942 135.543 195
93.9801 135.343 196
94.9397 134.997 197
95.8179 134.929 198
96.8123 134.716 199
-------------
94 136 193
94.766 135.854 194
95.9579 135.627 195
97.1441 135.431 196
98.054 135.107 197
98.9177 134.994 198
99.8865 134.788 199
-------------
82 148 193
82.4731 147.818 194
82.9698 147.649 195
83.4561 147.549 196
83.5339 147.465 197
83.7216 147.392 198
84.05 147.153 199
-------------
79 151 193
79.397 150.845 194
79.8585 150.695 195
-------------
82 151 193
82.4233 150.829 194
82.8968 150.668 195
83.3941 150.568 196
83.4977 150.491 197
83.6777 150.438 198
83.9603 150.273 199
-------------
97 127 195
97.8337 126.552 196
98.6444 126.263 197
99.5492 126.137 198
100.088 125.958 199
-------------
103 133 196
103.909 132.686 197
104.691 132.449 198
105.293 132.332 199
-------------
106 133 196
106.83 132.713 197
107.634 132.503 198
108.197 132.382 199
-------------
106 136 196
106.842 135.711 197
107.579 135.472 198
108 135.32 199
-------------
